2.593528686251415083e-01
5.071302256615906751e-02
2.920232423371748112e-02
2.070737815849399421e-02
2.045936329635269363e-02
2.000605798925688891e-02
1.903696625328153008e-02
1.534174012407121118e-02
1.446719700082232940e-02
1.374660485942691412e-02
1.338336801180778877e-02
1.006832497350949700e-02
9.242753222395804283e-03
9.238680520476976604e-03
8.670324005029740599e-03
8.027043514043933486e-03
7.782394506680120373e-03
7.635624332287096853e-03
7.575138005097220746e-03
7.477131623386788946e-03
7.297931320238890650e-03
7.162492784413981156e-03
7.002566295192394832e-03
6.928044777944788839e-03
6.769549570178014751e-03
6.683955208832053317e-03
6.663510496758189364e-03
6.214763111954669378e-03
5.996396519856943275e-03
5.934564687791649834e-03
5.856930817163407028e-03
5.844443229661938286e-03
5.802739821323228513e-03
5.538997054683959115e-03
5.207790917201842590e-03
5.110469439469110704e-03
4.947977894511351379e-03
4.865715115012811398e-03
4.854494086823416509e-03
4.708366207645738565e-03
4.581008516545906004e-03
4.510891480572185724e-03
4.377434489768679965e-03
4.341437976127679628e-03
4.094133437642641545e-03
4.055086392951134586e-03
3.985954515434089393e-03
3.964209928578188089e-03
3.963663311837426623e-03
3.924180227221588969e-03
3.888902961185219595e-03
3.787742152283383144e-03
3.759582242490269646e-03
3.705825860949280015e-03
3.693283524394875943e-03
3.665022841111613069e-03
3.606882404009451384e-03
3.566835785983752012e-03
3.431989433803604890e-03
3.420481246052108331e-03
3.416640482529194420e-03
3.313324335760778859e-03
3.312301737238738508e-03
3.284424534394507142e-03
3.264268424640027859e-03
3.169609401131227942e-03
3.112419060168720650e-03
3.084423654528090780e-03
3.076036431356898859e-03
2.957924227475568994e-03
2.901085906401754295e-03
2.883616033156549859e-03
2.848198137901860640e-03
2.817839836309211487e-03
2.784054721399209682e-03
2.773150141595776604e-03
2.770992434112344496e-03
2.671639695060379870e-03
2.646787145124599241e-03
2.620446515904694632e-03
2.537964676255527463e-03
2.530870846186238435e-03
2.451555007644999444e-03
2.447485592599698157e-03
2.418761654695564429e-03
2.401107333943062853e-03
2.385940771348510261e-03
2.375689125109623021e-03
2.356903400484762576e-03
2.345523183749778813e-03
2.331626000398693936e-03
2.321120352911218345e-03
2.263502172170821138e-03
2.207763726667132890e-03
2.187427824763777708e-03
2.165739531929060553e-03
2.158508121534030624e-03
2.149906229876358005e-03
2.103393334516141192e-03
2.040586727332264778e-03
2.029991611599454328e-03
2.016692290459269968e-03
2.012988748845352758e-03
1.998896754369783226e-03
1.953670086486689137e-03
1.951425655827441303e-03
1.868766243082518094e-03
1.865040473226537050e-03
1.813399782000372270e-03
1.810587001832487941e-03
1.806034702865264236e-03
1.740213975356359483e-03
1.700495699966376529e-03
1.697903641367342004e-03
1.697265292498900419e-03
1.681476740971282269e-03
1.650977985662336342e-03
1.644066913790033025e-03
1.637712911101581919e-03
1.633556887132860862e-03
1.632581877588966694e-03
1.630298471415486151e-03
1.618522984546535504e-03
1.583746131890968224e-03
1.568496134936834879e-03
1.551806633255411409e-03
1.543299640762582896e-03
1.529268531257946349e-03
1.522214793002372134e-03
1.509928704228188359e-03
1.504215375342649041e-03
1.486625656520830421e-03
1.472070201429947394e-03
1.468741523073308162e-03
1.456551175666796153e-03
1.429782650987083351e-03
1.369771180137854816e-03
1.345205426064050502e-03
1.339687293140986741e-03
1.337922277265211728e-03
1.336303208160562412e-03
1.302301860398983029e-03
1.291997543075929303e-03
1.291770616462832415e-03
1.269996740149240090e-03
1.243168692900560720e-03
1.236411779750575934e-03
1.196025750819495852e-03
1.191196394662080629e-03
1.167791470491487404e-03
1.163618495734523688e-03
1.154126794615428688e-03
1.148452221101486188e-03
1.115239661457508849e-03
1.113325733708121464e-03
1.111826603440358449e-03
1.088379789533244985e-03
1.086688836592632559e-03
1.066281393376933978e-03
1.040454314766881732e-03
1.031421173480081893e-03
1.010948990159991770e-03
1.006863670327827736e-03
9.893624602088039316e-04
9.691099384854572150e-04
9.578831819458235100e-04
9.567420795005468883e-04
9.510710469597157945e-04
9.488827571628738076e-04
9.367364058142130419e-04
9.261361648448842004e-04
9.228674839168012284e-04
9.176564722558062763e-04
8.779658726366047685e-04
8.712648255146900923e-04
8.540990447178915899e-04
8.327141438185740440e-04
8.255362625643460029e-04
8.049993899802936450e-04
8.012799717820997874e-04
7.776569642954222084e-04
7.759710086063169136e-04
7.697625264065957292e-04
7.695195562298939342e-04
7.624557638404534437e-04
7.550601565172757003e-04
7.450900537190566653e-04
7.363780735340545941e-04
7.137589396425483325e-04
7.120156401560366654e-04
7.033315710071659944e-04
6.986815523073977748e-04
6.974721972824088128e-04
6.907782482349919886e-04
6.756429218044118345e-04
6.726275160606151084e-04
6.702700370567724096e-04
6.652356923536411303e-04
6.624807326807608020e-04
6.517145121074435429e-04
6.321232145280598728e-04
6.317998580182426641e-04
6.241398155373758128e-04
5.897991171009330175e-04
5.778589889546316156e-04
5.710147646833872541e-04
5.600913823208573472e-04
5.468294216366857219e-04
5.395095873135001075e-04
5.137233413891701891e-04
5.048239195868241703e-04
4.843276259231391653e-04
4.708416117481223199e-04
4.515956688311488325e-04
4.491813094577902250e-04
4.437524395879316507e-04
4.211869281684503443e-04
4.147423882862909857e-04
4.147036761696064073e-04
4.120943107844509106e-04
4.100005028115128488e-04
4.077107509044916741e-04
4.042505514291119947e-04
3.941720997021895719e-04
3.879084751889913052e-04
3.757975128607857749e-04
3.678792301268264415e-04
3.664569725940428763e-04
3.637682837304173525e-04
3.626717178334617369e-04
3.615860894564606890e-04
3.584258240249608399e-04
3.569489451124990571e-04
3.258765800281417904e-04
3.234670650967082684e-04
3.134819293115450917e-04
3.010588964980308031e-04
2.968002147003781944e-04
2.967234385006168782e-04
2.924510384724126970e-04
2.784209522701033010e-04
2.691894739615818691e-04
2.614902110218408622e-04
2.593797330716367169e-04
2.588920448413191216e-04
2.419756927575473582e-04
2.379232917976817124e-04
1.968462302857007518e-04
1.905850698463233922e-04
1.808433075233315370e-04
1.736050940923503821e-04
1.650781452498828212e-04
1.602652784911045376e-04
1.585298506049517895e-04
1.584017706708758201e-04
1.539923800890545080e-04
1.531599038624084370e-04
1.466732551352301864e-04
1.419138981427217562e-04
1.213554732281639910e-04
1.069313317129970192e-04
1.001271686305497895e-04
8.848263700358412849e-05
7.495983598604679776e-05
6.612261313565104411e-05
6.255203668425561570e-05
4.634939993372474097e-05
1.715075619823355484e-05
1.697434151296020848e-05
1.391671243118177918e-05
8.521281993616722418e-06
0.000000000000000000e+00
0.000000000000000000e+00
0.000000000000000000e+00
0.000000000000000000e+00
0.000000000000000000e+00
0.000000000000000000e+00
0.000000000000000000e+00
0.000000000000000000e+00
0.000000000000000000e+00
0.000000000000000000e+00
0.000000000000000000e+00
0.000000000000000000e+00
0.000000000000000000e+00
0.000000000000000000e+00
0.000000000000000000e+00
0.000000000000000000e+00
0.000000000000000000e+00
0.000000000000000000e+00
0.000000000000000000e+00
0.000000000000000000e+00
0.000000000000000000e+00
0.000000000000000000e+00
0.000000000000000000e+00
0.000000000000000000e+00
0.000000000000000000e+00
0.000000000000000000e+00
0.000000000000000000e+00
0.000000000000000000e+00
0.000000000000000000e+00
0.000000000000000000e+00
0.000000000000000000e+00
0.000000000000000000e+00
0.000000000000000000e+00
0.000000000000000000e+00
0.000000000000000000e+00
0.000000000000000000e+00
0.000000000000000000e+00
0.000000000000000000e+00
0.000000000000000000e+00
0.000000000000000000e+00
0.000000000000000000e+00
0.000000000000000000e+00
0.000000000000000000e+00
0.000000000000000000e+00
0.000000000000000000e+00
0.000000000000000000e+00
0.000000000000000000e+00
0.000000000000000000e+00
0.000000000000000000e+00
0.000000000000000000e+00
0.000000000000000000e+00
0.000000000000000000e+00
0.000000000000000000e+00
0.000000000000000000e+00
0.000000000000000000e+00
0.000000000000000000e+00
