8.986682444824971583e+01
1.137691984946043959e+02
8.796937745954612353e+01
8.128939102333066558e+01
9.615272009764223071e+01
1.155728637397134122e+02
9.323014331950474798e+01
1.129269338641527298e+02
9.276482777608157448e+01
9.373553430596571445e+01
8.120016584964818662e+01
1.087512432246403762e+02
1.009742736878254163e+02
8.791573715762903873e+01
8.412423371213134260e+01
9.250214782541543457e+01
8.374231174889247598e+01
9.559838726458653468e+01
1.019699614006945865e+02
8.450303461741333422e+01
8.446944820857441982e+01
1.024090483221403503e+02
8.257503840793725658e+01
1.185707629278065411e+02
1.165462350413243513e+02
1.018536238022018665e+02
9.873012846152442989e+01
8.805327532273241786e+01
8.293587078668370793e+01
9.873012846152442989e+01
1.114363378756132335e+02
1.051165611065510177e+02
1.146497081757054985e+02
9.470808069200225532e+01
9.953488425297547337e+01
1.080195909409907671e+02
1.072847855845319174e+02
1.082865797369129126e+02
1.020242111484854775e+02
9.657957115702292583e+01
1.099135427753362109e+02
1.106988162536842282e+02
1.128481305706069264e+02
1.165752123404484308e+02
1.157969307079826535e+02
1.046753894571812253e+02
1.037945929423240585e+02
1.010115012582658522e+02
8.207758362916575834e+01
9.171957293545048628e+01
1.074188776380333081e+02
1.116615944246205174e+02
9.151449066664416421e+01
1.120289875172124994e+02
9.238768980138465281e+01
8.212873083465333934e+01
9.705155994293841104e+01
9.368352033667602541e+01
1.094527448698098198e+02
9.654490474996853777e+01
1.001467044189470812e+02
1.053170793651814989e+02
8.446944820857441982e+01
8.548655345449718368e+01
8.396096280710042947e+01
1.200464787655185006e+02
8.446944820857441982e+01
9.394481964904073834e+01
1.229183867553488057e+02
1.237355181409744063e+02
9.099017286993765197e+01
9.510065418982819097e+01
1.157326452052121226e+02
1.158901031926653218e+02
1.001780073180313764e+02
1.086494090095180240e+02
1.093191633787805159e+02
1.104536423189144330e+02
1.094197400609815105e+02
1.023492050578893497e+02
1.267678967086878856e+02
1.109285032210285067e+02
1.134617830768421385e+02
1.174028796660043383e+02
8.353694820857441528e+01
1.149202744469336039e+02
9.759115220705584193e+01
1.090648963076187528e+02
1.179969021631033854e+02
1.183217368475780944e+02
9.397157799105750087e+01
1.144316881762473912e+02
1.144897532198886125e+02
9.646318464198219544e+01
1.122155332792397644e+02
1.167984548165422893e+02
9.599405945044509281e+01
1.079227967857393082e+02
1.160470812146428727e+02
1.020014200591578799e+02
1.088745691063278684e+02
1.101881815860072464e+02
1.022172623885585665e+02
1.127702746818910668e+02
1.111657417472993217e+02
1.072431764201810580e+02
1.050700860934075109e+02
1.050379454064085678e+02
9.500448067536251529e+01
1.283654802550973102e+02
1.104406497912082017e+02
1.101200480661517958e+02
1.055389248169468459e+02
1.210345768029184512e+02
9.991225154479280945e+01
1.086628464189418821e+02
8.211870409668540560e+01
8.312931573481733949e+01
1.040005272386222828e+02
1.210289345011173481e+02
1.105464679546414715e+02
1.094777736842600859e+02
1.139288632401750476e+02
1.141221763793174944e+02
1.044012704064379307e+02
1.128237719305592037e+02
1.118611449628298118e+02
1.092722882753838292e+02
1.143372519944961994e+02
1.122180633175016879e+02
1.216142419203301870e+02
1.021724758942753795e+02
1.071419862325599155e+02
1.112003278038144600e+02
9.466753962246622223e+01
1.089697795111957106e+02
1.254232353951340286e+02
1.086056629280691226e+02
1.126586964538576012e+02
1.056187650147140857e+02
1.229808946730188666e+02
1.133479466116391166e+02
9.595605935778161211e+01
1.105400593175200328e+02
1.344366866854026341e+02
1.019563476475358641e+02
1.122535133847326279e+02
1.012622121017922012e+02
1.410921634544106098e+02
1.122221660299205155e+02
1.112648034395947434e+02
1.047326844795897500e+02
1.046513879006082277e+02
1.046746261362953874e+02
1.173841316728318702e+02
1.289622348011430120e+02
1.028745673565856151e+02
1.134968485686495114e+02
1.011178359585206721e+02
1.081522847353789842e+02
9.648857808459882790e+01
1.277081157132424920e+02
1.325271819302296308e+02
1.129269827572667708e+02
1.070946263302184178e+02
1.126892069349537593e+02
1.223172798872025027e+02
1.174407470141470640e+02
1.218360278049723604e+02
1.078711904127437862e+02
1.031413827014362568e+02
1.023766613185101733e+02
1.148801994538029589e+02
1.130714709502804709e+02
1.077831756239868071e+02
1.063464447250144644e+02
1.130690998232216202e+02
1.076189367533914520e+02
1.062625670775722995e+02
1.037774195887099609e+02
1.082422112090593203e+02
9.746490503559448371e+01
1.022610293310426641e+02
1.004926295063141310e+02
9.670025440759678759e+01
1.144884101739809239e+02
9.872368726049526799e+01
1.079424300640413890e+02
1.205140276623179858e+02
1.024651517212826093e+02
1.012035452733932885e+02
9.544925018155267082e+01
1.128784828884611642e+02
9.868621312559147896e+01
1.200074217186072048e+02
1.281168895746512248e+02
1.003801782508153480e+02
1.025543270588668605e+02
9.816318411048554538e+01
1.341599932895437917e+02
1.172834520478646994e+02
1.033016441768658638e+02
1.126044282378240950e+02
1.178314114233887153e+02
1.141364711705312089e+02
1.091264118105916907e+02
1.039090204470891621e+02
1.049536467768945585e+02
9.987435193287056734e+01
1.178823961124294186e+02
1.276076336631900432e+02
8.405322555158258524e+01
1.120320245714502931e+02
1.122496903441699487e+02
1.074434599943293449e+02
1.077404051461874985e+02
1.018508088150828144e+02
1.067881502221145240e+02
1.107409311453553329e+02
1.438051299487071901e+02
1.253781241723310131e+02
1.250240714131031154e+02
1.330340486672164673e+02
1.168421405493039344e+02
1.188629075376878603e+02
1.145165427629135735e+02
1.152416311165231093e+02
1.190395749073354068e+02
1.215091168217804949e+02
1.107329836407443651e+02
1.105304050717288078e+02
1.243670761199711308e+02
1.242409609003900215e+02
1.213719075276548836e+02
1.315975197698624868e+02
1.014190808718732058e+02
1.097817810949722599e+02
1.284446845070866914e+02
1.258090073742035173e+02
1.089168644751874382e+02
1.119733632689984830e+02
1.202122505595070976e+02
1.048590623176775978e+02
1.335334662393776739e+02
1.173801479987799752e+02
1.307492876283618273e+02
1.160456504380679092e+02
1.169648807875596361e+02
1.200591867621707394e+02
1.189660391020330934e+02
1.359969727097551129e+02
1.216168732106151396e+02
1.066434229836785050e+02
1.130070541154425854e+02
1.231367360748215987e+02
1.161194260149947439e+02
1.163520463358503605e+02
1.163520463358503605e+02
1.139143186538561991e+02
1.342017764133679236e+02
1.307993529901106626e+02
1.333888855889716751e+02
1.057877031034320368e+02
1.168737361351489170e+02
1.108327078347264631e+02
1.161646394132363866e+02
1.237938602376997892e+02
1.158105389284696543e+02
1.260156201293333140e+02
1.179581659124721824e+02
1.213455843953604472e+02
1.340507859838622267e+02
1.286503556766235761e+02
1.116134552292658810e+02
1.226294780248046692e+02
1.322163061187197286e+02
1.188037044084003355e+02
1.297346128622171761e+02
1.111818118912022584e+02
1.069303010629805328e+02
1.367517189967829268e+02
1.336541010118538111e+02
1.345350872038788168e+02
1.344470270652130921e+02
1.059337038668491857e+02
1.118945432638344641e+02
1.095203034465848191e+02
1.055382949096463392e+02
1.040899468651380460e+02
1.170618413738563817e+02
1.432146923947867094e+02
1.141714765792117987e+02
1.148789480169453157e+02
1.233957836589246568e+02
1.000316486744962106e+02
1.105895229670483388e+02
1.182203775121318898e+02
1.246201450383370286e+02
1.241906876017729218e+02
1.207680256677986961e+02
1.087737814171509285e+02
1.254105518297521229e+02
1.150049494514405097e+02
1.068149963715411843e+02
1.262467514583073012e+02
1.319152290067091542e+02
1.293116266677679960e+02
1.185676538399451232e+02
1.214457503073401483e+02
1.362447417434576096e+02
1.239745860343233801e+02
1.412743085058163786e+02
1.024809250814873423e+02
1.303436998637120610e+02
1.101548605247794228e+02
1.397095062726323533e+02
1.331107578167518852e+02
1.152541442716722173e+02
1.198804167816296058e+02
1.222788085263741635e+02
1.234131835131164081e+02
1.413810691297989592e+02
1.229971268062853227e+02
1.411706219822326318e+02
1.491824083159568772e+02
1.429711573372109115e+02
1.087709524198882463e+02
1.216050758696132732e+02
1.478405549688575320e+02
1.074449010648886969e+02
1.265036235160103502e+02
1.283911581054703674e+02
1.259464000582680967e+02
1.390792489077762752e+02
1.408149172058207341e+02
1.137471202981607945e+02
1.296245275911581132e+02
1.412890450887045404e+02
1.252404779647596627e+02
1.407994012492085858e+02
1.376346064164748668e+02
1.357261703075645300e+02
1.287199564863288686e+02
1.502307770443412664e+02
1.126871038029425165e+02
1.248248614880691321e+02
1.480668399620656714e+02
1.323546723052120058e+02
1.429029326470854073e+02
1.423106952363953042e+02
1.216882920220423756e+02
1.458457450200714902e+02
1.379763500174593105e+02
1.262417473456042103e+02
1.328384558164859186e+02
1.173956830156718922e+02
1.269032653039374452e+02
1.316511906986939664e+02
1.346239252152499830e+02
1.134507588644164429e+02
1.463545393313796126e+02
1.177768231664307734e+02
1.454950522477752202e+02
1.353804848479324505e+02
1.155836823730012810e+02
1.503782322509919140e+02
1.235981823497270398e+02
1.219629019007231818e+02
1.344116617079472462e+02
1.408714643276426841e+02
1.370356896077393003e+02
1.228817517288223797e+02
1.230522222484701302e+02
1.242425905657246403e+02
1.182204145369822896e+02
1.213515111667976072e+02
1.353366752196123173e+02
1.167575239088530310e+02
1.334241527687257474e+02
1.291919372300874045e+02
1.215223384830424607e+02
1.456192204675411688e+02
1.249650625696811517e+02
1.465976329982088373e+02
1.365784511061537501e+02
1.314295360561926600e+02
1.515487909477247399e+02
1.348643700394636369e+02
1.408903535802728015e+02
1.471531900512667335e+02
1.516951868521306324e+02
1.192893015191020680e+02
1.395082844337092354e+02
1.556389334380277774e+02
1.528224483122368724e+02
1.395129788735109173e+02
1.316174833044312322e+02
1.198339975919915901e+02
1.460222702353856334e+02
1.480549149513412317e+02
1.271107181205835985e+02
1.249960954321745703e+02
1.304743655755260363e+02
1.292726274055628721e+02
1.477992009029745475e+02
1.264209440497169936e+02
1.453094914253849765e+02
1.559988600833649741e+02
1.478964628758676270e+02
1.367304829977567522e+02
1.570198467656722130e+02
1.567467508201137321e+02
1.464740598093324593e+02
1.416194635727104583e+02
1.270709239290659127e+02
1.189464255234608032e+02
1.294432832799593598e+02
1.355108359565997205e+02
1.361702059884025573e+02
1.400546705523510980e+02
1.332819210742431721e+02
1.463846717996091229e+02
1.347870406204636993e+02
1.399871704987658632e+02
1.524629031194808704e+02
1.510943455902502421e+02
1.436765703221440162e+02
1.521432593923195213e+02
1.559486587703130738e+02
1.553631411081593967e+02
1.268523850510294011e+02
1.166864132316653837e+02
1.386785083564189733e+02
1.208417668604434283e+02
1.405454632679854399e+02
1.181806724046268755e+02
1.499080127093795340e+02
1.424341617655999812e+02
1.541372708525110795e+02
1.274439215596206765e+02
1.436343519198489105e+02
1.575506381084489362e+02
1.515391068002936663e+02
1.559257471665597166e+02
1.389355054323286254e+02
1.411325417921565304e+02
1.313936347197407315e+02
1.571708045578800181e+02
1.352801541889925829e+02
1.610623706774587163e+02
1.491976811143656505e+02
1.569539426515048604e+02
1.291593565787012210e+02
1.638169768714490715e+02
1.598565964479641934e+02
1.649778667252416540e+02
1.650937513406262553e+02
1.637833021730965299e+02
1.413686244077648837e+02
1.378054801456381995e+02
1.272035282865857937e+02
1.317228083833388439e+02
1.337856495209228740e+02
1.401499149802091893e+02
1.249806815652455612e+02
1.255539168593632127e+02
1.379867328400166002e+02
1.546878251682337577e+02
1.448831332037713651e+02
1.437929617107749607e+02
1.507867271282347303e+02
1.284218510330695437e+02
1.343098577728113128e+02
1.552682502507894640e+02
1.504505320793360568e+02
1.413582392058551704e+02
1.253699293751106723e+02
1.282619746810754009e+02
1.591601699853949015e+02
1.597534845601978475e+02
1.500419659225790383e+02
1.493998643265495048e+02
1.530517671674695634e+02
1.289768589455730137e+02
1.515919183839374682e+02
1.590546129695565014e+02
1.572247494248961459e+02
1.623922409922346617e+02
8.337786987989684917e+01
1.515583181627212639e+02
1.240756591161689641e+02
8.290605105299015065e+01
9.566725615028920515e+01
8.323217376145908020e+01
8.926622865031454523e+01
9.024893167353671686e+01
1.425406922773632346e+02
8.375354606696015480e+01
9.405996809233262468e+01
9.387514473108171842e+01
1.271091103071292565e+02
8.098598833618686399e+01
1.096271623445284575e+02
1.485579852003857866e+02
8.261159625354815716e+01
8.795677879687414702e+01
1.041490253679226043e+02
6.878989607623950064e+01
8.380688457261135227e+01
7.246223820095991641e+01
1.271331603006195650e+02
1.121512460682494350e+02
1.136431530512729040e+02
1.197122118181322890e+02
8.418478668904819529e+01
1.043434083623135535e+02
1.540854572485369260e+02
1.096430740987005805e+02
8.367747772303410159e+01
8.551629612273742964e+01
8.353694820857441528e+01
9.993861354413562026e+01
9.369579502606258359e+01
8.264605798977174800e+01
1.134738002802045003e+02
8.277625021413000184e+01
8.277625021413000184e+01
1.023651336813258723e+02
8.536392447221277280e+01
5.760213137400409522e+01
7.431240452141631181e+01
1.514105896787758638e+02
1.341757144232724670e+02
1.104989255814565041e+02
1.026425625456100050e+02
8.332671856785344744e+01
1.031840500285883877e+02
9.146274286809887144e+01
9.364732534047664103e+01
1.095872936619025211e+02
1.098087153699750189e+02
1.208202997852796443e+02
1.303715131199609232e+02
1.076795179944774787e+02
1.258929774838057938e+02
1.130266799871336474e+02
8.246935610643073744e+01
9.283348454087081336e+01
1.101442976620388094e+02
8.604912459190512664e+01
8.307338290083302468e+01
8.334282124950789239e+01
8.264375904119587801e+01
1.090500531214779727e+02
8.374968363426276596e+01
9.872620403614902784e+01
1.009100121881290875e+02
8.960308829401704145e+01
1.145532533500880135e+02
9.941563629101165134e+01
1.029535513252156136e+02
1.132765150157918157e+02
1.200774672811893424e+02
1.232796083977986541e+02
1.215163970704497132e+02
1.021730883514860011e+02
8.368482574908193783e+01
8.191925029583242690e+01
1.013784232088809318e+02
8.197039750131999369e+01
8.732967753756628326e+01
9.527184433320316259e+01
1.072528371581732216e+02
8.439816747190047863e+01
1.128256136058806476e+02
9.432785419336602217e+01
9.854668853846287391e+01
1.183161908598882661e+02
1.170361238534428736e+02
8.847882071263936155e+01
1.044824310392579889e+02
1.190406919368560494e+02
1.192407042246228315e+02
1.297188294406312536e+02
1.150015210951945477e+02
1.098528852567017822e+02
1.092595172920073026e+02
1.506840406281556568e+02
1.472320753660061143e+02
1.506997825219724234e+02
1.082812499134514326e+02
1.285014465091843476e+02
8.379143437245336656e+01
8.207758362916575834e+01
1.093081627924426442e+02
1.202737694563244730e+02
1.067283089733590913e+02
1.056106830827779817e+02
1.180488514499472927e+02
1.173981485918435652e+02
1.392124791212726507e+02
1.494089995001165789e+02
1.392139246239177623e+02
1.545655644076012720e+02
