8.968816262562040720e+01
1.100618549369265224e+02
9.080332785963345543e+01
8.299744018743676577e+01
8.744909900331285257e+01
1.135030243617026855e+02
9.672954841487305089e+01
1.084460806235251198e+02
9.047275743347734078e+01
9.431849189064219274e+01
8.208757784242033040e+01
1.057438002530638386e+02
9.182377347420595015e+01
1.078587800106670755e+02
8.970196462390775594e+01
1.022730479655764242e+02
1.018965027484917982e+02
9.217133358486965733e+01
8.440762338345902549e+01
8.872563031715654347e+01
9.424731794004333096e+01
1.064192823709212377e+02
9.649849502228062192e+01
8.212596382660832717e+01
1.054992432918455449e+02
8.280696716361165954e+01
1.027885347690601066e+02
9.836221368736552506e+01
8.716167084957250211e+01
8.232471738786188098e+01
9.891886719151902696e+01
1.064514201904738826e+02
1.064325446868044622e+02
1.066667382506396109e+02
9.514198154030798094e+01
9.480328903230514470e+01
9.899320504370217577e+01
1.042849415327728764e+02
1.089501068739733967e+02
1.037974357837020563e+02
1.009976126562187773e+02
9.529453234519704097e+01
1.172410456348927852e+02
1.090349633954412809e+02
1.204363184984099036e+02
1.109525420549322092e+02
1.057168538545367511e+02
1.036216364218732622e+02
1.036564021023851012e+02
1.008066938225131395e+02
8.245954371314294917e+01
9.122109475024979020e+01
8.285274877379174541e+01
8.852137450759786930e+01
1.072854500044784629e+02
9.343817145460944573e+01
8.667214835000739015e+01
8.279324289285281679e+01
9.422622005768995734e+01
1.040669311371636354e+02
9.637142705432437140e+01
1.004361342715727119e+02
9.863249109420848981e+01
9.767435401810188011e+01
8.374775161412277669e+01
8.560085019517197225e+01
8.400743104950284135e+01
1.233280518163753783e+02
8.356288463446708192e+01
9.616419950889877555e+01
1.239312508919252735e+02
1.236503282461873994e+02
9.255069091089043809e+01
9.463367292810650611e+01
1.075588473499955313e+02
1.087995188673167348e+02
1.034942654267816948e+02
1.064795908926169687e+02
1.101097065728751687e+02
1.053257993417675635e+02
1.162290395936594081e+02
1.092964258307186611e+02
1.108331126059390499e+02
1.113151154353612640e+02
8.356288463446708192e+01
1.170585448735134833e+02
1.259386820867445351e+02
9.846830295886070417e+01
1.095074251714927698e+02
1.235113944713395711e+02
1.101206296712814634e+02
9.449460884908511105e+01
1.101778230531876801e+02
1.147114734841035641e+02
1.049602653836975179e+02
9.609075876695555962e+01
1.069214337248794919e+02
9.474210531088769471e+01
1.080224611156862125e+02
1.196088183123247148e+02
1.055160675618299422e+02
1.063403533416745859e+02
1.142936488712063579e+02
1.018942503471581773e+02
1.114420303774678445e+02
1.072085236868146296e+02
1.060554421665529503e+02
1.040636032819847543e+02
1.074627433400922882e+02
9.773490244342417554e+01
1.203304854101340595e+02
1.250914398848579197e+02
1.266263446858837511e+02
1.093604802477743903e+02
1.062308071500919198e+02
1.057009173350458582e+02
1.029568249560357600e+02
8.272070827314223607e+01
8.280308353369461827e+01
1.015620344681878464e+02
1.148012403424914964e+02
1.098741384839329100e+02
1.100088098226570708e+02
1.099835189001585150e+02
1.050307458708769559e+02
1.080692848536758390e+02
1.063821472635736711e+02
1.179503708694449102e+02
1.076715969764114647e+02
1.160242649818283240e+02
1.106695112658215550e+02
1.141395190282395902e+02
1.190079649881566155e+02
1.011272609185411540e+02
1.061297200582047395e+02
1.049127232543304302e+02
9.473884864804642802e+01
1.104708284435307206e+02
1.308821314786316066e+02
1.057991868291745732e+02
1.088380278531407157e+02
1.070174073124688903e+02
1.230062005263947071e+02
1.110945663220823718e+02
9.671709375638890549e+01
1.102300346658165751e+02
1.295422348553046845e+02
1.008035520572752120e+02
1.131035045863120274e+02
1.013767619132237030e+02
1.101186866136212075e+02
1.108825767264145838e+02
1.068538480385871594e+02
1.075506461079735203e+02
1.029549451062179202e+02
1.052719324489533790e+02
1.032353868487976314e+02
1.201463928090315960e+02
1.298758735248008804e+02
1.046987536074130389e+02
1.095303432238894743e+02
1.013765000001730243e+02
1.122931619255024032e+02
9.770376192853345287e+01
1.239088483311162037e+02
1.263083347240341112e+02
1.128546493109629125e+02
1.074560731675594099e+02
1.303257124811568133e+02
1.102036354929016113e+02
1.197424136646344550e+02
1.365406467001965893e+02
1.112912826251494920e+02
1.049489135269717792e+02
1.035927930704438040e+02
1.117660156004371430e+02
1.112204941798804185e+02
1.074178712646544511e+02
1.091053343328861160e+02
1.111001308192143853e+02
1.089875211732003635e+02
1.077008128102051501e+02
1.076825575968921669e+02
1.102755815512756783e+02
1.140366274099655470e+02
9.957332613109154806e+01
9.769901396554541861e+01
1.019030145187301599e+02
9.755421857198794555e+01
1.000622693114768538e+02
1.056001404205739078e+02
1.195701082993382016e+02
1.056134706352433454e+02
1.114296730728231921e+02
9.996437009049159883e+01
1.173921821764706976e+02
1.132395155636998396e+02
1.245798247574192743e+02
1.022714330576892365e+02
1.071035817353187838e+02
9.644022616485216304e+01
1.394080262739871330e+02
1.025238057470935900e+02
1.082441756525165886e+02
1.132276758918401640e+02
1.096755635056077409e+02
1.059018174928415306e+02
1.019634465568813226e+02
1.027542103477611164e+02
1.007622186764649967e+02
1.129178791131734556e+02
1.294109813836516025e+02
8.381529849933946252e+01
9.976767454327818996e+01
1.206137603091903827e+02
1.023609803443308266e+02
1.139761540911152196e+02
1.081954950783630096e+02
1.082004689291750168e+02
1.022076474064618452e+02
1.112371085223261389e+02
1.120471215541074628e+02
1.450846704629826718e+02
1.215846232062769161e+02
1.191532055733065931e+02
1.384883218473377724e+02
1.165245876493916484e+02
1.197582109631088088e+02
1.139246135505307933e+02
1.198939709049801081e+02
1.102501313379581802e+02
1.223296458193432557e+02
1.132858985228937456e+02
1.136511526155985763e+02
1.226989458479909700e+02
1.228480384797666574e+02
1.143470693301532464e+02
1.308031475708197604e+02
1.036488761284146278e+02
1.072858195154239667e+02
1.327041736738599695e+02
1.273919625567384344e+02
1.119341273634352092e+02
1.095515791420934875e+02
1.222557743459924922e+02
1.345075076125426392e+02
1.220916477671526508e+02
1.205308996436247355e+02
1.307418557034586684e+02
1.157069707426310003e+02
1.169975925500992275e+02
1.162222068814682245e+02
1.143649288155852588e+02
1.350979621939230526e+02
1.163843764376905767e+02
1.063559706928935356e+02
1.155874558265504106e+02
1.150245806659161900e+02
1.144218028881384157e+02
1.130251991929058306e+02
1.364264161541666169e+02
1.223466938497503520e+02
1.296611351840832356e+02
1.043545141074064588e+02
1.177496124514136966e+02
1.093894900805483132e+02
1.102601030400116571e+02
1.261464849103088568e+02
1.167421601294251303e+02
1.384737269040673198e+02
1.161810752999466416e+02
1.028113096833495206e+02
1.255215402058356631e+02
1.340757303897226222e+02
1.329203984415910895e+02
1.235123510539305300e+02
1.353880322089567585e+02
1.172304429491522626e+02
1.118657639838514228e+02
1.047291456041320146e+02
1.394908662487679578e+02
1.373338063648202194e+02
1.351753790910136956e+02
1.049202008487986291e+02
1.143223739475230047e+02
1.116335426293966293e+02
1.099864483475920025e+02
1.091383399643523262e+02
1.139338030695361539e+02
1.432145855164123986e+02
1.439836838909176038e+02
1.149982200333048752e+02
1.149777222066527429e+02
1.269393360411097547e+02
1.293563070617697690e+02
1.017566750457505407e+02
1.078681141450287555e+02
1.223477574795967797e+02
1.198245494349292670e+02
1.222037753534892630e+02
1.221319584759110768e+02
1.092900136499257115e+02
1.074213841966038103e+02
1.082451317345575603e+02
1.270865466755855095e+02
1.314091351906402849e+02
1.309159825914581177e+02
1.173358862232675506e+02
1.291246701793993736e+02
1.418603911950814904e+02
1.201267252123989095e+02
1.427528748307618969e+02
1.047671820314234594e+02
1.246491780528546514e+02
1.189313126673584975e+02
1.109704473141470942e+02
1.402197053985605919e+02
1.365072279939123234e+02
1.069930123177080077e+02
1.320958162326227807e+02
1.187557058513896351e+02
1.217976197569245613e+02
1.442307971389618615e+02
1.418839741734392987e+02
1.437410902731016620e+02
1.213929486763536971e+02
1.439437497754654487e+02
1.483750584232191727e+02
1.448943748777743394e+02
1.067079701081885901e+02
1.160449763904209561e+02
1.490565286593836163e+02
1.092712191658977474e+02
1.325495019730102797e+02
1.288468223336941492e+02
1.414122057323574779e+02
1.434938453282460955e+02
1.085234819807088229e+02
1.306750343957534142e+02
1.221096990163188565e+02
1.402452189373217379e+02
1.369111172837060906e+02
1.387875938217818543e+02
1.386526911335921284e+02
1.258442597900537407e+02
1.459803126951743479e+02
1.077167468943592326e+02
1.171176152954510883e+02
1.461002548639269207e+02
1.310546563961878803e+02
1.435103410386690257e+02
1.410283273583821710e+02
1.456240814181317944e+02
1.417712192010337162e+02
1.302238391054390263e+02
1.400277485010946634e+02
1.202585535723777213e+02
1.296155901472476160e+02
1.376325320600615214e+02
1.465174549096336989e+02
1.152802626270799635e+02
1.474376963299062595e+02
1.211743919534022496e+02
1.479051243479324285e+02
1.206182135287648975e+02
1.137759551581724082e+02
1.476953297790680892e+02
1.190269202828588675e+02
1.362967400369586812e+02
1.481045065915711234e+02
1.416392139851922991e+02
1.225650978777047868e+02
1.217999767737853460e+02
1.216620189552050562e+02
1.154631038918494568e+02
1.187100543861645434e+02
1.141983903154275168e+02
1.420401415352521610e+02
1.248065903288329110e+02
1.308696601693939670e+02
1.271321002118506840e+02
1.202587055556647755e+02
1.463192752452453078e+02
1.231027166791189842e+02
1.515929142141693546e+02
1.374105522312809171e+02
1.321792790640589885e+02
1.433562572107364304e+02
1.406250652340225997e+02
1.504212872727077581e+02
1.468307586056321270e+02
1.227987973245043065e+02
1.427928199977076815e+02
1.562611530794357009e+02
1.542795948305314369e+02
1.458963031017020171e+02
1.357318085071924543e+02
1.183027301769089803e+02
1.544898635660385935e+02
1.489252690912447008e+02
1.220753018667628425e+02
1.344314138052210694e+02
1.271615814988268482e+02
1.332103047794587383e+02
1.523391074097944795e+02
1.315172456362534490e+02
1.431873563142252124e+02
1.407428612711654239e+02
1.560445310889730592e+02
1.535290978011063601e+02
1.419035485003692827e+02
1.560276799114550670e+02
1.566687520872966388e+02
1.494626857266807178e+02
1.574615979310831335e+02
1.482678874339838160e+02
1.269192958889421163e+02
1.275857380930556957e+02
1.350800318909749080e+02
1.408983950271259573e+02
1.344019462381275218e+02
1.404311441072647995e+02
1.420207948233129684e+02
1.524511889647250769e+02
1.458789613158622842e+02
1.519276269624683380e+02
1.443994314455582639e+02
1.478059791278251112e+02
1.558948512989628625e+02
1.541378766506489342e+02
1.532801254663519330e+02
1.533219320562540133e+02
1.274059869085503323e+02
1.536596055480891607e+02
1.206317288841121353e+02
1.382305580374760723e+02
1.200280509669529039e+02
1.443157605380664847e+02
1.154786865251332699e+02
1.386459552535532680e+02
1.398802435084348872e+02
1.515947109132706601e+02
1.231891671374614106e+02
1.488099514515850785e+02
1.558014308551653926e+02
1.543395148897528486e+02
1.532973696946982898e+02
1.450362522338629390e+02
1.458332190597492968e+02
1.385825992696655931e+02
1.557857949908201363e+02
1.448105368069956285e+02
1.562467026918579336e+02
1.573625885692898407e+02
1.458820114780045287e+02
1.536884128381522316e+02
1.303273632785601990e+02
1.656002243330417798e+02
1.650788450226969530e+02
1.662023986875496746e+02
1.665181183845193402e+02
1.624230104035675879e+02
1.369436643667307578e+02
1.283645362382696931e+02
1.378977381433855669e+02
1.415763682971224284e+02
1.462300267355602443e+02
1.209779474836417990e+02
1.209779474836417990e+02
1.531127325591426143e+02
1.475076130473693468e+02
1.519733576783829676e+02
1.314809715217088524e+02
1.450710054834358118e+02
1.334948812584672737e+02
1.552665774998127404e+02
1.346444609516861703e+02
1.316022985271249013e+02
1.307385599295025145e+02
1.551368610212841759e+02
1.575957690052822784e+02
1.617439068554812991e+02
1.466603461047887720e+02
1.508756880757214560e+02
1.473037981802019942e+02
1.262556109476005304e+02
1.622600616158805451e+02
1.619825681271549911e+02
1.583294303791709297e+02
1.689800232763479357e+02
8.302492055860230380e+01
1.509280585213676318e+02
1.306471858448776402e+02
8.276822170407498902e+01
9.130772138314139852e+01
8.286473087503925683e+01
8.800787565178485750e+01
7.899707433535070322e+01
1.501236851588957393e+02
8.373850287654310875e+01
9.404975314913340867e+01
9.148962658434005846e+01
1.312011651624229103e+02
8.550092594399319523e+01
1.113336861160170344e+02
1.085957831431334029e+02
1.479611925907587988e+02
8.662800595336942422e+01
9.952125060200303608e+01
8.351717185504926988e+01
6.865182656906532088e+01
8.256322684869890338e+01
1.349667160164850941e+02
1.138633504180911586e+02
1.098959476971011355e+02
1.186568713227012211e+02
8.319419470081587065e+01
1.008290464163476656e+02
1.551014540231193450e+02
9.997817182163854000e+01
8.289527882205433684e+01
8.824866253006625527e+01
8.400035096922205469e+01
1.004361342715727119e+02
1.059884246277017468e+02
8.328138861716399788e+01
8.328138861716399788e+01
7.829659300719528403e+01
9.731340920785771686e+01
8.160699312760377211e+01
5.830743022065668413e+01
1.498379558164037064e+02
8.294679186845422691e+01
1.081245448441897850e+02
1.020922227035657102e+02
8.253944827097956249e+01
1.047203253482276608e+02
9.200893960710902775e+01
9.398271588235431295e+01
1.021350747008998354e+02
1.102580125667063555e+02
1.098722252891511459e+02
1.112287246769227664e+02
1.276938066737701973e+02
1.070134698980269405e+02
1.315894505150050691e+02
1.141554197076219026e+02
8.269799987861097179e+01
9.446646644019183725e+01
8.245904567069015911e+01
8.307397363416134795e+01
8.327398891239019463e+01
1.074710151362576198e+02
8.278959326576901390e+01
9.458968662026614993e+01
1.003436940189993862e+02
9.196603042209595458e+01
1.118570380298913136e+02
1.014373305212730543e+02
1.049422170571029937e+02
1.093106495354206373e+02
1.309560943200878285e+02
1.164062574516551933e+02
1.021882753595175188e+02
8.256322684869890338e+01
8.259134668020922732e+01
8.256756906250303985e+01
1.011379470525228328e+02
8.290557525279795925e+01
8.960744785866565110e+01
9.674256534802785268e+01
8.244044406073243181e+01
1.089648454012376817e+02
9.500374760408534769e+01
9.343228286026931073e+01
8.790138779010584358e+01
1.139257498396163868e+02
1.084321839385356157e+02
1.133295013673113516e+02
1.284259159245916919e+02
1.099849200884971765e+02
1.056332844455114071e+02
1.052242076908829915e+02
1.439888803784545530e+02
1.480831934623867880e+02
1.461283093276481111e+02
1.418876383404693797e+02
1.430979029732772858e+02
1.427639407942689047e+02
1.538575210871265426e+02
1.005505880433904622e+02
1.031399606455921258e+02
1.348015781753310876e+02
8.335886507094417652e+01
8.245954371314294917e+01
1.062478482126614807e+02
1.150764901557929534e+02
1.123709077689394178e+02
1.047159891149408821e+02
1.142159783822742156e+02
1.397222633853371292e+02
1.480504361973449079e+02
1.470493809909370100e+02
1.538680739445090069e+02
