8.761575098878950030e+01
1.082859873088580400e+02
8.238389612005896367e+01
8.970363949397992087e+01
1.129769117671396543e+02
9.647411705207011323e+01
1.086510398151362153e+02
9.626891832056989529e+01
8.303632981548147995e+01
1.067680910446340192e+02
8.783737717111475263e+01
1.083836098213596131e+02
9.097519793177036718e+01
9.704699813831263100e+01
9.796962448565989234e+01
9.013878849563997164e+01
9.289962764654332261e+01
8.517485365515247508e+01
8.958016584087073397e+01
8.430275720659363969e+01
9.317687317646323208e+01
1.137381208835121527e+02
9.271181627466168607e+01
8.331849287338565091e+01
8.352239801278332720e+01
1.032784377797250244e+02
1.167544747736813235e+02
1.108246483685207551e+02
1.046270676980876999e+02
9.898030793418679707e+01
8.824990743064734033e+01
9.957904456085309164e+01
1.061326183899956703e+02
1.030685865247489374e+02
9.719274833719725848e+01
9.577515688126511861e+01
1.018946256779161956e+02
1.022503063864100596e+02
9.906922920419575007e+01
1.034453068321821547e+02
9.793142760473955377e+01
1.104827309824517272e+02
1.106821889244410499e+02
1.085628649946801403e+02
1.151854027762133512e+02
1.129184047049534882e+02
1.114508120417283266e+02
1.012282683505067240e+02
1.043310409351094279e+02
1.012161141092426249e+02
8.310663495410977930e+01
8.372209095603807327e+01
1.097506388185795743e+02
8.842928830133342899e+01
1.071022819014549015e+02
9.701308769438027468e+01
8.728016517672475061e+01
8.351115478702155315e+01
9.862822432157192054e+01
9.649970840376894898e+01
1.055650424902733846e+02
1.005576492609285708e+02
9.933667247599282746e+01
9.959532106282320285e+01
8.352239801278332720e+01
8.379286193030910113e+01
8.283865944028067929e+01
1.218685027690757749e+02
8.352239801278332720e+01
9.817794474158347384e+01
1.155343749695204281e+02
1.208684765502602829e+02
9.526420264989731379e+01
9.841435794551570382e+01
1.058812568312143298e+02
1.080658369514961805e+02
1.089440275361588135e+02
1.138592449191450271e+02
1.085561837328133663e+02
1.090715848372430656e+02
1.126158858537477983e+02
1.045123646558369472e+02
9.887911481842543537e+01
1.055434259756618474e+02
1.120019301926266166e+02
1.112681858093674805e+02
1.192472673347801333e+02
1.003755427525869379e+02
1.056473517990364570e+02
1.166786811250205318e+02
1.198666760651927206e+02
1.027402764078502599e+02
1.125881312334372950e+02
1.111665711925451205e+02
1.004574377416179800e+02
1.080793799190605000e+02
1.000738342442122644e+02
1.073652260980786082e+02
1.093124000017260755e+02
9.757620734097297088e+01
1.062275945425360391e+02
1.121450671692698080e+02
1.112877847619227794e+02
1.143695736205144300e+02
1.061386591353669928e+02
1.061510036000277495e+02
1.073248441956939701e+02
1.052434914759385549e+02
1.038149216155539420e+02
9.740650360855943291e+01
1.170777797376543390e+02
1.229006208929198749e+02
1.172458489931890711e+02
1.085131282005737035e+02
1.036992175783312859e+02
1.233661131858812325e+02
9.972504802848283134e+01
1.101677986063784829e+02
8.351115478702155315e+01
8.436629543057861724e+01
9.652722625395720968e+01
1.183467537208929770e+02
1.070575536051146202e+02
1.070825758105420960e+02
1.092400676452324859e+02
1.095140524838494827e+02
1.103787226259839116e+02
1.087058082026290009e+02
1.185061991029962485e+02
1.088621194395464755e+02
1.202826511218624717e+02
1.116196701329902368e+02
1.131161269340587410e+02
1.213220179344235703e+02
1.020959589625562955e+02
1.063260217889071129e+02
1.060915197433126735e+02
9.772400672293477442e+01
1.075344806150243926e+02
1.228456453476936900e+02
1.038103781894971860e+02
1.091869629554685019e+02
1.073107722813924880e+02
1.231363182131707390e+02
1.100845969336871661e+02
9.971717029369165175e+01
1.108796797385262636e+02
1.265638041175831461e+02
1.022852255962901467e+02
1.132861696738496704e+02
1.394997582597692087e+02
1.127531888239606843e+02
1.106857436548204419e+02
1.067264621232620669e+02
1.025848642780204898e+02
1.036604480156755841e+02
1.068622028116268012e+02
1.022233765147109068e+02
1.158252426516791331e+02
1.265022193532799406e+02
1.063289214695643352e+02
1.108454044067649562e+02
1.003882308575487059e+02
1.113244787168067802e+02
1.008593748870253535e+02
1.271104844690350859e+02
1.137198743020477849e+02
1.043080737900510258e+02
1.301878898044289770e+02
1.095276231529157371e+02
1.178788777504729524e+02
1.376051886892319658e+02
1.077338747827635359e+02
1.129505517399996108e+02
1.050071571283417029e+02
1.020938592915814667e+02
1.046618628582838397e+02
1.090286616054955289e+02
1.085241317519783877e+02
1.079383271414367869e+02
1.035827896924462550e+02
1.086998448452128372e+02
1.074090964417435288e+02
1.037701646643340183e+02
9.893818040417195903e+01
1.089175648992348044e+02
1.111610491499412205e+02
1.036884658681548217e+02
1.063283858300091964e+02
9.367961867693135503e+01
1.006517883246936975e+02
9.871765450654955032e+01
1.167742295303927875e+02
9.930792069300511571e+01
1.055460573972175382e+02
1.211086426204308708e+02
1.047213839354623417e+02
1.026886984555196989e+02
9.229940151502206902e+01
1.102657898949680231e+02
9.905425059725563131e+01
1.139814409357015847e+02
1.116957401477146021e+02
1.263652313686306883e+02
1.017484814811758582e+02
1.042688122790181353e+02
9.963308268950746083e+01
1.343938059578647710e+02
1.200394457451865406e+02
1.032142785268999603e+02
1.055932674378827443e+02
1.110393595153802124e+02
1.082157267283564721e+02
1.083498793095673989e+02
1.055321704999811487e+02
1.055073177985058379e+02
1.282332989971581299e+02
8.367260243109814155e+01
1.022280329298431525e+02
1.196084672019194244e+02
1.019156228622344997e+02
1.150425888735196907e+02
1.084984661683876368e+02
1.084984661683876368e+02
1.144846613860673585e+02
1.082367623830550514e+02
1.422248309414658820e+02
1.236298074062310377e+02
1.194531017871425149e+02
1.351932607365296803e+02
1.118031879544417961e+02
1.172903369345068114e+02
1.137558001432446986e+02
1.186958830811945802e+02
1.142855942395851798e+02
1.088220601147599496e+02
1.240033068797372096e+02
1.258673743822465383e+02
1.154385876541948335e+02
1.039867251553707774e+02
1.081841614350881429e+02
1.319544549119025874e+02
1.224821799065100265e+02
1.102042947099735670e+02
1.104737171953557606e+02
1.242735516542884824e+02
1.024143749944269928e+02
1.301277690553507682e+02
1.269525661597302957e+02
1.188888657070555865e+02
1.348337061102840835e+02
1.124763309789100276e+02
1.187043101772106866e+02
1.140409719108022131e+02
1.330784245619791193e+02
1.108197555779089924e+02
1.067165705531450897e+02
1.128300928559140317e+02
1.129881920680593907e+02
1.121120359166823306e+02
1.126319214805409530e+02
1.114509893608924500e+02
1.330703961556662023e+02
1.241807069749355605e+02
1.312715693621404967e+02
1.059321909381826998e+02
1.200986891465387032e+02
1.084996700549290267e+02
1.059541625561881801e+02
1.235065430952889329e+02
1.122491540506167382e+02
1.393826331613186085e+02
1.260508097949789885e+02
1.105628972388507805e+02
1.055897117734384665e+02
1.227495468917630035e+02
1.381753297841852941e+02
1.278423387345012543e+02
1.118356426946992741e+02
1.203788550406361821e+02
1.322871528191351160e+02
1.200058458183820562e+02
1.298538438060275553e+02
1.118575206472599888e+02
1.060044550522975300e+02
1.363237795014580911e+02
1.306132504834385770e+02
1.375975606987545063e+02
1.045645943874488921e+02
1.148197065415494649e+02
1.076091424310996132e+02
1.078163705786418234e+02
1.077856220764850264e+02
1.413272534063715398e+02
1.385914165371784748e+02
1.114429281732561066e+02
1.113665593911625109e+02
1.217712524307170838e+02
1.231398635028938742e+02
1.036889612288200340e+02
1.179972544972537207e+02
1.215720881240372506e+02
1.246284750234420926e+02
1.247284750234420869e+02
1.096703510940299537e+02
1.084830890248915267e+02
1.222274536128636697e+02
1.071722032007678536e+02
1.311481283748712201e+02
1.221208217594759731e+02
1.318242007936088669e+02
1.307428239765850435e+02
1.237901694209565733e+02
1.427389326392906810e+02
1.036142869118960874e+02
1.274518073639906532e+02
1.218116286538867712e+02
1.082411328981510792e+02
1.379674571088218613e+02
1.342819721356987657e+02
1.058833802706437552e+02
1.247246277531760370e+02
1.157169738057994977e+02
1.410683820091176415e+02
1.425047485224742445e+02
1.421067988520149754e+02
1.233792272213627399e+02
1.381011560484010374e+02
1.439120575436404863e+02
1.492598553210971772e+02
1.447992046813540128e+02
1.102717437303520427e+02
1.217596532839790200e+02
1.476208775775202184e+02
1.132288146280900776e+02
1.421094897255665330e+02
1.266095948358261580e+02
1.228441379987766027e+02
1.260858003483911887e+02
1.429551219629007335e+02
1.383797590332891616e+02
1.105954575431169928e+02
1.227461359138948183e+02
1.228874351602160715e+02
1.414162341121048314e+02
1.268874549994087175e+02
1.329043615512392194e+02
1.328943923192656200e+02
1.233735219842846362e+02
1.491508427306087583e+02
1.078255129594456605e+02
1.098769660739511096e+02
1.488967388934562166e+02
1.327169315842847368e+02
1.426627804492497660e+02
1.482243314954443463e+02
1.193527909492841701e+02
1.482571558363682129e+02
1.384454331189238587e+02
1.237200798604359875e+02
1.297135840617213489e+02
1.206702129837243263e+02
1.220095866323055560e+02
1.342309235292912319e+02
1.390614753672464872e+02
1.129845905002343471e+02
1.155446609629454855e+02
1.451007217597113197e+02
1.139267402637983650e+02
1.429168798513275931e+02
1.155595928088649771e+02
1.185703409749667117e+02
1.362668264715943849e+02
1.360440642817686978e+02
1.145577097027529589e+02
1.166246030561841422e+02
1.101312553573296924e+02
1.121873291007015325e+02
1.183794956852376146e+02
1.387147370891547951e+02
1.286409929830851127e+02
1.175759454696041502e+02
1.323595922086058465e+02
1.439762590631549131e+02
1.259775363609705892e+02
1.470482906654536066e+02
1.345846515606927483e+02
1.361190940741030317e+02
1.439212388473977455e+02
1.495709178252110974e+02
1.513500547536353622e+02
1.160613980920849855e+02
1.467272946656262604e+02
1.553453298693021623e+02
1.488717797232969815e+02
1.369805160249756284e+02
1.340360873207293935e+02
1.118523287077953938e+02
1.440290240306939324e+02
1.474662845070222374e+02
1.286119447215125717e+02
1.273230612081860755e+02
1.267157509706656668e+02
1.346905395544121120e+02
1.445601189036435130e+02
1.277310417952134003e+02
1.372340781444156050e+02
1.369978300288917978e+02
1.541057711930648679e+02
1.497446108847174173e+02
1.320139081341027349e+02
1.527501064490735416e+02
1.383200995967496851e+02
1.496335830150019888e+02
1.431980634280359652e+02
1.276368606122021561e+02
1.170319650046409379e+02
1.318692355825943423e+02
1.380555514750108443e+02
1.258797406467523246e+02
1.428476179894782945e+02
1.358467378460752002e+02
1.420501734656021711e+02
1.433369056582448877e+02
1.439236401208445386e+02
1.513911173299494806e+02
1.523920200890508454e+02
1.460033587491120670e+02
1.525991346602692147e+02
1.509250777493205931e+02
1.503867063858795916e+02
1.511450599105579613e+02
1.245340972760128579e+02
1.483078591434794760e+02
1.172520320277489105e+02
1.342084873357684387e+02
1.201863849501664845e+02
1.475557750979459399e+02
1.115870166408400337e+02
1.367664062117150081e+02
1.536513569133092858e+02
1.247948048303036614e+02
1.470717044769665449e+02
1.476612370269531596e+02
1.528994750190612137e+02
1.435635541502172146e+02
1.409273037516799718e+02
1.406539028073281088e+02
1.320077917586449701e+02
1.510725623547779151e+02
1.526183414393957207e+02
1.479520056760423756e+02
1.509527198654765812e+02
1.324065712573680855e+02
1.654042060605465281e+02
1.639433782217186888e+02
1.655334614718019282e+02
1.645488301442225350e+02
1.406711283217057087e+02
1.401990818798449254e+02
1.310454117349522960e+02
1.349744553884614220e+02
1.352490873782109304e+02
1.330989519193327624e+02
1.154188893461517580e+02
1.154188893461517580e+02
1.386663319113601176e+02
1.522460091162949709e+02
1.570223322587993948e+02
1.517831131574617416e+02
1.487133441376185488e+02
1.317657438887299577e+02
1.335243674368771281e+02
1.311974774448055143e+02
1.571413513346095101e+02
1.432932084483568076e+02
1.279946232818233796e+02
1.268865153924344611e+02
1.265986732349234671e+02
1.449024446258867727e+02
1.515388805113894364e+02
1.593147907259545661e+02
1.466256083950875109e+02
1.520321806023179079e+02
1.484341020746642528e+02
1.542765232477831034e+02
1.575940794070737638e+02
1.558417197942448809e+02
8.442480053116059935e+01
1.320992152241872191e+02
8.489166544598649011e+01
8.655403627905047870e+01
8.793564087577630062e+01
8.289459634933851362e+01
1.435185099944894773e+02
8.312461726168896803e+01
9.115686946138932001e+01
8.825988189756262159e+01
8.365023363766223952e+01
1.025877910274028295e+02
1.048090206517332632e+02
1.492331970249513802e+02
8.351115478702155315e+01
8.548586663146059550e+01
9.661754578580098496e+01
8.491564762968742741e+01
6.715477850364962364e+01
6.871934340226582094e+01
1.287742760321071955e+02
1.087798802378868999e+02
1.026285702039761816e+02
1.115947243952104202e+02
9.645578237594742177e+01
1.542316686179738383e+02
1.018616781018781126e+02
8.352442078610221188e+01
8.646641099765524530e+01
8.408715671320589991e+01
8.309802810716342947e+01
9.933667247599282746e+01
9.010251652699807323e+01
8.334930033581241560e+01
1.027015434768338622e+02
8.309802810716342947e+01
8.309802810716342947e+01
8.074172357961172963e+01
9.413811043515636356e+01
6.705478162751965954e+01
6.669746008789326197e+01
7.093745063613405932e+01
1.509598432763980327e+02
1.299909038072979115e+02
8.389947258575301703e+01
1.065861527466991561e+02
1.035474010745185751e+02
8.431383918326774563e+01
8.333656408902098178e+01
9.963735782534971008e+01
9.695746269151072738e+01
9.844684087479107859e+01
1.036952107493811184e+02
1.075417382632167005e+02
1.095869262808214728e+02
1.251570134315445273e+02
1.100648022875066232e+02
1.272170297408662378e+02
1.086921251355941394e+02
9.612431919815557535e+01
1.062888522962544755e+02
8.739134685898180521e+01
8.444465145998631783e+01
8.274323460367936889e+01
8.244188185436149752e+01
1.107878904018487134e+02
8.347874081436995652e+01
9.317365214898829606e+01
1.002370015880916867e+02
1.005471030548399369e+02
1.033376907547421837e+02
1.182665572780383059e+02
1.113000673915627061e+02
1.277066552717714814e+02
1.170475845400708721e+02
1.023504579316256269e+02
8.271474361976376599e+01
8.320830901667403623e+01
8.324192401779079376e+01
1.022041585347522386e+02
8.351115478702155315e+01
9.769026549554540395e+01
1.004107332943990940e+02
8.421538801855544421e+01
1.094011170739119763e+02
1.020666294878120794e+02
9.532043407813812053e+01
1.142359587800735312e+02
1.101226757160290646e+02
8.904075480270876142e+01
1.103093997224222420e+02
1.038091695352726589e+02
1.104894043096357592e+02
1.278169280224692272e+02
1.074276572393736870e+02
1.057931049899337665e+02
1.453918465953842087e+02
1.447642130131651470e+02
1.417002172594811213e+02
1.410194561931771204e+02
1.480786489207524710e+02
1.355862158555148653e+02
1.499481014082470551e+02
1.011763466331580048e+02
1.011445480786040321e+02
1.279310817954279571e+02
8.379272980507361979e+01
8.310663495410977930e+01
1.173471678839028840e+02
1.101738863278289244e+02
1.101387427662968435e+02
1.209544999804359975e+02
1.399095241952765036e+02
1.489073062337166391e+02
1.455498734538906831e+02
1.499996958596613865e+02
