1.138655097472810951e+02
8.056293698615529308e+01
9.152078057031732783e+01
1.080247786967881609e+02
1.101359594950533278e+02
9.053285781314878022e+01
9.106151212819924012e+01
8.095464730501207384e+01
1.054776737022422992e+02
8.984590084140471333e+01
1.051243728094690510e+02
8.779936524297659162e+01
9.388921281559139231e+01
9.914725837049670076e+01
8.925595111203682563e+01
8.914808702573358801e+01
8.390570357121481493e+01
8.723457256399291282e+01
8.172889843494715478e+01
9.250297402844930161e+01
1.171370596631023915e+02
9.569041807547841927e+01
8.082050677211006473e+01
8.111290507750643997e+01
1.057623028763647426e+02
8.112936902286672591e+01
1.216566104549501688e+02
1.132474312581440756e+02
1.020057063152555088e+02
9.976234656897082687e+01
8.410684741551955312e+01
1.000071157997400633e+02
1.063537961762045256e+02
1.037171865223941580e+02
1.097721963847675823e+02
9.670243305335768014e+01
9.279280334309436284e+01
1.035446244315646993e+02
9.872156433753103499e+01
1.025306220446638434e+02
9.673760765268073669e+01
1.087414684359325179e+02
1.091878022489614750e+02
1.060798441811328132e+02
1.143670241634719957e+02
1.133105876535516359e+02
1.042946541604113122e+02
1.024585803849108601e+02
8.089965328416535328e+01
9.245661455200681189e+01
1.087319945757674873e+02
8.087155311039703065e+01
1.138569267187745453e+02
8.677624288484463477e+01
1.086664280381532706e+02
9.174186637277918521e+01
8.772535031187159404e+01
8.119707015137055350e+01
1.013232682291614850e+02
9.657859641465384470e+01
1.031461058619777873e+02
9.751947821804321848e+01
1.021878279701576133e+02
9.917734170515157643e+01
9.887090857188366044e+01
8.145949297448068194e+01
8.142282630781402020e+01
1.242320599869742352e+02
8.111290507750643997e+01
9.798589834891362216e+01
1.247627683317163445e+02
1.178913448468605338e+02
9.251762383787402655e+01
9.607987418683099179e+01
1.058216520270658663e+02
1.074880879666512214e+02
1.198479123726948217e+02
9.946726243459232819e+01
1.085366258994460082e+02
1.080037962291163325e+02
1.082290836061393833e+02
1.032552265239027633e+02
1.035914409908610736e+02
1.142547695986498439e+02
1.040419971440259275e+02
1.138460347248955600e+02
1.110828648287539835e+02
1.135857650002842121e+02
1.263738509965184562e+02
9.972014331899522688e+01
1.084666539230540820e+02
1.199211926187268915e+02
9.427318268046349203e+01
1.123799865225688990e+02
1.123001668487188738e+02
9.959220067793130227e+01
1.051302246713104580e+02
9.666185054266628640e+01
1.044176074774847365e+02
1.068313748244637225e+02
9.458104853678186430e+01
1.073351838406762795e+02
1.140673700926022178e+02
1.074394468869263903e+02
1.091395224149799361e+02
1.093389536634109618e+02
9.742434483966637515e+01
1.111655140516312201e+02
1.083974264382493260e+02
1.086205931933568110e+02
1.070566588261524004e+02
1.081926169639292397e+02
9.880213071717338380e+01
1.176150450782336208e+02
1.225842275997293029e+02
1.088717997981923844e+02
1.046197406491918258e+02
1.193656075243572161e+02
9.870633102711849460e+01
1.048337747637783792e+02
8.145619471583047755e+01
8.152628628118971221e+01
1.023941689331878138e+02
1.215492270711007166e+02
1.093163005838691504e+02
1.084329836252708787e+02
1.086209775458362543e+02
1.052975715429023609e+02
1.062729620159120714e+02
1.126750392335021331e+02
1.091570005877870102e+02
1.164399920342669361e+02
1.129924452480284600e+02
1.194575381527815523e+02
1.023989675770974941e+02
1.098836182852887902e+02
1.061053408915171588e+02
9.720900991452910489e+01
1.105000685215039340e+02
1.057526539223058819e+02
1.088573108151083915e+02
1.111989940491397562e+02
1.264423935786947197e+02
1.101717264004847152e+02
9.776252562537943902e+01
1.283573991780711481e+02
1.017336439203707243e+02
1.003514729781679478e+02
1.418513221894946810e+02
1.093819755078437765e+02
1.088310708535851319e+02
1.035513237783554956e+02
1.088804430499759093e+02
1.015971573971709603e+02
1.097674482751563119e+02
1.276864993116578262e+02
1.047678159979465278e+02
1.118741874662916302e+02
9.763203927233092827e+01
9.607186979957724304e+01
1.303932050902062656e+02
1.117676786624499243e+02
1.041398157749471807e+02
1.309505941726071967e+02
1.124346349399221197e+02
1.236291221828217317e+02
1.364984924765954872e+02
1.062848967407550020e+02
1.125624769986030884e+02
1.032153058304254785e+02
1.022972568742512891e+02
1.088084138530706326e+02
1.090004455131963113e+02
1.109782842371215139e+02
1.085602836625170369e+02
1.079552873584465402e+02
1.119191193481920550e+02
1.088479166542958438e+02
9.723657999902388838e+01
1.062690925754036186e+02
9.646526465208981449e+01
9.706432554515518518e+01
1.006413240412395425e+02
1.142929528812738340e+02
9.693320009520064673e+01
1.055433365712922438e+02
1.193010627800697705e+02
1.008689594638643570e+02
1.007970395999724644e+02
9.348063263004010537e+01
1.116562406659862177e+02
1.030307078650395169e+02
1.163844320299392621e+02
1.126208039578106792e+02
1.310078652814651150e+02
9.889553192663815651e+01
9.866828726716782683e+01
9.639700636734117722e+01
1.357548058883949409e+02
1.243012094596629993e+02
1.021492678492231221e+02
1.058632536800881638e+02
1.127621752326069355e+02
1.118898957181904024e+02
1.105970760272165165e+02
1.039922716606322410e+02
1.002932162570921406e+02
1.041406728777331949e+02
1.121788044297960312e+02
1.355430577344415326e+02
8.145224703327073712e+01
1.010439663429758355e+02
1.146529029026775959e+02
1.040171530425585615e+02
1.130378339592430308e+02
1.097837608186092524e+02
1.092060170862916522e+02
9.896452869365694482e+01
1.096755203121337416e+02
1.088067368208336632e+02
1.290764356767136007e+02
1.185060959679420023e+02
1.399415358459352774e+02
1.145878104089403848e+02
1.203008951933212529e+02
1.105402660914508033e+02
1.153388389913131249e+02
1.116238055591608429e+02
1.156420625733832139e+02
1.100314396011557250e+02
1.114467868769453531e+02
1.244293663666457377e+02
1.344671657879035536e+02
1.028223859380077982e+02
1.087754534368399106e+02
1.347107926987476390e+02
1.113384564333418894e+02
1.114886111313346078e+02
1.015550649138920392e+02
1.338954617539992284e+02
1.265800846801089534e+02
1.179765385890324154e+02
1.335750496125433529e+02
1.123933424498861626e+02
1.154733340263097290e+02
1.140438511188388162e+02
1.361348996934529225e+02
1.177657337578851440e+02
1.052840843887418742e+02
1.157853280644582838e+02
1.133640928204306846e+02
1.155871019778114004e+02
1.147950093341269877e+02
1.318824594709740836e+02
1.271144765442878395e+02
1.359313091971928316e+02
1.037103309097880839e+02
1.196615019217660745e+02
1.093830922762381590e+02
1.098298573712098687e+02
1.253552310172298832e+02
1.135286399212264428e+02
1.373542241116387288e+02
1.256381564514679070e+02
1.145129235093495055e+02
1.056315315558273085e+02
1.333581448087493300e+02
1.256431127619926400e+02
1.266185134240026997e+02
1.119717964829056598e+02
1.387142170300554938e+02
1.160462075061254268e+02
1.352450859793659390e+02
1.130974210039356507e+02
1.084697984322132669e+02
1.377398448484881612e+02
1.356748607877278516e+02
1.358833321920031096e+02
1.332904199567227010e+02
1.079098393256434321e+02
1.121483961363007609e+02
1.111605564432605462e+02
1.063027010885274848e+02
1.116104586240199694e+02
1.387106248871024832e+02
1.379117015497652972e+02
1.129809365880575882e+02
1.136186009966388326e+02
1.246548537511074670e+02
1.016477449519369003e+02
1.104006773518646014e+02
1.285909645357491513e+02
1.266461458411545777e+02
1.272694756086760037e+02
1.159570201572304597e+02
1.096578711965436810e+02
1.240004001148532922e+02
1.103570438827014044e+02
1.292314770693425316e+02
1.318939166704243178e+02
1.306178178229837954e+02
1.287850459870282407e+02
1.302851302870603263e+02
1.361007993254500832e+02
1.236242911371989948e+02
1.431721221286570085e+02
1.031727150318943274e+02
1.179398355392459479e+02
1.196551463299819886e+02
1.124217723589279956e+02
1.396160493645076315e+02
1.326665747848279011e+02
1.060237295666301662e+02
1.227278247207559900e+02
1.250334139847585249e+02
1.428990740564665032e+02
1.401759627342394481e+02
1.426066914734838633e+02
1.223580035057984929e+02
1.403602035787753834e+02
1.439588633358709728e+02
1.432206399290595300e+02
1.458561757133253707e+02
1.136952483832215393e+02
1.450366725913624464e+02
1.080596616744290799e+02
1.398850015206299133e+02
1.296259615551814193e+02
1.257732659878301575e+02
1.267999559335997048e+02
1.404256092085748833e+02
1.421472291389255531e+02
1.101257144723816026e+02
1.353679829697732657e+02
1.169280016654077059e+02
1.400010740334004140e+02
1.331595293022789122e+02
1.386915149196225912e+02
1.337310180466226370e+02
1.329474397332837725e+02
1.326193135340027425e+02
1.460551559973533244e+02
1.143401494109391336e+02
1.187093734424505556e+02
1.453356881289447813e+02
1.318042444446263630e+02
1.380314882085313570e+02
1.420517595781486193e+02
1.247623452473512771e+02
1.492426248906301112e+02
1.403208151534955448e+02
1.293813018558814747e+02
1.405528766578154318e+02
1.170380266008737919e+02
1.275200623460690963e+02
1.314362699790230522e+02
1.405252027480531751e+02
1.103228988167102642e+02
1.436590078537282977e+02
1.152023247787222004e+02
1.460569848432503477e+02
1.219826375173859816e+02
1.156210607424934693e+02
1.480291508740220934e+02
1.192513408296389912e+02
1.198065695937644648e+02
1.403570811312021931e+02
1.358447614864385855e+02
1.197770208496915245e+02
1.193733628128688622e+02
1.188681262248807258e+02
1.158973001773716192e+02
1.143734936440992129e+02
1.173737305814256615e+02
1.329833499407717738e+02
1.259282087986860574e+02
1.213313405853871672e+02
1.396328834622635213e+02
1.192077521839184868e+02
1.185127479655908473e+02
1.444509712629047158e+02
1.264188693750586339e+02
1.446867710687984925e+02
1.365879347369125298e+02
1.309795616527405002e+02
1.450593894310045187e+02
1.359831653713990818e+02
1.494984254218815067e+02
1.435597141337699156e+02
1.497392962797130735e+02
1.298443902423580028e+02
1.162848946058389856e+02
1.484454673724371787e+02
1.499999996366466348e+02
1.221990381078048671e+02
1.291691771041429888e+02
1.224135447545978508e+02
1.261198853719729840e+02
1.475184510988801208e+02
1.337547025895002548e+02
1.389709576860414586e+02
1.560859838486578042e+02
1.541932927439619903e+02
1.408751109562541615e+02
1.560670895888430039e+02
1.450724430375000509e+02
1.496080533591249093e+02
1.441548146460964404e+02
1.277611017643112490e+02
1.254825596871717295e+02
1.234891307546952248e+02
1.388832421828794850e+02
1.271438802366450176e+02
1.425586033544196596e+02
1.382036713585953862e+02
1.483734913269650519e+02
1.393620142257790349e+02
1.417718263700268722e+02
1.488286613230529269e+02
1.521060462500015262e+02
1.405406930577826756e+02
1.426409205141450229e+02
1.540621052450309776e+02
1.512077404800835723e+02
1.524333296421206967e+02
1.535872541323886935e+02
1.332596328696986632e+02
1.466190524953491945e+02
1.202440313044191953e+02
1.372833798865641768e+02
1.205936619014060653e+02
1.145675338078497134e+02
1.305731140316840140e+02
1.478709103491312362e+02
1.483017273317418017e+02
1.248633508949743884e+02
1.428841370735381417e+02
1.510075014690771411e+02
1.454132866441291867e+02
1.489627982894463400e+02
1.396186385092299247e+02
1.397936520394314073e+02
1.566962810836227220e+02
1.502701049772912825e+02
1.387400950752325173e+02
1.540063323337464283e+02
1.601168387822804675e+02
1.595057112139447213e+02
1.478533362192807203e+02
1.381381149938906674e+02
1.662514873862160414e+02
1.658112877561121934e+02
1.662263293775580451e+02
1.666605546027832361e+02
1.656523503728618607e+02
1.419162603014606532e+02
1.405653884499099036e+02
1.292818676849044550e+02
1.369227712197177027e+02
1.444855206303748218e+02
1.379098344436038417e+02
1.217147080956506642e+02
1.223398835342471500e+02
1.397765951529943038e+02
1.599569198612614969e+02
1.483360274423875467e+02
1.504886954258460037e+02
1.468494439158934313e+02
1.492796244985864291e+02
1.384581871335657013e+02
1.546291153737413993e+02
1.313990784121768911e+02
1.275004690967152925e+02
1.305869242145227815e+02
1.502248862853728610e+02
1.560629318020250480e+02
1.558120013283383969e+02
1.478325795066066917e+02
1.486202439688348989e+02
1.491669616897120534e+02
1.261193403928161842e+02
1.478307423359410393e+02
1.573836532553997927e+02
1.521302270006372055e+02
8.083390068189675048e+01
1.419653532485801009e+02
1.280866610666576833e+02
8.256747548457977359e+01
8.893632243407076032e+01
8.184836826718006364e+01
8.866980205374439095e+01
9.086484363168321465e+01
1.450980393948852054e+02
8.106409247959518893e+01
9.331416313746822766e+01
8.697981973049701310e+01
1.003668381173119997e+02
1.079829177406408576e+02
1.428998307443078772e+02
8.134280185868760782e+01
8.554848884643743645e+01
1.014332719387285806e+02
8.225318735510830948e+01
5.889015075875769867e+01
8.008091245778018674e+01
1.338230688153775532e+02
1.126633715596724414e+02
1.066329889997466296e+02
1.130655287753517086e+02
8.137763591920898421e+01
1.009634336014683385e+02
1.550194200169254373e+02
1.078870023466798926e+02
8.090072416341442363e+01
8.863818031025260780e+01
8.080603879438430681e+01
8.111290507750643997e+01
1.021878279701576133e+02
9.183085530965070120e+01
8.113510002841807989e+01
1.047863541047182991e+02
8.111290507750643997e+01
8.111290507750643997e+01
7.926099303410012453e+01
9.667577255570253669e+01
7.432518675367570893e+01
5.717661050510449883e+01
8.276556430539841358e+01
1.296448723488123846e+02
8.113510002841807989e+01
1.156691569163998992e+02
1.098419988655086001e+02
8.082050677211006473e+01
8.144502125872566012e+01
1.031033206677502960e+02
9.272883229511811010e+01
9.674317138550685513e+01
1.035327567087554428e+02
1.129524911856224065e+02
1.097448156409881221e+02
1.257528976300517058e+02
1.073031876313288535e+02
1.262053105654233605e+02
1.134376082809071562e+02
8.074801635399160205e+01
9.352392367638495330e+01
1.084483320467123093e+02
8.446393359840820381e+01
8.111290507750643997e+01
8.098387508829083004e+01
1.131389282057885879e+02
8.133696420735302013e+01
1.016304546955326202e+02
1.007434903137899767e+02
9.079264551267057470e+01
1.114690290967332942e+02
1.028834758825291829e+02
1.113428202719434523e+02
1.140047984828508163e+02
1.307002069812038769e+02
1.210350410664239575e+02
1.042821902015085840e+02
8.160381574499884039e+01
8.098387508829083004e+01
8.059143589286101417e+01
1.032868497107108681e+02
8.119707015137055350e+01
8.935331123450062307e+01
9.762129747943257030e+01
1.055852739029969456e+02
8.119540924093379886e+01
1.054121610740870381e+02
9.309682407896167433e+01
1.011883113065261171e+02
1.183672120543237867e+02
1.123881705334242440e+02
8.668985561528478456e+01
1.112234451274146778e+02
1.060379546904338639e+02
1.217981946022860882e+02
1.105186353231993905e+02
1.293868698950728060e+02
1.099273071795674497e+02
1.079275415106281173e+02
1.062273076820698634e+02
1.418345904526013328e+02
1.416703035742156658e+02
1.396684644009388876e+02
1.463788336554678722e+02
1.387633804814023790e+02
1.092537149469442426e+02
1.245734270840281397e+02
8.106516335884424507e+01
8.089965328416535328e+01
1.076579263744873458e+02
1.198998306733654431e+02
1.077850440005509682e+02
1.079098393256434321e+02
1.127583591241431122e+02
1.188796319820095988e+02
1.399582615913171821e+02
1.489180538650482504e+02
1.486500658649566731e+02
1.513806742171605038e+02
