8.602971282514334916e+01
1.191948561016234720e+02
9.277772599093763972e+01
8.267078292962408170e+01
1.177638699309817696e+02
9.697622181172486933e+01
1.137438672125157950e+02
9.136315700116209371e+01
9.202360644742563522e+01
1.053128613312310335e+02
9.176053957052978660e+01
1.045374640751534514e+02
8.738076519692282318e+01
9.913521991759616014e+01
9.920168800223164851e+01
8.915750456988521933e+01
9.280248912534409556e+01
8.459138880994152032e+01
8.881697547148905869e+01
8.348923892853756001e+01
1.095600294937360388e+02
8.235396144635902260e+01
8.217660916709195362e+01
1.063040496876848380e+02
8.301438400276157381e+01
1.177341408124196533e+02
1.148206638762581662e+02
9.959389369940333836e+01
9.875227487295995843e+01
8.678451030331100924e+01
8.217158965148722416e+01
9.853267049288224655e+01
1.079218986015784623e+02
1.086596202183852569e+02
1.124882718285048355e+02
9.563171921001588771e+01
9.466076093155649573e+01
1.008981898902972745e+02
1.037932497794216857e+02
1.092727374835071430e+02
1.059185176285949410e+02
1.001885523747607323e+02
9.619611402236675701e+01
1.072893516938838587e+02
1.156523020217733659e+02
1.132090613942465325e+02
1.181230919738038949e+02
1.119127680539007912e+02
1.049513153224376936e+02
1.058947543568056489e+02
9.909836174984411628e+01
8.217158965148722416e+01
9.349629093915768863e+01
1.086790332634166276e+02
8.298852120359524065e+01
1.075845042935251143e+02
8.725836626910975724e+01
1.132436700250990782e+02
9.331840200198311663e+01
8.784474218590933958e+01
8.318176940955045495e+01
9.937238256920592505e+01
9.549809784120735401e+01
1.044447029182800151e+02
9.974420216044795495e+01
1.011207242127148476e+02
1.013673133897086416e+02
9.743679042567774218e+01
8.217660916709195362e+01
8.421348829853266693e+01
8.271888290392726617e+01
1.245012087922786179e+02
8.217660916709195362e+01
9.606608916877247850e+01
1.252442311148046628e+02
1.217210112121104970e+02
9.185909067976524511e+01
1.037867444904307490e+02
1.079094253896401057e+02
1.085327095313859900e+02
1.128304303866911624e+02
1.010637408905214585e+02
1.048871675213431871e+02
1.052339309146557866e+02
1.066516584408556412e+02
1.027117838075444922e+02
1.230361749675833209e+02
1.079872672832725442e+02
1.104467933947099425e+02
1.105286944502769302e+02
8.217660916709195362e+01
1.179041819460958891e+02
1.186788081960859387e+02
9.806914620911403802e+01
1.112245638718809744e+02
1.170302001854000338e+02
1.006109224564335278e+02
1.095092638653880215e+02
1.149637958391858064e+02
9.954110887442233491e+01
1.068276347745401154e+02
9.652715439073399750e+01
1.049605301935892214e+02
9.352111790978911188e+01
1.088647709871208065e+02
1.046011570261058239e+02
1.083986390174751051e+02
1.113668178321431697e+02
9.715347182569578877e+01
1.096670205864031260e+02
1.065530721988035765e+02
1.104287739960529109e+02
9.680529346942471136e+01
1.181332983863886312e+02
1.239131521575028074e+02
1.242630794838467665e+02
1.084185593015660487e+02
1.069323497419044315e+02
1.124844425023935486e+02
1.244084197751461289e+02
9.841545725459249638e+01
8.244777763974417439e+01
8.217158965148722416e+01
1.042551881365064332e+02
1.239625306445775834e+02
1.112500529015756854e+02
1.108605273652718211e+02
1.065068322438240500e+02
1.053044773624108785e+02
1.084894732684371377e+02
1.154749225872978542e+02
1.124061824697425322e+02
1.155046237283247024e+02
1.105003097921847086e+02
1.137715182531593570e+02
1.163601901835395580e+02
9.809927136251835122e+01
1.077983057200855228e+02
9.619482921973035161e+01
1.108208573255085270e+02
1.238929756854620905e+02
1.091604211605203716e+02
1.082452082230857968e+02
1.073222911984311594e+02
1.242160907828891396e+02
9.687178404551144695e+01
1.094173648522732378e+02
1.269738332517605386e+02
9.886371979004374566e+01
1.018753039643993361e+02
1.000258399195873267e+02
1.417009224354747516e+02
1.148185942740457932e+02
1.134439200747528957e+02
1.078300024583128049e+02
1.080516008894075242e+02
1.041642721488607322e+02
1.047149065000010637e+02
9.692004180977343708e+01
1.155892781159183755e+02
1.253300819691607586e+02
1.048696371052015195e+02
1.105966794216281954e+02
9.647406792978645740e+01
1.107534822888444523e+02
9.465176246503850166e+01
1.278097308702605659e+02
1.261054797349046765e+02
1.073599344811425880e+02
1.061813630321778419e+02
1.320286381249743499e+02
1.208823926334971333e+02
1.369861847411047506e+02
1.141890622482830366e+02
1.193206434024906173e+02
1.046054269088136977e+02
1.102931427463744853e+02
1.100026963367759407e+02
1.101134066506425881e+02
1.094532880188088626e+02
1.153265598723860137e+02
1.092890117021171505e+02
1.085551979058566872e+02
1.063674307933274861e+02
1.154023421003478376e+02
1.149606854669217171e+02
9.887061271797686857e+01
1.027063272171419470e+02
1.006504746984144134e+02
9.860354425791699384e+01
9.777288930774098219e+01
1.148332144961067769e+02
1.013141424719683670e+02
1.091467023864034616e+02
1.213238671264794704e+02
1.015561396943442105e+02
1.000680408807364472e+02
1.156246827100994068e+02
1.037094730170788779e+02
1.193647557958376382e+02
1.126567486148702812e+02
1.284450725111208556e+02
1.072055164391060345e+02
9.428434098127112861e+01
1.352417992019918529e+02
1.191168883175073034e+02
1.010918514539281716e+02
1.074184721355831300e+02
1.161174875485220781e+02
1.112361310322747840e+02
1.003101765601865907e+02
1.018965184381734019e+02
1.013270723951755059e+02
1.144092194043447108e+02
1.311648808677668683e+02
8.311334937795717792e+01
1.024405357527665075e+02
1.164588000932308347e+02
1.025539859123666844e+02
1.162510079399166329e+02
1.116572749468833194e+02
1.117393061968833194e+02
1.004849644962430943e+02
1.125317633498436578e+02
1.150008452397586183e+02
1.192589719117137008e+02
1.397287622662689444e+02
1.184952583648969409e+02
1.188011306471348973e+02
1.115463155354328961e+02
1.211598920633660299e+02
1.136397937058267189e+02
1.121098938161101302e+02
1.139792997807570458e+02
1.236921722832844210e+02
1.248535618007344254e+02
1.279082934844731909e+02
1.007412610166479112e+02
1.104652574000143090e+02
1.191191242353888242e+02
1.101154384798968380e+02
1.129565510804000326e+02
1.210358551428775655e+02
9.974964096447371276e+01
1.332407009529044046e+02
1.264528023476491398e+02
1.194919583514329560e+02
1.317453480788612126e+02
1.151924401834807128e+02
1.206780396895803591e+02
1.200610842710299693e+02
1.165974121087493813e+02
1.319001074541971263e+02
1.196603246086536814e+02
1.041872755456202810e+02
1.132015193377054487e+02
1.128932252091226331e+02
1.169964799990171969e+02
1.165685445895592949e+02
1.140393890236880026e+02
1.356295922405088561e+02
1.224163406836898673e+02
1.248992154807264541e+02
1.013977074161552423e+02
1.193341846837574138e+02
1.099265283344827679e+02
1.118024125087463290e+02
1.253641559599822557e+02
1.199199967374685087e+02
1.401704064668076910e+02
1.238271137245024818e+02
1.185200724027502446e+02
1.063627916316784194e+02
1.217664455718013130e+02
1.294411522280333031e+02
1.314189270904161333e+02
1.114276053967236209e+02
1.199838282167346648e+02
1.169578585691734389e+02
1.311803731180006878e+02
1.128283179279270030e+02
1.056638277685016334e+02
1.402237940488977301e+02
1.373259895446686301e+02
1.346632436238490698e+02
1.359529248930659548e+02
1.127135092495156670e+02
1.124716144729366221e+02
1.059999995249678335e+02
1.104489241800018675e+02
1.448910366112067720e+02
1.441067096811914894e+02
1.129863316485581493e+02
1.161511299410881719e+02
1.212877823501312520e+02
1.232332265845302857e+02
9.965198490845811818e+01
1.106654752180437811e+02
1.214054601937503008e+02
1.261702100390475607e+02
1.219063885057897778e+02
1.222792456486469206e+02
1.173913875272047420e+02
1.103561233238210377e+02
1.238186296461147151e+02
1.072210416557595920e+02
1.123177075135479726e+02
1.250636263257008949e+02
1.310398415781741051e+02
1.341052968056233681e+02
1.193681407478914309e+02
1.256305265373852933e+02
1.354743165541331109e+02
1.258198874966214049e+02
1.422306877742569213e+02
1.002622946819806344e+02
1.227063712879977402e+02
1.170055455269276194e+02
1.408363189423672566e+02
1.317371741601669157e+02
1.212449841559809158e+02
1.183029026083477078e+02
1.256692831715352412e+02
1.396751025060011955e+02
1.405163499423351539e+02
1.448271146953191817e+02
1.241358752632345954e+02
1.393661732835764724e+02
1.508413523721648630e+02
1.428271037076934249e+02
1.458328596812664557e+02
1.151053818862407780e+02
1.161307790988943367e+02
1.466069224508183879e+02
1.401466103406651769e+02
1.266451597739284409e+02
1.396895201584977713e+02
1.418094152166976301e+02
1.084498038359405427e+02
1.319191184094345886e+02
1.162085832686642561e+02
1.391878663599967183e+02
1.378137009714372994e+02
1.344746168043427588e+02
1.340671206792230521e+02
1.340129979200964954e+02
1.437793039001288662e+02
1.125774343132854654e+02
1.230508877607382345e+02
1.468255425376171956e+02
1.295423677182400297e+02
1.396794589310987078e+02
1.433965735596518698e+02
1.183102837544312820e+02
1.497724678123679496e+02
1.364266846854189907e+02
1.300130530578148580e+02
1.171721831445961186e+02
1.240844900050228716e+02
1.370568000427420259e+02
1.130425168127570288e+02
1.490386665394105989e+02
1.200570797792089763e+02
1.438772822392515707e+02
1.310762974973926305e+02
1.184030573421728434e+02
1.451810696235965850e+02
1.395053065918915820e+02
1.459641587858757532e+02
1.332465663742994195e+02
1.232279076409557490e+02
1.207365453399108475e+02
1.221578851059182540e+02
1.155666484237161171e+02
1.182176297067337458e+02
1.163154608984228133e+02
1.226788475989377787e+02
1.185442136513819804e+02
1.270412131443154493e+02
1.217332734947172526e+02
1.427899297524521671e+02
1.273884451150652239e+02
1.460749745250016076e+02
1.349280476857231008e+02
1.463199958673775143e+02
1.379682380428615431e+02
1.435443990958131053e+02
1.472602378790356568e+02
1.449888892481251332e+02
1.212160890858014000e+02
1.447965576313283691e+02
1.533160902413351323e+02
1.492194118419556617e+02
1.295724863419204382e+02
1.177940400335653379e+02
1.490359676166490317e+02
1.498665570148482686e+02
1.210064612587767385e+02
1.265373877131271456e+02
1.237926549714453159e+02
1.297785688141948981e+02
1.377343862865157291e+02
1.275798285948303459e+02
1.397487480881157751e+02
1.449069413792852572e+02
1.553782092641704935e+02
1.499703992591648216e+02
1.340517752754506091e+02
1.561961942873732596e+02
1.567318424553954515e+02
1.527520735562604557e+02
1.420449215277309918e+02
1.285794647258074690e+02
1.244319359260392162e+02
1.295043105639240082e+02
1.359337840088437304e+02
1.342051349481397722e+02
1.370927071388206855e+02
1.417689438195132539e+02
1.372085574515196242e+02
1.412481397772224057e+02
1.467055166066544416e+02
1.503846911794660741e+02
1.432683357511155577e+02
1.432393963827096286e+02
1.547540463074571448e+02
1.520943046909275154e+02
1.529647938130920011e+02
1.561156568016155575e+02
1.240327319352217614e+02
1.499321438441829173e+02
1.195421967584875773e+02
1.358688665584440116e+02
1.180250521528936218e+02
1.387804145596880119e+02
1.169222519353388492e+02
1.422759760751711724e+02
1.484404848468274736e+02
1.496089720187432306e+02
1.292351255538277144e+02
1.441640185432644046e+02
1.529451056079816453e+02
1.493417618411956482e+02
1.377745457144308716e+02
1.455919862236427207e+02
1.389877000061530623e+02
1.555765972177761967e+02
1.507193309309730580e+02
1.325885248201438458e+02
1.528893783904543398e+02
1.584822169507477270e+02
1.607323761788107106e+02
1.415166475250810549e+02
1.526042727192816812e+02
1.360429781786702961e+02
1.656892918308537901e+02
1.641554790773986952e+02
1.672979201323768450e+02
1.672979201323768450e+02
1.651085546338653103e+02
1.417235137292561262e+02
1.224377545783970334e+02
1.337258052218944613e+02
1.431780468708086858e+02
1.121907812268136979e+02
1.387668009409845808e+02
1.564679225038327672e+02
1.476302683905898618e+02
1.509788210704634253e+02
1.439669794033318055e+02
1.475637439996737044e+02
1.263215182408151662e+02
1.419173191389457713e+02
1.365587787011814953e+02
1.504841475098502599e+02
1.348311661282020566e+02
1.270641533299031778e+02
1.292483947190080471e+02
1.488489458116692106e+02
1.549702938791453732e+02
1.614373141698577001e+02
1.360962598608906831e+02
1.491660287057413257e+02
1.479064461187091695e+02
1.278570031854622755e+02
1.419414788068496591e+02
1.593216320841051754e+02
1.513419537660591345e+02
1.579426460683607161e+02
8.319042531843393817e+01
1.435485423061048778e+02
1.252985194185269506e+02
8.303926901080069456e+01
9.600969620213153632e+01
8.257042644926798403e+01
8.266233064987204671e+01
8.323550952762209931e+01
9.242264157640212829e+01
9.232075175836001790e+01
1.269885667048019542e+02
8.208263621417248146e+01
1.007040683287023484e+02
1.110700379268614029e+02
1.425567608448819215e+02
8.217158965148722416e+01
8.595578947391749125e+01
8.268279996948666621e+01
6.850493293451508237e+01
8.282403453425760631e+01
6.659700436251316091e+01
1.297845832547791645e+02
1.160686698832080168e+02
1.138163588633101710e+02
1.195360845962644447e+02
8.291624770816522982e+01
1.510751310911533949e+02
8.235396144635902260e+01
8.849668428657233221e+01
8.401972846775690584e+01
8.217660916709195362e+01
1.011207242127148476e+02
9.758581391233133218e+01
8.244777763974417439e+01
1.092442055530564033e+02
8.232278510716494679e+01
8.217660916709195362e+01
7.891958863862672047e+01
7.831001765642199075e+01
5.231874277839997944e+01
7.862537116230592460e+01
1.549749648098538444e+02
1.347514695035440297e+02
8.221533465728803947e+01
1.097171625458316413e+02
1.058733723157625661e+02
8.264243832036220283e+01
8.257042644926798403e+01
1.025817145512764199e+02
9.350931896095690377e+01
9.431768217922036968e+01
1.029561337298046055e+02
1.108655708051275610e+02
1.104006884626150651e+02
1.118895348181091833e+02
1.276743097312245396e+02
1.067034173773931940e+02
1.267602911662371099e+02
1.157522890830706359e+02
8.235396144635902260e+01
8.552378365083603740e+01
8.235396144635902260e+01
8.217660916709195362e+01
8.220276595007683795e+01
1.104123655237248158e+02
8.264243832036220283e+01
9.855506231345877666e+01
9.148628930693755024e+01
1.139663632584629340e+02
9.890097521564507588e+01
1.039094103143211498e+02
1.123362872431897728e+02
1.280108170398312097e+02
1.133506372041417194e+02
1.019700631038815715e+02
8.282403453425760631e+01
8.220276595007683795e+01
1.028383227055586815e+02
8.217158965148722416e+01
8.614822509578921483e+01
9.742710390415058441e+01
1.075063460759593994e+02
8.264243832036220283e+01
1.121904237541249927e+02
9.622613661153795306e+01
9.481340673507489214e+01
1.173287519970558463e+02
8.621344588236038931e+01
1.156226839370628170e+02
1.100786919671521389e+02
1.188402290672835733e+02
1.181683736917164964e+02
1.275773180595394081e+02
1.050781617093611828e+02
1.052435378503996617e+02
1.402373881857217555e+02
1.471062924877107889e+02
1.444814666366755205e+02
1.380622778610828618e+02
1.467406093696914979e+02
1.410715805435503114e+02
1.011394385411734618e+02
1.122220509036210672e+02
1.301983166559280960e+02
8.217158965148722416e+01
1.080072301979731435e+02
1.184548481441657231e+02
1.079944095407825841e+02
1.045070735390903423e+02
1.179971667839488276e+02
1.149028407540590564e+02
1.371274617211574309e+02
1.498041873128202610e+02
1.450337854207660655e+02
1.512874901059110755e+02
