8.622859487296065595e+01
1.189635363787125044e+02
8.272354489478270523e+01
8.183804334761713051e+01
8.691641397639990885e+01
1.134966764461705253e+02
9.861390983172708502e+01
1.079134179205867810e+02
9.532393264783186737e+01
9.782343087442150420e+01
8.282402835529828167e+01
1.033790263613709612e+02
8.916398861297203382e+01
1.093406623504523196e+02
8.788143625903080647e+01
9.786820728789729174e+01
9.965822087144950103e+01
8.792263674623558245e+01
8.568503126102061174e+01
8.716364482780717537e+01
8.434103105564737746e+01
9.461924804321535021e+01
1.111184151077807059e+02
9.648155786364611686e+01
8.275166502224146825e+01
1.062487239325600115e+02
8.398524980564738485e+01
1.194608901280815445e+02
1.162455880945440185e+02
1.024264269013838344e+02
9.878763069923883222e+01
8.495516547932260210e+01
8.235303323346693105e+01
9.879318670573232453e+01
1.048201135768390913e+02
9.911962528882089885e+01
1.001131248386915047e+02
1.045558491796401910e+02
1.090888819774226732e+02
1.026491158674326556e+02
1.010753192229863657e+02
9.465431727752567781e+01
1.083984431022815613e+02
1.119571100043718275e+02
1.107517837842787003e+02
1.178018697417874847e+02
1.138562337641478592e+02
1.018453195780330844e+02
1.024696929858191936e+02
1.011623350454776897e+02
8.213551113904500767e+01
9.480676684031860191e+01
1.036877717463990649e+02
8.251326113904499948e+01
1.089490145485492292e+02
8.656996156811433707e+01
1.038707866629556946e+02
9.408087207163777066e+01
8.264516929168922843e+01
9.660773461896303616e+01
1.057026797962963514e+02
1.001810980660161761e+02
9.606477189654560789e+01
9.734411426695709224e+01
9.824314571182210898e+01
8.275166502224146825e+01
8.237874671386215653e+01
8.296171188141065045e+01
1.233350345696490535e+02
8.275166502224146825e+01
1.244538543456327773e+02
9.622764237055980630e+01
1.000458835588229363e+02
1.076758246547607172e+02
1.086530356299475955e+02
1.043493314485963737e+02
1.153627819925794569e+02
1.028007713982193252e+02
1.051413869552691978e+02
1.051413869552691978e+02
1.103389684349580193e+02
1.046527219713523493e+02
9.674163312471640097e+01
1.148196459968986574e+02
1.102841921195195738e+02
1.127701418688969568e+02
1.146791986828876730e+02
8.272114640522018192e+01
1.148743404231475438e+02
9.804820805370697201e+01
1.078804578971230370e+02
1.201423678667987645e+02
1.212368376515498340e+02
1.005094083690990487e+02
1.150223508127502186e+02
1.098786603648062794e+02
9.909567257797434081e+01
1.031848309025230321e+02
9.688979604960263714e+01
1.053147722439818494e+02
1.088304706083669942e+02
9.812667917144128182e+01
1.033279801724895179e+02
1.154357169653128778e+02
1.087589090335526834e+02
1.096798112942676795e+02
1.165188862530806659e+02
1.033954980150973171e+02
1.103102692719607774e+02
1.116705279610407615e+02
1.060472543645525292e+02
1.038467744277220248e+02
9.708442780133168526e+01
1.206585558310264616e+02
1.212602821766317902e+02
1.171254196669529080e+02
1.111357850526856907e+02
1.037361017288378662e+02
1.040024543411346230e+02
1.226927414074780813e+02
1.010396489038506616e+02
1.055433358287627215e+02
8.291233823211553045e+01
8.225530280571167907e+01
9.476684607873053778e+01
1.201491439110541393e+02
1.077061823616145659e+02
1.096007079642245259e+02
1.095519018781298684e+02
1.077291363271492486e+02
1.048614142928492754e+02
1.060977252104554083e+02
1.206337605084880522e+02
1.100003335640398632e+02
1.181954035289645475e+02
1.119302347805587203e+02
1.209917104104784613e+02
1.031480655247930116e+02
1.019250688950173469e+02
1.075438741544171961e+02
9.993847720700273385e+01
1.058868646847383559e+02
1.221599007232237426e+02
1.053545134798998504e+02
1.016149217461148169e+02
1.229587122943987083e+02
1.112284257957799838e+02
9.930836719148021530e+01
1.104623147566620389e+02
1.285139191933944858e+02
1.012715678191922422e+02
1.099622563443665513e+02
1.020434435875458234e+02
1.403391306762868567e+02
1.144930397350944133e+02
1.128888392603675754e+02
1.064106587715304357e+02
1.064338091024514341e+02
1.025141266288051014e+02
1.063340446696319930e+02
1.143591362427475957e+02
1.257649305898247860e+02
1.027875129511034800e+02
1.094526933301996934e+02
1.020978740209965281e+02
1.110816293435631366e+02
1.009298118990487723e+02
1.226770888611825683e+02
1.284301200118163422e+02
1.101055075590060284e+02
1.044906256378512808e+02
1.246554841905992816e+02
1.050322349531593886e+02
1.175754727235134709e+02
1.384940206025902967e+02
1.116594128859638886e+02
1.179522471919149780e+02
1.004493323031164635e+02
1.030501982845523514e+02
1.036979931262880683e+02
1.114260008682043406e+02
1.101663530444716343e+02
1.077091232055899752e+02
1.035114872914891748e+02
1.117907411482275961e+02
1.032614380506052925e+02
1.006552400971933992e+02
1.016499665341240757e+02
1.082141417425333998e+02
1.143411763605151634e+02
9.915085573162234311e+01
1.056871529170796151e+02
9.372280522857796825e+01
1.157862218355161019e+02
1.157071484746382595e+02
1.016384653616926244e+02
1.004549596535903078e+02
8.844764668919621897e+01
1.118953552691058917e+02
1.015023151049141745e+02
1.189081247396085388e+02
1.095854040136330809e+02
1.254488540733257480e+02
1.017059340306830251e+02
1.063747454955243512e+02
9.908116472667390440e+01
1.359155459862175235e+02
1.185118855312159667e+02
1.013117262348579715e+02
1.079214364658957663e+02
1.117397573941231741e+02
1.136180044417511681e+02
1.080321782369192931e+02
1.023552053009689189e+02
1.004829338073180196e+02
1.150032224808552996e+02
1.346188146575998417e+02
8.284437335557478832e+01
1.036457175817214278e+02
1.176042533110086765e+02
1.084621781816269390e+02
1.163703460615990934e+02
1.086445356101773427e+02
1.077713051504953796e+02
1.072611080328593545e+02
1.104149713084697879e+02
1.079930145694087571e+02
1.428167305686415887e+02
1.302799321876468923e+02
1.176342893516160473e+02
1.151906069554483736e+02
1.149188295363721721e+02
1.183577475296829391e+02
1.122258045457686677e+02
1.145542758026540895e+02
1.245019222764248781e+02
1.251395705075825759e+02
1.242017873134105912e+02
1.321983181795087603e+02
1.015080379615552317e+02
1.100462161857978316e+02
1.307710744754003542e+02
1.223788853318264955e+02
1.098438736937729061e+02
1.076785941860478886e+02
1.211593322032632472e+02
1.051599259015552832e+02
1.380215901085807957e+02
1.295060649225842155e+02
1.266951182023529157e+02
1.144999573516647473e+02
1.206279084814684808e+02
1.177205428926111210e+02
1.156416855372482928e+02
1.338881682850053494e+02
1.154336530663021421e+02
1.000541795689232885e+02
1.098920280145161428e+02
1.153498135191982072e+02
1.135763472994182450e+02
1.138129584499025242e+02
1.140087917832358642e+02
1.100696682113774614e+02
1.374242319291942636e+02
1.230346887845188917e+02
1.264164804087264145e+02
1.047260853158504830e+02
1.187221396488191232e+02
1.053304210581582510e+02
1.142492301882469263e+02
1.390242034787626721e+02
1.243281986374543777e+02
1.031590152709413530e+02
1.230335396797050294e+02
1.308983489493262766e+02
1.134516890587385518e+02
1.181580685326068902e+02
1.325425207113107433e+02
1.138058695035070258e+02
1.345485459400678394e+02
1.135717043379756319e+02
1.029485301417108900e+02
1.353573244851228878e+02
1.348199299974789938e+02
1.297898492894503306e+02
1.343549783758357705e+02
1.063639203233562824e+02
1.173591610984531570e+02
1.091511378615655161e+02
1.086407241363606744e+02
1.089525699123826001e+02
1.127547582349639299e+02
1.406765342280317839e+02
1.388221422914221534e+02
1.238284831185954147e+02
1.260642516421028461e+02
1.043658400179669599e+02
1.044457238288796930e+02
1.210580391153423250e+02
1.271898694130845229e+02
1.231926735783991802e+02
1.225057481125606671e+02
1.168405867634965034e+02
1.036009002276580873e+02
1.212526934743623599e+02
1.075901170145079107e+02
1.078537096594885867e+02
1.335412712860247098e+02
1.243168255487219511e+02
1.312683548476036890e+02
1.239922905150058909e+02
1.246436026729378455e+02
1.196691909616219363e+02
1.401543245341487705e+02
1.025179835356741904e+02
1.275705128961895554e+02
1.238490918717391196e+02
1.108367972052929673e+02
1.362962779637651067e+02
1.344359326517070201e+02
1.078205338412205805e+02
1.226161387977155357e+02
1.224630863714769760e+02
1.274211684720879134e+02
1.444817757474380642e+02
1.389620214050596019e+02
1.419640138931421234e+02
1.225808730713302168e+02
1.411044307571187346e+02
1.471614840969755846e+02
1.434226819006443066e+02
1.430067125593903654e+02
1.106574522766220809e+02
1.142515539013725032e+02
1.471073004156440902e+02
1.078274794382999744e+02
1.412818305217041086e+02
1.273219557732496412e+02
1.316575998941750356e+02
1.206250879958759157e+02
1.449633484869492293e+02
1.075748648455764851e+02
1.339389453842674413e+02
1.271766590640845607e+02
1.285089962631574849e+02
1.398703541169599305e+02
1.320825663033286901e+02
1.337000155960284360e+02
1.162583809525776530e+02
1.163913280893058300e+02
1.493405525567144139e+02
1.328561337405298843e+02
1.392139884700569894e+02
1.387134604353915108e+02
1.269919427143993289e+02
1.350515961679592749e+02
1.302552582399950438e+02
1.358837801331075639e+02
1.196751414493152339e+02
1.278996668705078719e+02
1.294853875026352341e+02
1.419331682236581571e+02
1.146254342563733815e+02
1.148883892560787388e+02
1.412036740104460932e+02
1.187309539529083793e+02
1.142932578881018628e+02
1.436346937131987431e+02
1.217100389378958596e+02
1.280924404179888256e+02
1.301306064077498093e+02
1.477826160335769146e+02
1.164711898424519916e+02
1.171970114616256495e+02
1.167313471231339435e+02
1.131778435462892389e+02
1.326920030123616527e+02
1.191029161232647056e+02
1.228586129948668741e+02
1.392590485267264455e+02
1.254416907286040015e+02
1.205407651721992863e+02
1.492308194510025317e+02
1.217944686287668361e+02
1.425061141142984980e+02
1.414530769013979352e+02
1.384582069010904775e+02
1.478080097613838007e+02
1.415365986631093733e+02
1.479803986367403468e+02
1.472012060550912054e+02
1.213468124581215903e+02
1.556208270577516544e+02
1.549616710844573220e+02
1.403918406032194071e+02
1.330251919652573633e+02
1.483459136769312465e+02
1.233357885177606619e+02
1.284547407245596276e+02
1.251577481788554422e+02
1.341884111344865573e+02
1.432399385511228331e+02
1.285809030465183582e+02
1.333055561290699131e+02
1.416046368712668482e+02
1.579251189238266306e+02
1.444177563030515614e+02
1.576084273451260174e+02
1.570720473831497657e+02
1.422321482173759932e+02
1.473279311667768354e+02
1.290258524295594782e+02
1.267639798383021912e+02
1.347366244345160453e+02
1.366523888741456005e+02
1.368197052302952841e+02
1.405581022358326209e+02
1.382997427355862214e+02
1.414209183146571149e+02
1.414330407435095651e+02
1.447669594092236593e+02
1.492533055910947155e+02
1.499911722041973405e+02
1.466817673664952508e+02
1.515871950035325995e+02
1.512419949009449454e+02
1.572891300837708286e+02
1.260606572283461020e+02
1.479390015203299811e+02
1.393310519413615793e+02
1.147567109605481193e+02
1.428563903064010674e+02
1.106027439196799378e+02
1.359522021631523216e+02
1.445167281496276814e+02
1.217310838835403359e+02
1.479580899765938113e+02
1.543797656520453359e+02
1.398542476266624135e+02
1.414924163844362965e+02
1.388082623963242099e+02
1.573609660202452005e+02
1.548400905354304200e+02
1.304591722686876665e+02
1.570212015795145533e+02
1.573365309643019714e+02
1.590857611092547756e+02
1.467538751465601194e+02
1.494487984596586330e+02
1.351460330070046041e+02
1.679365611731917909e+02
1.680287199033505203e+02
1.681468706970013045e+02
1.685421087922393895e+02
1.674128867163443601e+02
1.403558597754967536e+02
1.366960662421209065e+02
1.263665383322363311e+02
1.276827278263010754e+02
1.379060904422725287e+02
1.001041409412281808e+02
1.375773541774723014e+02
1.572087798819199520e+02
1.512397220032200380e+02
1.560420815302186099e+02
1.431114211534156766e+02
1.372049257508527091e+02
1.347720047025093209e+02
1.353539966264741565e+02
1.512409967200140954e+02
1.487108135911340412e+02
1.329665329243588587e+02
1.310082616164246474e+02
1.263236233488435118e+02
1.498138583233972554e+02
1.493897219061723831e+02
1.607924461872875384e+02
1.496000316430679504e+02
1.489278709236554050e+02
1.462674823471986087e+02
1.257749943855347539e+02
1.488001265578527352e+02
1.585867445865459899e+02
1.626493144801447386e+02
1.590709128749233514e+02
1.488044289172960646e+02
1.256462398974637154e+02
8.943801245578073633e+01
8.261058315089643145e+01
8.989487678484947253e+01
8.466795040213546031e+01
1.457951716545248928e+02
8.334935651546771851e+01
8.884228658819921520e+01
8.589724763440808886e+01
1.153814948474129807e+02
7.912361699484891631e+01
1.093699097062885954e+02
1.434174229632599236e+02
8.229501800279530244e+01
8.454715026345371598e+01
9.306855769817963164e+01
8.426869968909726083e+01
8.403795703928852845e+01
7.466034287813175752e+01
1.246344374747923780e+02
1.127987913210005217e+02
1.147907809571152171e+02
8.268654822442584873e+01
9.613323751018423025e+01
1.596513514241734981e+02
9.652113049299443048e+01
8.274121739109250484e+01
8.242625480876341726e+01
8.319792147354698386e+01
8.296416502224145972e+01
9.622310522987895354e+01
9.087423473021054576e+01
8.261058315089643145e+01
1.063692771087238214e+02
8.296416502224145972e+01
8.296416502224145972e+01
6.789907801607839133e+01
9.338217769696687753e+01
7.461778782473524529e+01
6.153888666766217597e+01
7.380929047539119381e+01
1.518835504345340723e+02
1.297110747361312235e+02
8.261058315089643145e+01
1.054230009910883865e+02
1.062260529752387868e+02
8.235877549715311829e+01
8.277902286720848224e+01
1.014690296107582839e+02
9.512012008785235651e+01
9.886696141429879958e+01
1.002377915311430883e+02
1.095320916150305379e+02
1.036009002276580873e+02
1.156009489556903276e+02
1.264597164945239882e+02
1.049133725981302803e+02
1.304591466474612673e+02
1.109710204951639270e+02
8.199157174510561674e+01
8.728516349710176314e+01
1.060472160776331378e+02
8.496401968629690771e+01
8.246477383817612861e+01
8.255025354807733606e+01
8.241301556983934518e+01
1.087299787708195709e+02
8.285694086158741811e+01
9.317805763940901898e+01
1.015088454764190544e+02
9.359777424893849229e+01
1.114350069399914958e+02
1.000293785504612174e+02
1.040306573866119635e+02
1.135051043441892631e+02
1.147582780178950657e+02
1.230842555261620248e+02
1.224005137722477059e+02
1.012263006730393613e+02
8.145920767648499350e+01
8.179687121339853206e+01
9.796748041156122611e+01
8.357518401907896077e+01
8.707675487655588142e+01
9.911314390034732469e+01
1.045225538005603312e+02
8.267301609239120808e+01
1.117817518540478119e+02
9.944941917377883556e+01
9.584564139416623618e+01
1.146014632347420843e+02
1.095394750758563589e+02
8.504328392033428941e+01
1.117773075593928667e+02
1.289461295592138015e+02
1.081849054018133813e+02
1.083987775385008945e+02
1.042887095865585820e+02
1.395701655780439694e+02
1.454379929587850313e+02
1.424697860582942042e+02
1.382464426425291322e+02
1.441428325104496935e+02
1.551580195301698666e+02
1.025985721089252820e+02
1.195525273793057437e+02
8.320827464412269592e+01
8.228111924715311432e+01
1.075845947667627769e+02
1.195286616711931345e+02
1.131642081450248583e+02
1.063639203233562824e+02
1.153829701240019716e+02
1.167358725859252502e+02
1.388583481641151707e+02
1.450664020843895514e+02
1.486550425929956134e+02
