8.861897327237660704e+01
1.158223511002963733e+02
8.555883876269692223e+01
8.166001662996268351e+01
9.270650838012031159e+01
1.137301397273205197e+02
9.797532358427471877e+01
1.089346650001087369e+02
9.086249370806743286e+01
9.287730804798668771e+01
8.142230055266168165e+01
1.083308203211960006e+02
8.991277325712626123e+01
1.107266453657243801e+02
9.075433695792889921e+01
9.603500911710109733e+01
1.002696226332038947e+02
8.846110433909039727e+01
8.299019479568900692e+01
9.005853621028623479e+01
8.229122792932983543e+01
8.953890490116461365e+01
1.094029543817501633e+02
9.523989164037362798e+01
8.122161749061750413e+01
8.143298208593779464e+01
1.044111307840754677e+02
8.142993854403448495e+01
1.188131319455254840e+02
1.149736363515855544e+02
1.014669643022980239e+02
9.940255460391793463e+01
8.803386159808732714e+01
8.162588403244022572e+01
9.920255460391793179e+01
1.087435043453073149e+02
1.103459420112921094e+02
9.476136812695210665e+01
9.153432208843568674e+01
9.948013668659933728e+01
1.037573103823887948e+02
1.085784998601199618e+02
1.000881112870579983e+02
1.023915362489005219e+02
9.325428745290452071e+01
1.084948294923027987e+02
1.119548055925794898e+02
1.099523440058501080e+02
1.144124942554397819e+02
1.207590333900667474e+02
1.119071570532460527e+02
1.016581025443891662e+02
1.042866910278334700e+02
1.020499173285123504e+02
9.228737749910924038e+01
1.069068757537024226e+02
8.116871618635275354e+01
8.866612364606038454e+01
9.214077109029560120e+01
8.518461857844472718e+01
8.147559259959780320e+01
9.416282487870211071e+01
9.291939354746156710e+01
1.051702338342153382e+02
9.885379298169829099e+01
9.930828387505879107e+01
1.039283388121508835e+02
9.816649214923418754e+01
8.143298208593779464e+01
8.279067527984824437e+01
8.163802914938295885e+01
8.123010233910235911e+01
1.241599459005942379e+02
9.179267451344281881e+01
9.386676591978385886e+01
1.107654959690098337e+02
1.132512889500590916e+02
1.091216603748023601e+02
1.143411482060023161e+02
1.012008324522597604e+02
1.100346129357218956e+02
1.107238817562905808e+02
1.143407082928631695e+02
1.030655042747158205e+02
1.011115594727474587e+02
1.037499903565483237e+02
1.139074366413909587e+02
1.162114021018065415e+02
8.123010233910235911e+01
1.235742111475544647e+02
1.101399079705442148e+02
1.176353665640367865e+02
9.204848675329117214e+01
1.175034277964261236e+02
1.136580017942252141e+02
1.005548608869624445e+02
1.130183246444376124e+02
9.750053074275461995e+01
1.103891577206543388e+02
1.110111302878725894e+02
1.079810413599932701e+02
1.158596676827872756e+02
1.050031207598070182e+02
1.076805292982341911e+02
1.174276738852680069e+02
9.691986644039879195e+01
1.118544256787262441e+02
1.068458922158897479e+02
1.052261939332332190e+02
1.070775329547214341e+02
1.277282114927250660e+02
1.202094866963564357e+02
1.130965012279049233e+02
1.093847139226697038e+02
1.051086782842389908e+02
1.024533932639905629e+02
1.024311626858285962e+02
8.143605509324476088e+01
8.176249117529735599e+01
1.186164667103750219e+02
1.103475444021911187e+02
1.087537384664481692e+02
1.117838396511822197e+02
1.045142715131101028e+02
1.119487779629582036e+02
1.111877053177392014e+02
1.142797642054124623e+02
1.216361354694766277e+02
1.019237465466003840e+02
1.056971281149635189e+02
1.142543597562664388e+02
9.395116409797870460e+01
1.123546114418996780e+02
1.255787620312630679e+02
1.090196457880109051e+02
1.105748846989883560e+02
1.049992704903810647e+02
1.247471693803209405e+02
1.114410360694200364e+02
9.569669508681596426e+01
1.122295819205373704e+02
1.333548476060449843e+02
1.012690447214337723e+02
1.112972628009692642e+02
1.021234790712004923e+02
1.395268281671966974e+02
1.149368095442948032e+02
1.139424834346739743e+02
1.100029200129588247e+02
1.054226846719262909e+02
1.023738619548606863e+02
1.036789551587853850e+02
1.046307674405365304e+02
1.135925607975776330e+02
1.273455878387368614e+02
1.056278190952505582e+02
1.138232486041230658e+02
1.004250890698944119e+02
1.126605536935127247e+02
9.725316248723935075e+01
1.250963035570305948e+02
1.376693128307477991e+02
1.191466936485372798e+02
1.069947443862081968e+02
1.280367338974547238e+02
1.113167694210416130e+02
1.357814582621186901e+02
1.156758245711017565e+02
1.146242186411716943e+02
1.033745866963058546e+02
1.026051631567101765e+02
1.019441207756716494e+02
1.075813075195719080e+02
1.070701913475787990e+02
1.066706927656477575e+02
1.073703352083831675e+02
1.060608194617222608e+02
1.059558008222425798e+02
1.138255219377768412e+02
1.127313004587225294e+02
1.052150492971160389e+02
9.847974826291070372e+01
9.712731376639688108e+01
1.165197993942940968e+02
1.013399259720567613e+02
1.068507698711681115e+02
1.201985363705844492e+02
1.047442520270502087e+02
1.010386252010471395e+02
9.113876909233411538e+01
1.182140205850282655e+02
1.106716481941364094e+02
1.310823926870459104e+02
1.030680741882343909e+02
1.040908643603954431e+02
9.747920330665711219e+01
1.338404259251169890e+02
1.234868885238810776e+02
1.019884883047285768e+02
1.077819292318600333e+02
1.141123215306621574e+02
1.107848109673251145e+02
1.107087526564610727e+02
1.014452414326651564e+02
1.004600777975316390e+02
1.163660185075114697e+02
1.298687987344260648e+02
8.200818828880576916e+01
1.027238242074488852e+02
1.134015390273983144e+02
1.033348526200166191e+02
1.088438714534021869e+02
9.368659391484135313e+01
1.121578103889397937e+02
1.116152770746181062e+02
1.434672158601478884e+02
1.274256926799511405e+02
1.195374707487696071e+02
1.356241516769114810e+02
1.141726532938980796e+02
1.163225394388401952e+02
1.132964971594228416e+02
1.166064386350426219e+02
1.140143907140218431e+02
1.206781347731907914e+02
1.102115474171945806e+02
1.234253373145515127e+02
1.274831088709426723e+02
1.208546926896702303e+02
1.319977031312169515e+02
1.012659025264897821e+02
1.111145353873627499e+02
1.334274478928033147e+02
1.260006759342915643e+02
1.089253833635081463e+02
1.129356706442058709e+02
1.235528706245479924e+02
1.021900730306094403e+02
1.261169553344174972e+02
1.197489228164707811e+02
1.278113677958384216e+02
1.131013240181840445e+02
1.129199183197856513e+02
1.161288551376056830e+02
1.047365515629988977e+02
1.122206639610983103e+02
1.151588659001429278e+02
1.142371616500424096e+02
1.151684116500424153e+02
1.151684116500424153e+02
1.108238922096772114e+02
1.326942536993515205e+02
1.252185511892220404e+02
1.285893647739342214e+02
1.048362762584161345e+02
1.176249165919960689e+02
1.083442006617129749e+02
1.160409999425413616e+02
1.249636856623815220e+02
1.150021498923200909e+02
1.395030478506058955e+02
1.279982561337717470e+02
1.135706552631791055e+02
1.049874769444803775e+02
1.235363119937500187e+02
1.288597744507578113e+02
1.323187032387076556e+02
1.159302107049574744e+02
1.315877079960757783e+02
1.100246744676566806e+02
1.070246795338768209e+02
1.381118979193376788e+02
1.329198609891414549e+02
1.319495773058106636e+02
1.325493569395825659e+02
1.055965702741254120e+02
1.066009365905781010e+02
1.060666645696525308e+02
1.102214326145616923e+02
1.404910975065273249e+02
1.384150934651823377e+02
1.113998452626665880e+02
1.130147589136656308e+02
1.248586508801703303e+02
1.252463997801605728e+02
1.108747787643040255e+02
1.248154160899511567e+02
1.246339523466559598e+02
1.233218217447324463e+02
1.195288759979482904e+02
1.067615705505504735e+02
1.231776567388599659e+02
1.092151047044643377e+02
1.105164279573624952e+02
1.270953091918778881e+02
1.296258898936997070e+02
1.297443970344261004e+02
1.243667042825053528e+02
1.319947581729967112e+02
1.344657797343145376e+02
1.216351238950894356e+02
1.399964423186000033e+02
1.035036122597105361e+02
1.273399993717787879e+02
1.165990766096012408e+02
1.118439794302553594e+02
1.417425331668351021e+02
1.361388261975567673e+02
1.111037720615960751e+02
1.297408766782118903e+02
1.229398330529906360e+02
1.212720046315342444e+02
1.459161369799982140e+02
1.413836424277783692e+02
1.412730769870753420e+02
1.210386471060094209e+02
1.403283221986181388e+02
1.471256890178500782e+02
1.454059522725992792e+02
1.419229078044253072e+02
1.142981019397339963e+02
1.197842330044662589e+02
1.491720530810555658e+02
1.068311681107482229e+02
1.407998919422797144e+02
1.321264857555697461e+02
1.285587705984573006e+02
1.237529260289387878e+02
1.393096789942941882e+02
1.388497054079212489e+02
1.121341165698245987e+02
1.253996980463816868e+02
1.185096630030996607e+02
1.388289716389939485e+02
1.282212439084377991e+02
1.412798442137492714e+02
1.352385736123662241e+02
1.348287846513272541e+02
1.298666463120902392e+02
1.149138477028471357e+02
1.174573243175028097e+02
1.479474393416659268e+02
1.288087936508730138e+02
1.472284719740400192e+02
1.233111578850394352e+02
1.362735780793665867e+02
1.381933460698596434e+02
1.176435512134457326e+02
1.256211167157707393e+02
1.383184132586676753e+02
1.144051412552725111e+02
1.455076879371058567e+02
1.155209008617538728e+02
1.447380003748171191e+02
1.285718262347692189e+02
1.146171503177377957e+02
1.456392556745263391e+02
1.244941567883277571e+02
1.226936130217803651e+02
1.329378417020746497e+02
1.433619460885427657e+02
1.353046213924615699e+02
1.180149940519701062e+02
1.218064973514774181e+02
1.134578746713029176e+02
1.169242410842382469e+02
1.171341628249171976e+02
1.427562570091157568e+02
1.238970833605904289e+02
1.217651526413979042e+02
1.376501093483294937e+02
1.238837130297231113e+02
1.218195699650153045e+02
1.204435218000362369e+02
1.465427116207538347e+02
1.387111421030897702e+02
1.307590405024860445e+02
1.459399797251959683e+02
1.406865067811494896e+02
1.550389065947533140e+02
1.269271072315807345e+02
1.490178053665076732e+02
1.574839630497134522e+02
1.507983787381299692e+02
1.375231998016751049e+02
1.317131082036301564e+02
1.147825141168553671e+02
1.443497283843894934e+02
1.219061583164875486e+02
1.310647483785681118e+02
1.233873808808126000e+02
1.296964985397518149e+02
1.451891572210223558e+02
1.274454531818481939e+02
1.411530587589171546e+02
1.412562772213011613e+02
1.547277754552409590e+02
1.481104876723037762e+02
1.372412964523436756e+02
1.546250092714068387e+02
1.562023322350099477e+02
1.413370655618585658e+02
1.500144473764388238e+02
1.393928756660774866e+02
1.238801347090550280e+02
1.265973862393969114e+02
1.267500961915965689e+02
1.387384319686874790e+02
1.316727230202468775e+02
1.418314007262395648e+02
1.371330407225439956e+02
1.431955398962762729e+02
1.393897846542134289e+02
1.526023391777194433e+02
1.519778745036306873e+02
1.497628933245961207e+02
1.355045479344457249e+02
1.570010044951929729e+02
1.542995875066570193e+02
1.544847428253427211e+02
1.536918288077839634e+02
1.264099104301821512e+02
1.476080845794648724e+02
1.249627619373318765e+02
1.366428723053238059e+02
1.167094945599399978e+02
1.425583016749675380e+02
1.149641571992334121e+02
1.452085864366071348e+02
1.556112934962031318e+02
1.284603734151660888e+02
1.481404019269109540e+02
1.548846597919402939e+02
1.490551645990546774e+02
1.498287640356837187e+02
1.417091027474874068e+02
1.414460492219408536e+02
1.315984081505386598e+02
1.559071883393837652e+02
1.522245120675476926e+02
1.561065710220988763e+02
1.598726262827663334e+02
1.607793391979558066e+02
1.461465802968394883e+02
1.521325534706438134e+02
1.655927521219084326e+02
1.661648354552417572e+02
1.662493809097872202e+02
1.652051508147188770e+02
1.386982286447072852e+02
1.363078921457038177e+02
1.263906650632064839e+02
1.315349415984138943e+02
1.347749464718048671e+02
1.389647059670106160e+02
1.273900737181284910e+02
1.254720050506848281e+02
1.381875112330487809e+02
1.572199455149059304e+02
1.532080536468640162e+02
1.541945375489466414e+02
1.471727298235278170e+02
1.497586477083552836e+02
1.267907150097203157e+02
1.349943618623847783e+02
1.343180140799547644e+02
1.587528539004352979e+02
1.459855658464098553e+02
1.326299463060915116e+02
1.292438818197902322e+02
1.312824585252801626e+02
1.507335572862672279e+02
1.590668071491293745e+02
1.606442198875319605e+02
1.504225696790138613e+02
1.531840860993450519e+02
1.319176163201565259e+02
1.482866412330489538e+02
1.581620123275151286e+02
1.638439141687921961e+02
8.125295948195949336e+01
1.528581619019634559e+02
1.286145252461831490e+02
8.261553682553804379e+01
8.748167326038731062e+01
8.157121096756478096e+01
8.748066202369450650e+01
8.856052774993369781e+01
1.446611135367753320e+02
8.175106456659131027e+01
8.954315194982322623e+01
8.501378985067822214e+01
1.248560408438337532e+02
8.425472643456367905e+01
1.091848360942385199e+02
1.132265886954967300e+02
8.679152323943336000e+01
9.946635950290301764e+01
8.226556762109508725e+01
6.272197768568467069e+01
8.113691001309086914e+01
7.242707326675490265e+01
1.285954121478121692e+02
1.131516313351306309e+02
1.104571774981990586e+02
1.200769528386230007e+02
8.140881468636050045e+01
1.002341059008730184e+02
1.580845711399954610e+02
1.042985614366933476e+02
8.048798112698113982e+01
8.294691782734921048e+01
8.187798764351438763e+01
8.133288011688014763e+01
9.930828387505879107e+01
9.125197867522743422e+01
8.126606193506195552e+01
8.120237684355771535e+01
8.120237684355771535e+01
7.632922946325747660e+01
9.612410976824182285e+01
7.891566354292017138e+01
5.757897877199575731e+01
8.175255608231645965e+01
1.538792650426935893e+02
1.319129798752317697e+02
8.113555866173953746e+01
1.078540914293715502e+02
1.042275592263150372e+02
8.112494358237445624e+01
8.157121096756478096e+01
9.822817886699998269e+01
9.203155692863064985e+01
9.429211239937686173e+01
1.035974406042847846e+02
1.098526250746683246e+02
1.068852320039275412e+02
1.169559254142290996e+02
1.095600840875019060e+02
1.282481350430341251e+02
8.096883971283972414e+01
9.235798301964678103e+01
1.084603845920072303e+02
8.673141113032055216e+01
8.107429830013205674e+01
8.109959906577992683e+01
8.125080867689879938e+01
1.112553849998212314e+02
8.125544685569687431e+01
9.283671898501658859e+01
1.006549306581350436e+02
9.061729897754000262e+01
1.120558204914102589e+02
1.010308088120363124e+02
1.035236845733978868e+02
1.094511528750973497e+02
1.132800340503853249e+02
1.296507886530885969e+02
1.192570440801701324e+02
1.016718146128440878e+02
8.113691001309086914e+01
8.081583643951729812e+01
8.110544685569686862e+01
1.013882346646723249e+02
8.115301546711140190e+01
8.888733545066570230e+01
9.755465391066184111e+01
8.137907271150359634e+01
1.050085459178290250e+02
9.517780739792854661e+01
9.739696496038440898e+01
1.198016941874520427e+02
1.119736828926733097e+02
8.779591020159750769e+01
1.150342887760489674e+02
1.047321744811892330e+02
1.185602709527010887e+02
1.107481702118845988e+02
1.288322447226492216e+02
1.116167164939965204e+02
1.047244770102456357e+02
1.029354029880874037e+02
1.423236482820694562e+02
1.475680963624654964e+02
1.454458263190889511e+02
1.393054306980141916e+02
1.493369957122864662e+02
1.360918214980370067e+02
1.550185415979606773e+02
1.009728535359557782e+02
1.101380633144586767e+02
1.289171805431201392e+02
8.142284531548187942e+01
8.126110737547790563e+01
1.051843835450489593e+02
1.203382084845510036e+02
1.099218357732112565e+02
1.051609179683001827e+02
1.182078172522280681e+02
1.177623489423711050e+02
1.406904220607898708e+02
1.473262881153633543e+02
1.414887461835452029e+02
1.562144765230638654e+02
