8.746818914890044994e+01
9.298936594938902545e+01
8.253380774397248842e+01
9.796203220652327559e+01
1.128411943534639477e+02
9.634035565594965078e+01
1.107884444762509588e+02
9.042531534747155320e+01
9.410170189801446838e+01
8.242175702490406763e+01
1.068085125241416193e+02
8.992885439083524091e+01
1.043404397470763456e+02
8.812907776827358930e+01
9.902088752065481003e+01
9.651842742573572309e+01
8.987292073497235378e+01
9.069655740170685476e+01
8.361272826247602552e+01
8.765365380895985936e+01
8.330314854143989578e+01
9.285548307338265772e+01
1.158626654851713198e+02
9.796566600298787364e+01
8.208207021405904413e+01
8.304561963763859467e+01
1.037393162385433953e+02
1.180928498464783161e+02
1.108577815727594214e+02
1.018253214622320542e+02
9.757797414150901716e+01
8.565868717993087955e+01
8.209424260413896945e+01
1.046167771548102081e+02
1.020635814566513773e+02
1.103777919422424247e+02
9.557363567666840254e+01
9.400022638847316614e+01
9.944760682559959264e+01
1.032907917036081216e+02
1.072124556769735904e+02
1.031304817431929877e+02
9.908848910653894393e+01
9.597547520914429242e+01
1.093158439996382185e+02
1.114306701893264346e+02
1.072479943092239409e+02
1.160110589927123499e+02
1.117336126114073807e+02
1.050373581368831140e+02
1.019068999354195171e+02
9.983625192526019987e+01
8.220249816765220885e+01
9.413851204945873974e+01
1.074541063179380558e+02
8.258873818118948407e+01
1.096356505581430270e+02
1.067590489597842804e+02
9.365208396903794608e+01
8.733284736216575084e+01
8.241984694077845575e+01
9.901168477528567280e+01
9.408373456704411808e+01
1.055341134398628640e+02
9.754065641812516674e+01
9.770478889629885089e+01
1.002319681055926424e+02
9.772061023343351849e+01
8.304561963763859467e+01
8.274079187080619135e+01
8.337492491764845681e+01
1.278946832982276476e+02
8.294327001357845575e+01
9.679101306946856198e+01
1.206382428554366726e+02
1.188921934764341302e+02
9.362853693710903258e+01
1.062206712975509504e+02
1.089247280854981881e+02
1.091680890455472905e+02
1.199424954118707944e+02
9.698849017197132127e+01
1.133133084232864292e+02
1.130041140132974817e+02
1.031662537567084286e+02
1.005720548978029001e+02
1.267298882847157557e+02
1.071303025454723183e+02
1.090807765282201700e+02
1.136631817871440973e+02
8.308160334691177695e+01
1.199286103769102567e+02
1.229103861725746469e+02
9.649167325262330053e+01
1.044184468642706776e+02
1.160496205023348182e+02
1.184791302916536893e+02
1.154380354163242401e+02
1.179960950055105258e+02
9.870350032180786570e+01
1.085027302858558755e+02
9.511208623713019961e+01
1.095466065968579699e+02
1.080222612709441705e+02
1.035731962684906762e+02
1.132347347807668996e+02
1.052119500033961259e+02
1.121573830821579918e+02
1.097590667416263983e+02
9.754971454589123425e+01
1.067391197281367141e+02
1.085932146741801034e+02
1.026713642165619547e+02
1.007808625985717583e+02
1.033088194046191717e+02
9.945527770427015923e+01
1.238279742991167609e+02
1.249763608058552506e+02
1.245081500389927385e+02
1.119042298161809015e+02
1.070589744225619171e+02
1.029614061529906337e+02
1.235953175983147361e+02
1.001284482099725608e+02
1.030413715071836265e+02
8.241984694077845575e+01
8.280871852250919574e+01
1.004463746536063269e+02
1.200298181947742648e+02
1.058761443717097421e+02
1.071219910058469509e+02
1.093575805214506289e+02
1.070564852439968888e+02
1.033290268293194742e+02
1.119136070637728011e+02
1.112764802250675586e+02
1.179115248198413894e+02
1.136255158547385093e+02
1.194519898176575339e+02
9.999756485606827994e+01
1.049172461178812483e+02
1.046418937250211769e+02
9.471989466168578531e+01
1.072346111038924050e+02
1.256115764723388253e+02
1.027675953978805694e+02
1.074145257872710744e+02
1.227510087228037321e+02
9.563836054222150551e+01
1.117864724459824117e+02
9.952490500791296313e+01
1.135851535512592676e+02
9.950858255875034786e+01
1.435337577011965209e+02
1.135977063350382110e+02
1.110279243856953713e+02
1.070539273121669055e+02
1.101290432064112679e+02
1.010996456315785821e+02
1.014802773185066798e+02
1.000493068966019052e+02
1.146488146006125675e+02
1.296758077344456979e+02
1.027948741777241679e+02
1.099718282947077910e+02
1.007935443665908792e+02
1.092247536407846695e+02
9.737162474779769639e+01
1.285068058748232716e+02
1.340114239175201192e+02
1.133231543308579177e+02
1.034894951107165895e+02
1.286350693838407722e+02
1.097468202424404922e+02
1.383713509667714732e+02
1.114538432371295329e+02
1.142322828943942312e+02
1.026648841559776599e+02
1.009722790714829728e+02
1.090665263225380102e+02
1.082495316713897324e+02
1.068977549269413032e+02
1.105494704706150912e+02
1.072979028333714666e+02
1.056564603705190848e+02
1.025136125533453395e+02
1.089863952661814466e+02
1.107480313643560805e+02
1.012605265215543682e+02
1.035620772742684039e+02
9.976215742882767756e+01
9.774506598827190373e+01
9.764985625878392739e+01
1.134424138915903910e+02
9.645353551883511045e+01
1.036833885795902290e+02
1.207297858268358794e+02
9.976652290182978788e+01
9.052269258164682242e+01
1.140385702070541356e+02
1.014202131625390848e+02
1.157987507614535048e+02
1.093664509182528661e+02
1.240934037364740874e+02
1.000129645319214546e+02
1.001334825391294032e+02
9.893916598718762145e+01
1.372840385330789559e+02
1.245681156672234380e+02
1.007978625919066502e+02
1.085397328110161368e+02
1.132995567784569175e+02
1.087209829282027158e+02
1.050902277830273164e+02
1.032051324887505075e+02
1.011352746440433918e+02
1.009910064571680692e+02
1.272044849434227132e+02
8.378743080899184292e+01
1.015385741128218200e+02
1.146567007227781403e+02
1.062509925734555480e+02
1.153416290239820796e+02
1.009371858201049434e+02
1.103078353262802693e+02
1.429115354041251749e+02
1.214580829320700417e+02
1.235026489580182698e+02
1.403745827046238617e+02
1.150615172180252017e+02
1.190444600258460639e+02
1.126565624995482011e+02
1.170504551768246273e+02
1.088094406258524458e+02
1.135261024246873518e+02
1.245062636138062260e+02
1.239175602574778736e+02
1.141111003586234460e+02
1.339622539354775483e+02
1.006103462515118281e+02
1.350334941494149348e+02
1.237806305112176659e+02
1.071379591356314052e+02
1.109133536454223048e+02
1.188320579636394854e+02
1.020135406102445899e+02
1.340536311853326481e+02
1.275351371112466268e+02
1.208620869985812050e+02
1.324813464430648935e+02
1.119617491054322187e+02
1.150945916821351176e+02
1.182054806568919787e+02
1.156843592482403551e+02
1.349216534957643034e+02
1.163237852895485105e+02
1.017831265471899513e+02
1.120803530013070883e+02
1.128072189307679736e+02
1.131013414721318640e+02
1.127308953688085893e+02
1.127308953688085893e+02
1.346171381339859465e+02
1.019183237992938729e+02
1.064373100109776260e+02
1.294944883099921924e+02
1.134369174220751688e+02
1.421017373180658012e+02
1.321891226213362529e+02
1.137431925117379166e+02
1.055561495366852114e+02
1.262456625833649468e+02
1.302900181299154667e+02
1.276368543866383618e+02
1.097332784476474785e+02
1.275903703046030984e+02
1.374990417232432378e+02
1.149624799588223425e+02
1.331566684891396051e+02
1.080111076725389552e+02
1.048134694257675505e+02
1.389947613498483179e+02
1.364961218509366745e+02
1.308030735209163709e+02
1.361171671473005915e+02
1.011803070318906066e+02
1.133124693302902841e+02
1.083242025419387744e+02
1.057867511486235799e+02
1.169864182774260257e+02
1.430808781038010125e+02
1.462271047459699105e+02
1.107645035161367559e+02
1.122569257152459414e+02
1.245220778536846353e+02
1.264379991924984239e+02
1.065367732113714538e+02
1.140216159802704965e+02
1.259071415122885753e+02
1.257039096094955823e+02
1.156076353454639047e+02
1.078225832701222231e+02
1.315121332767458000e+02
1.092562151367168894e+02
1.056425287761112770e+02
1.294465586733175542e+02
1.272772738282040450e+02
1.343837303285928328e+02
1.253647418864444774e+02
1.275845312365460131e+02
1.338136290108213302e+02
1.223511761246234784e+02
1.018641385271369018e+02
1.283364523566899038e+02
1.233448813175354530e+02
1.139282284606128428e+02
1.392470382028392351e+02
1.380791347614924405e+02
1.089913550941214737e+02
1.313414977090182845e+02
1.200584584450279522e+02
1.229680647189398428e+02
1.424865527733208523e+02
1.431198571086924858e+02
1.437018585720960004e+02
1.248241120669389943e+02
1.439383744380752148e+02
1.477878356762469423e+02
1.432082900727828587e+02
1.080572961700477350e+02
1.139177222536213065e+02
1.464534494282627293e+02
1.113074034482824857e+02
1.426089770169534745e+02
1.293369635076350619e+02
1.313548364356702791e+02
1.269275873920279167e+02
1.431161341065389934e+02
1.377180428461357735e+02
1.095790336326264196e+02
1.238395397980285111e+02
1.413101051594523483e+02
1.283798538370612903e+02
1.393941511658728984e+02
1.358987166475346555e+02
1.352707509415364200e+02
1.304476137846839947e+02
1.472738813532987194e+02
1.097861760553548152e+02
1.456442817329060802e+02
1.274841747883855305e+02
1.418863764755710974e+02
1.179530383123678945e+02
1.504333173690119168e+02
1.402065658568333788e+02
1.326431578652681083e+02
1.358608293813204853e+02
1.176337801888718388e+02
1.386333714331202600e+02
1.453077003811972361e+02
1.141658784917082841e+02
1.455544514194170347e+02
1.144756477369739400e+02
1.418969809460674298e+02
1.232186300211524070e+02
1.123332025839189612e+02
1.443700072799386476e+02
1.231292399791895349e+02
1.226781248248434650e+02
1.462820972936065118e+02
1.358919126404801148e+02
1.215509340692618423e+02
1.197518983824218708e+02
1.211716682550338220e+02
1.111036853856820130e+02
1.160395163834092926e+02
1.163179468961660632e+02
1.434455065916812657e+02
1.235144581163615385e+02
1.187697823030198236e+02
1.270333744310533035e+02
1.189508200942896394e+02
1.497475440273389893e+02
1.171739027677287055e+02
1.449507795803863246e+02
1.397468452814590876e+02
1.297680393794846623e+02
1.455466317198327886e+02
1.393319029741773534e+02
1.467812383137171537e+02
1.474205456432541439e+02
1.205291695015414888e+02
1.426331201240901123e+02
1.551876133981071177e+02
1.476683278537450121e+02
1.419468582209798058e+02
1.300394068970133787e+02
1.173784178711714361e+02
1.483079679586676605e+02
1.501233608454619173e+02
1.283697666083922684e+02
1.333247236041474935e+02
1.289674330024712674e+02
1.337927790875681069e+02
1.476583626954741817e+02
1.317797010977832315e+02
1.391154012447875346e+02
1.421430936126016036e+02
1.548599231643063661e+02
1.364194162600123263e+02
1.532965295554868703e+02
1.422136746696600653e+02
1.473561286896012348e+02
1.412330457669465886e+02
1.266302403021815621e+02
1.257646293621911013e+02
1.357204867234695200e+02
1.427713310349670337e+02
1.339985589419871133e+02
1.449973352286721422e+02
1.444884218667093876e+02
1.455308642027097221e+02
1.405179332089273601e+02
1.436334359127228311e+02
1.487847036893095094e+02
1.510234370051348947e+02
1.446292817436500968e+02
1.526183932864708765e+02
1.516560759112088590e+02
1.541235111955201660e+02
1.512934893005610206e+02
1.535555057148503693e+02
1.192836603941327098e+02
1.480309521601610072e+02
1.155429056557434393e+02
1.394649810593468260e+02
1.187637303774869935e+02
1.461848854669179332e+02
1.150679396474696574e+02
1.386893884287422622e+02
1.515204862820605740e+02
1.261930314759366922e+02
1.481663730226788118e+02
1.474679247854673463e+02
1.478550360627972964e+02
1.550273296733631412e+02
1.409180006820151050e+02
1.449823354790709971e+02
1.404914871442242941e+02
1.539441387762697673e+02
1.363324894993228895e+02
1.504149336917286348e+02
1.570608734008545753e+02
1.555001294304243231e+02
1.448157912677608579e+02
1.479210446285106002e+02
1.329614924060090857e+02
1.606898826074967701e+02
1.609687572360569447e+02
1.613511478788684030e+02
1.608192830647609526e+02
1.460014124299513867e+02
1.421210218139581229e+02
1.277368765055942248e+02
1.422691089055231259e+02
1.398680268351737652e+02
1.413079668160005440e+02
1.160517688607510109e+02
1.160517688607510109e+02
1.485213902140183961e+02
1.556363879766158504e+02
1.505580587305977360e+02
1.450827171888546445e+02
1.486831490612144648e+02
1.451320067690058409e+02
1.289723723843781045e+02
1.382579355143942337e+02
1.407604747925782362e+02
1.520669875692309745e+02
1.474991116751433822e+02
1.342825761966780931e+02
1.504665088431161735e+02
1.584253063682859306e+02
1.462016991758262634e+02
1.516029935234684274e+02
1.553956167181049466e+02
1.278872870950648206e+02
1.482116835319361599e+02
1.614525142567391924e+02
1.575982378355204219e+02
1.613249033457726966e+02
8.222977339976222311e+01
1.437855068421368969e+02
1.290101415973630594e+02
8.376608644249779445e+01
8.302590834621931037e+01
9.079344632407796212e+01
8.138365671187679595e+01
1.493535322364799640e+02
8.318452280327709047e+01
8.933184687404404656e+01
8.791992886967462084e+01
1.271362577607246749e+02
8.412245220525684886e+01
1.064343543264551641e+02
1.433488283844933164e+02
8.228888389486579058e+01
8.735745469417341269e+01
9.776844227269987186e+01
8.318810603472246612e+01
6.670974648394755491e+01
8.359784425290079923e+01
7.260290936701952091e+01
1.118368847316676238e+02
1.104874628030951982e+02
1.167729818462302944e+02
9.892698683858995423e+01
1.565735925328755229e+02
9.975648908864397413e+01
8.369932956103346555e+01
8.304561963763859467e+01
9.770478889629885089e+01
9.365423165808421402e+01
8.274905656842184953e+01
1.060966947438841572e+02
8.318395297097194430e+01
8.069135596319969750e+01
9.316016275579744388e+01
8.885856887297791218e+01
7.005984412357611291e+01
7.770096649285081014e+01
1.535984229886039429e+02
1.357455221341464835e+02
8.267599350535877534e+01
1.069347301819845342e+02
1.047973564609312689e+02
8.235071090483593537e+01
8.305743401338017406e+01
1.003421873164729732e+02
9.320653069362204235e+01
9.548577657906508875e+01
1.031858963086735343e+02
1.088384381180451612e+02
1.076747643951373448e+02
1.148496291553768316e+02
1.010521854651892113e+02
1.291769225687342555e+02
1.116019825159332584e+02
9.524833487790300524e+01
1.087153363977786853e+02
8.513792063655240838e+01
8.217436188072571213e+01
8.287020695051538155e+01
8.245777513527681890e+01
1.119914441282814153e+02
8.254443643294439426e+01
9.459301795071232277e+01
1.010449417101208098e+02
9.120266986648196905e+01
1.107662068697912900e+02
9.671341697884270161e+01
1.020681425774066042e+02
1.146275019425630859e+02
1.153679872169737450e+02
1.015365592891490394e+02
8.359784425290079923e+01
8.231879945569927770e+01
8.185277383481306401e+01
8.228888389486579058e+01
8.748110544628509899e+01
9.647237943310230435e+01
1.045365265164023185e+02
8.281599626548283766e+01
1.106053798768623579e+02
9.614290545759163820e+01
1.172199279451997569e+02
1.088307206167546468e+02
8.562073847557613249e+01
1.107693288533457832e+02
1.027729346960286136e+02
1.163231030340872394e+02
1.135751997187764744e+02
1.317017738426133633e+02
1.088367787001121911e+02
1.064277107972604171e+02
1.423311880961216787e+02
1.467290222461264193e+02
1.420705834094756597e+02
1.440684603116905009e+02
1.450364813709194891e+02
1.370999811546806484e+02
1.507559180806568406e+02
9.900505107316570275e+01
1.063796675688014659e+02
8.313558293453523618e+01
8.233346121356484559e+01
1.039647075014063802e+02
1.197029059949402097e+02
1.120364589384931691e+02
1.222213604989396316e+02
1.434261617256351542e+02
1.461676900243669195e+02
1.420911615325673552e+02
1.472396002018525678e+02
