8.997042657943352140e+01
1.139894968086897791e+02
8.721339607348244272e+01
8.138145279812029287e+01
9.031375971543349124e+01
1.134584704780335471e+02
9.602435261058283800e+01
9.346137899109483271e+01
9.774055974933941116e+01
8.174341280159941903e+01
1.065262641876664560e+02
1.087583251331399055e+02
9.065683169191734692e+01
9.731294279026471372e+01
9.786521903640807807e+01
8.612365285898904688e+01
8.936344260118683280e+01
9.049999929434947887e+01
8.526287266419635102e+01
9.289652999175746118e+01
1.118166876524971798e+02
9.684870219571155303e+01
8.215793314400214342e+01
8.262971345704974624e+01
1.012329204291400089e+02
8.365187063145333468e+01
1.211704327015516753e+02
1.172156540410033045e+02
8.450894699646070762e+01
8.168774955053496001e+01
1.000062597464090004e+02
1.101364949406974176e+02
1.028678567772242332e+02
1.131343564173789247e+02
9.585259858155940549e+01
9.496048962790359838e+01
9.843530956792615427e+01
1.070974535776900041e+02
1.107877937369694621e+02
1.074389181188396378e+02
9.425074107855843408e+01
1.100396619638462994e+02
1.099491489293139210e+02
1.157216711465130174e+02
1.171063618858196094e+02
1.129995667066424403e+02
1.045665274404576479e+02
1.038533008967264664e+02
1.004639952189854029e+02
8.199771288068426145e+01
9.317946502972587552e+01
1.068752632898793848e+02
1.130129762280859893e+02
8.834121024884710494e+01
1.096207838974405036e+02
9.266277292119161757e+01
8.809502520570721629e+01
8.249578067652717550e+01
9.493191871138600391e+01
9.607367261346492171e+01
1.056788262606101796e+02
9.563810272113069288e+01
9.747813218092809961e+01
9.771944828419556472e+01
8.262971345704974624e+01
8.416422359289960298e+01
8.264839967247675645e+01
1.304130636214192123e+02
8.226837818534237101e+01
9.627063162507961636e+01
1.265908225014134985e+02
1.231884164742722874e+02
9.884240881473475326e+01
1.119221278523993988e+02
1.090801889770564372e+02
1.226786040235137136e+02
1.025323537080378316e+02
1.078714856515582028e+02
1.088658158681394923e+02
1.073159530005897437e+02
1.016240330504472951e+02
1.185977566479090939e+02
1.072116444738965271e+02
1.161311426370371294e+02
8.226271035741456217e+01
1.272215297481627374e+02
9.747342939281050178e+01
1.088692386348215564e+02
1.211713640815280826e+02
1.159489301173145748e+02
9.396678900030238424e+01
1.134475689989685208e+02
1.127422741968873936e+02
1.000768233919436909e+02
1.025374381459323843e+02
9.876756731311309068e+01
1.145753377343746990e+02
9.792701142535219105e+01
1.075995307488066004e+02
1.156364599196897984e+02
1.088452011827079673e+02
1.081441416916544966e+02
9.797293529426632119e+01
1.115780891107287687e+02
1.104657429574817797e+02
1.071422073303954079e+02
1.059372429379648679e+02
1.049422291326155374e+02
9.566148910270635497e+01
1.214894707659277771e+02
1.237240633437711494e+02
1.284985435669507012e+02
1.181293336138451764e+02
1.057493901188369136e+02
1.193535809595537103e+02
9.767879474149916064e+01
1.069652143921435226e+02
8.197986168103388138e+01
8.231355553990010776e+01
9.719433362586403291e+01
1.234523990455490718e+02
1.063942375727180831e+02
1.053712085111700389e+02
1.156424739138310969e+02
1.125175084768788736e+02
1.085977624776753174e+02
1.150211804265537552e+02
1.112206522272009863e+02
1.197519459858208819e+02
1.128778928919348772e+02
1.171395153153549842e+02
1.215439517678977381e+02
1.015889145297728504e+02
1.055713509935983154e+02
1.121699174686138036e+02
9.638958674648921487e+01
1.079971974517362980e+02
1.317164382585631017e+02
1.038477433431524446e+02
1.101223830078172767e+02
1.024550360554399475e+02
1.224200920942368782e+02
1.121853658303646029e+02
1.096150868279621449e+02
1.274096536088377150e+02
1.029935764439096886e+02
1.117228969262803702e+02
1.021143078738397492e+02
1.431941931063586821e+02
1.151186065342640319e+02
1.138369041280658678e+02
1.121784034209735097e+02
1.052782713692422902e+02
1.003795380828534718e+02
1.185324332162473127e+02
1.293575507454907552e+02
1.041458154482427858e+02
1.146227065269358718e+02
9.770189270732865339e+01
1.124653924648390841e+02
9.819219478220912833e+01
1.280119918492146667e+02
1.312551266020067544e+02
1.150959194264141701e+02
1.048962455652194308e+02
1.300537969564509524e+02
1.085206878134819561e+02
1.194265516490077914e+02
1.376648144110883720e+02
1.190365654690613724e+02
1.170441910137744230e+02
1.066269653365702510e+02
1.055046131485484011e+02
1.051607483961124245e+02
1.132129333913488551e+02
1.070661225760785555e+02
1.082924756252125889e+02
1.035368549250793535e+02
1.125763194295348057e+02
1.032921456067594050e+02
1.040403586696332070e+02
1.010114219077091633e+02
1.093413647921872069e+02
1.122675927221702494e+02
9.575952987505161218e+01
1.031401638251274164e+02
9.561249637293448700e+01
9.967928648201112196e+01
9.975701105334687213e+01
1.162053213199489363e+02
9.879166583982160432e+01
1.059915784028363817e+02
1.039149592784658154e+02
1.041715815860679015e+02
9.405706864306947068e+01
1.131159875455149972e+02
1.002576828812315313e+02
1.269992581284572850e+02
1.006574540147054364e+02
1.034209890735579052e+02
1.000110654072891236e+02
1.382029833173079965e+02
1.208477832420992684e+02
1.052809479836587201e+02
1.118221013426288408e+02
1.130384138696710465e+02
1.110292441867653395e+02
1.065165523414446795e+02
1.002189962136620807e+02
1.002999339090778363e+02
1.175232943321711616e+02
1.318744502964929666e+02
8.327477684243726230e+01
1.190705626976169356e+02
1.039191688102143161e+02
1.178236083651108288e+02
1.075099269053136197e+02
1.080104466994749970e+02
9.902365439317131290e+01
1.092421150774894869e+02
1.092638287455864372e+02
1.450628423095046173e+02
1.258722377630768676e+02
1.188875294479303335e+02
1.350647871034587979e+02
1.188797660955834203e+02
1.208730476275631958e+02
1.164847558933802816e+02
1.127501297002155525e+02
1.202155863479182187e+02
1.154218432069675373e+02
1.266418627006776205e+02
1.266916664951673397e+02
1.189523557005913830e+02
1.323529592447978871e+02
1.111754987313092897e+02
1.306915853412822059e+02
1.254069354353336649e+02
1.086174112799714919e+02
1.073154005709929919e+02
1.231699203384719397e+02
1.035352320363476508e+02
1.259415076730038123e+02
1.221220827454982469e+02
1.313337656589854134e+02
1.192616120216723345e+02
1.170715954860148287e+02
1.362228516846589059e+02
1.172991819876066444e+02
1.052345617336679311e+02
1.099994232388807092e+02
1.166879026710655012e+02
1.129685492968186509e+02
1.136304618030913360e+02
1.134158300201456058e+02
1.131452774038310451e+02
1.325601245445706695e+02
1.251656546885269705e+02
1.327448665815516904e+02
1.056794349310248720e+02
1.160065651529827306e+02
1.078302023552215587e+02
1.146478132190596853e+02
1.224598921067357793e+02
1.131963515840199648e+02
1.384714653817250678e+02
1.248417407236805872e+02
1.128939986145589955e+02
1.027138147585451122e+02
1.308234813237233141e+02
1.288936621403394156e+02
1.104068591062527815e+02
1.262504294267008902e+02
1.367640679299677799e+02
1.176930542060213440e+02
1.304219702018089038e+02
1.116706903441767338e+02
1.052993460199338784e+02
1.399117187263877611e+02
1.345311639344299692e+02
1.308222916563191518e+02
1.341044934323622613e+02
1.059260618256008257e+02
1.186833826481937564e+02
1.099664304231784513e+02
1.067594225941190018e+02
1.049400665272106181e+02
1.426758364307813167e+02
1.450277066650624533e+02
1.085577296465825725e+02
1.097856184232132222e+02
1.218765960917099989e+02
1.008258468567751862e+02
1.146560491620676885e+02
1.256599544823145465e+02
1.261246794093635515e+02
1.259545318396906737e+02
1.174629914374045256e+02
1.260330451208009919e+02
1.090204360281808249e+02
1.276943624611233759e+02
1.289155333194225364e+02
1.335453677319103178e+02
1.246379492840783598e+02
1.319772953299036828e+02
1.211348135003740083e+02
1.417899195823102900e+02
1.053785531442644157e+02
1.297294980853606887e+02
1.289332063176148040e+02
1.057211878434693091e+02
1.406430071966823903e+02
1.137740729844510668e+02
1.253319543196194275e+02
1.202522750380881575e+02
1.218054784829065511e+02
1.440213817114418191e+02
1.407730234844268580e+02
1.210947937971235717e+02
1.417355250136385223e+02
1.444450723418545977e+02
1.465987127083735970e+02
1.101323807255855627e+02
1.185042348736907769e+02
1.470888275882508083e+02
1.132207286155154549e+02
1.423720064877911113e+02
1.278238074396859929e+02
1.259151072194009089e+02
1.255485805929863545e+02
1.426635044572788615e+02
1.385632195392182382e+02
1.121938890441596612e+02
1.296860889350100763e+02
1.213099832118993646e+02
1.362578188385598992e+02
1.271167063083405253e+02
1.428373410564134076e+02
1.353987257140916256e+02
1.337862703569487621e+02
1.241435484287068221e+02
1.447668828666898264e+02
1.137682813716812120e+02
1.189918766999135471e+02
1.460079249813652496e+02
1.298829071256966188e+02
1.423841731343902950e+02
1.208362404300796413e+02
1.496692747708951572e+02
1.354556706302055602e+02
1.172049482677479659e+02
1.238287550683244262e+02
1.422910899434219516e+02
1.123463848918601116e+02
1.471826420655972356e+02
1.147561823094661406e+02
1.421838024875935673e+02
1.212033947508550540e+02
1.119399399325003230e+02
1.455554880111283751e+02
1.233766400391693736e+02
1.220804834375344967e+02
1.318986140732853869e+02
1.442436437592846801e+02
1.371482572606905137e+02
1.159428737673207763e+02
1.211154803057889922e+02
1.105056572218026645e+02
1.095253282382906832e+02
1.366089620815103274e+02
1.226380347572432612e+02
1.214867696464619229e+02
1.305653456218153394e+02
1.263384054703571593e+02
1.219766328235980950e+02
1.426661534304047905e+02
1.234031427989489487e+02
1.476981730832187907e+02
1.384194199124897011e+02
1.324659735370698570e+02
1.441320135604084953e+02
1.360668393715237130e+02
1.382882427814424773e+02
1.476567744956127513e+02
1.475004796331803618e+02
1.200855736860006999e+02
1.409077114754012143e+02
1.548801841437717997e+02
1.475227932598336622e+02
1.410066168472826291e+02
1.186693203037017383e+02
1.456356517167422737e+02
1.264148741351386889e+02
1.308370965083835529e+02
1.255267025317025968e+02
1.319212740940689912e+02
1.301249058500353613e+02
1.398873134791147947e+02
1.394963543131245274e+02
1.542002736523712372e+02
1.454543700327921272e+02
1.347664390071481648e+02
1.543686611620358917e+02
1.547036016155803964e+02
1.431352630092149809e+02
1.496722334722628602e+02
1.381904810563287924e+02
1.332456515646351534e+02
1.230776189301004990e+02
1.340019095782842840e+02
1.361155274657985501e+02
1.331108435241542054e+02
1.393161421301303449e+02
1.444686414695337646e+02
1.387407647587878614e+02
1.427828575653051928e+02
1.501866406935359350e+02
1.513569446268245997e+02
1.421508033094787606e+02
1.416538834444954773e+02
1.536565545450896195e+02
1.525595360891622363e+02
1.502940688128760769e+02
1.523471282777045133e+02
1.255220278937076159e+02
1.493447945176195617e+02
1.203714356492897792e+02
1.182583870352264341e+02
1.387022379381920132e+02
1.187823659974486787e+02
1.378159677339882876e+02
1.390860790035141292e+02
1.500777317249747966e+02
1.447178628930759032e+02
1.559674608619053799e+02
1.483526577668285995e+02
1.494232299645689181e+02
1.401053676665732155e+02
1.451305387502023336e+02
1.338623439154256118e+02
1.538191659154524018e+02
1.438816575600080796e+02
1.340045689178703583e+02
1.547057914644217362e+02
1.551464886426779515e+02
1.428423360189155460e+02
1.505513356161470142e+02
1.603538224341438649e+02
1.587173306762875029e+02
1.622924740911634842e+02
1.618615650002544157e+02
1.428410896660048195e+02
1.390351748419754756e+02
1.292786552058406357e+02
1.375047928219169933e+02
1.393670551185641386e+02
1.406414963646972467e+02
1.065464923761193603e+02
1.413838661165952999e+02
1.545086048195209685e+02
1.485105055754412149e+02
1.537788450167419967e+02
1.467864851366856556e+02
1.473751096166602110e+02
1.289495592323482640e+02
1.375385850264846965e+02
1.308497613468927625e+02
1.542844235237818680e+02
1.473434750913850451e+02
1.294635815338200189e+02
1.316347976142737650e+02
1.292796495443450056e+02
1.511797725418626612e+02
1.554741956267488945e+02
1.584069113590405209e+02
1.451525458446064363e+02
1.510259433108343501e+02
1.299005477016460759e+02
1.485032381526420977e+02
1.586410373574582025e+02
1.531637428704864874e+02
1.578484812505211039e+02
8.254677344929262972e+01
1.245415305883137194e+02
8.558843523755065519e+01
9.213951281982900809e+01
8.231132245369298062e+01
8.846415125321880168e+01
9.286996624168470760e+01
1.453117216556173616e+02
8.389031169916039232e+01
8.993963393235539172e+01
9.548505798220867291e+01
1.294547394025890412e+02
8.424400582134656190e+01
1.009873542853273847e+02
1.132377340514773607e+02
1.430161172418514184e+02
8.207277077194297021e+01
8.589007831219541345e+01
9.746612745120273757e+01
8.459192024782355190e+01
6.342113474342729518e+01
8.276028044332326772e+01
7.112341893441802654e+01
1.289145283493490979e+02
1.121203497335915529e+02
1.137173236207179201e+02
1.180058708638755007e+02
8.381730298234188581e+01
9.649219170704438397e+01
1.532638516086139191e+02
8.261235804881765432e+01
8.528124845153175215e+01
8.299076535046495451e+01
8.242894463414411632e+01
9.718175536933389935e+01
9.215609340201558553e+01
8.231132245369298062e+01
1.100553245083731042e+02
8.242894463414411632e+01
8.242894463414411632e+01
7.580681158868912917e+01
8.315609621471999446e+01
5.709802788107464977e+01
7.966125803419818396e+01
1.525949857312709241e+02
1.314277489100818457e+02
8.243007245369298630e+01
1.101969358283622284e+02
1.039519843902798044e+02
8.254718771828413537e+01
8.231132245369298062e+01
9.912708847286499747e+01
9.393801503777632433e+01
1.019252877368760011e+02
1.129653879450364116e+02
1.035893732058301140e+02
1.175724448088993057e+02
1.240890567266109201e+02
1.063271713091372135e+02
1.287905565773397711e+02
1.096788640514184863e+02
8.212153787142311501e+01
9.190247345366675802e+01
1.113171479849297896e+02
8.641432986178810438e+01
8.204355263847483570e+01
8.245309497279916400e+01
8.242312708685119560e+01
1.080579177303116154e+02
8.234641889537850545e+01
9.182190944831521051e+01
1.005153608285295945e+02
9.123460856552024723e+01
1.132346642590592012e+02
9.929887756512692931e+01
1.050969535270446755e+02
1.120971818410743026e+02
1.171024417466079086e+02
1.307695703339218198e+02
1.195598573767120456e+02
1.006144445056254995e+02
8.276028044332326772e+01
8.121758068999636748e+01
8.142548180251721135e+01
9.791781784318598625e+01
8.249727119581183388e+01
8.869428755082461180e+01
9.746317267568682041e+01
1.049373360162686879e+02
8.255544518419014821e+01
9.342912596174451778e+01
9.356254492962429481e+01
1.218481599587064039e+02
1.134532095394178981e+02
8.564272661031516520e+01
1.122133838619445214e+02
9.995935425549120623e+01
1.189237214841848527e+02
1.159531492335884622e+02
1.125709035442460078e+02
1.042084103473363399e+02
1.070440943760364974e+02
1.422317621091728199e+02
1.493887897941591802e+02
1.448327570878578001e+02
1.459653856631336168e+02
1.345225501643618315e+02
1.525775068692082925e+02
1.025080553605582878e+02
1.099562601206066432e+02
1.273206741921162575e+02
8.342383223099145084e+01
1.056333552903118829e+02
1.181300050235775672e+02
1.110206390872734517e+02
1.057392652888042903e+02
1.174678458312985896e+02
1.186508415019869176e+02
1.394926552842435399e+02
1.502751308273842881e+02
1.407740699534171824e+02
1.505062725497886049e+02
