8.560690717954555851e+01
1.114862750568413361e+02
9.201317907172497712e+01
9.290417159952690440e+01
1.133499668855511402e+02
9.466685302071709884e+01
1.142403830116971051e+02
9.185769597080836490e+01
9.143444055357748823e+01
8.349361475673785549e+01
1.095577884544223224e+02
8.978171197373515611e+01
1.091881606726226295e+02
8.648230632926460260e+01
9.112508005088059804e+01
9.022576195437184765e+01
8.923413287788146420e+01
8.403909076820769997e+01
8.714093562148725880e+01
8.348738560266892250e+01
9.071893798547441179e+01
1.133629714768769077e+02
9.754690385553962528e+01
8.200671916689780971e+01
8.363558314752452816e+01
1.033769691896541048e+02
8.338378060021524618e+01
1.240282190962423670e+02
1.162801069106840401e+02
9.856568100625025863e+01
9.744826578752282842e+01
8.585084559786234593e+01
8.220558280326144995e+01
9.716767302958632513e+01
1.045837787092027753e+02
1.030298732323655315e+02
1.126271056665518273e+02
9.415853056869087823e+01
9.370687343178293816e+01
1.006566307706938659e+02
1.032026498735408495e+02
1.071284922054599633e+02
1.060748962471076169e+02
9.928984121431163601e+01
9.153657981141807909e+01
1.083743620957053508e+02
1.088452427364411221e+02
1.161454947751443143e+02
1.176381907823562472e+02
1.130238882387964878e+02
1.028695712718033519e+02
1.020313511951875824e+02
9.817053506255315654e+01
8.282973506551208231e+01
9.335369289228636092e+01
1.111090711391573791e+02
8.397798839578501884e+01
1.179793213171292194e+02
8.784497044082267792e+01
1.107673886502790310e+02
9.360533166288787754e+01
8.417235370061948174e+01
8.363848258605139563e+01
1.019668254351387020e+02
9.378410263402923874e+01
1.040284237520606894e+02
9.391040899694469601e+01
9.341809624359943598e+01
9.589305884688397441e+01
8.363558314752452816e+01
8.456354676320177077e+01
8.452491853916778553e+01
1.260440169876729755e+02
8.358556071929484688e+01
9.670594720051300897e+01
1.286626462955872796e+02
9.273785806970684575e+01
9.251013236662248573e+01
1.070766001101322047e+02
1.066608446007128066e+02
1.185389047691570710e+02
9.492108427165014461e+01
1.175276288204800039e+02
1.040285117403192032e+02
1.181348379700768589e+02
1.103919097584879694e+02
1.139256243377804907e+02
8.357831866537637211e+01
1.181155122368302415e+02
1.258568928195170145e+02
9.671502110409282693e+01
1.066739334666807366e+02
1.215356300807304422e+02
1.237975681875757061e+02
9.686276205173734866e+01
1.181176799914275648e+02
9.819763214092809278e+01
1.030145168522573442e+02
9.537083466754444316e+01
1.098422180824631198e+02
9.386436473100161493e+01
1.141132899467668977e+02
1.069757756384966285e+02
1.068556350694221919e+02
1.182909722822556944e+02
9.349140544227867622e+01
1.117346851956761071e+02
1.088652613736794024e+02
1.056629032807347244e+02
1.019040662067034901e+02
1.051478039918770975e+02
9.772084614369661892e+01
1.266096694671215630e+02
1.255320545937091907e+02
1.234081159713563949e+02
1.143769842853253920e+02
1.075944274863563237e+02
1.231985962494766227e+02
1.019758674333762940e+02
8.308560627763330331e+01
8.326245186179505708e+01
1.035935671721451001e+02
1.276198841925427274e+02
1.059254325085150867e+02
1.109898115432540351e+02
1.085248408328189100e+02
1.047066798183364256e+02
1.114864162174825566e+02
1.125738380787468742e+02
1.167924957476588474e+02
1.134426733521236201e+02
1.144384939105742944e+02
1.200810932860504749e+02
1.056764643653236249e+02
1.107424506335385814e+02
9.352657298964570032e+01
1.081855436709453926e+02
1.052920018098979256e+02
1.112875830555637862e+02
1.153346340216855026e+02
9.504049507250539364e+01
1.131614333721902028e+02
1.258711277005579348e+02
9.776051610199615993e+01
1.103226921908131573e+02
9.857383589932490509e+01
1.441935726008783263e+02
1.188291036852308622e+02
1.142554225027399752e+02
1.071286615286330175e+02
1.027622774931771374e+02
1.064204809433948782e+02
1.015937390130815459e+02
1.285095872689859675e+02
1.033598244203241308e+02
1.132370368180776410e+02
1.113532287945170793e+02
9.773376532903299108e+01
1.266641204007620019e+02
1.369998108791688765e+02
1.196305709826639969e+02
1.067849128149091058e+02
1.338413863911853241e+02
1.171980815118238155e+02
1.196694262478637114e+02
1.400499216617487832e+02
1.151882416957575970e+02
1.163076604384733344e+02
1.043120120632733290e+02
9.955357987748084270e+01
9.706113062661231083e+01
1.110837969601487742e+02
1.070451530453733113e+02
1.082359810580977495e+02
1.056007915054770052e+02
1.121705892742806014e+02
1.086577370648268470e+02
1.052797978968241068e+02
1.040768294084961099e+02
1.103927422102317735e+02
1.151157860966346220e+02
9.768402442783437323e+01
1.045601949888166899e+02
1.017979897384995809e+02
9.688167955877541715e+01
9.560916449640603787e+01
9.669022656164040086e+01
1.043882899781502545e+02
1.009027608894564736e+02
9.981671318395359549e+01
9.161162879421635807e+01
1.142173254576509152e+02
1.024835993659824283e+02
1.222672529691781875e+02
1.113387704017660127e+02
1.215397404159342898e+02
1.039100407568607096e+02
1.078732261818759355e+02
9.445805526933436624e+01
1.416688681641371090e+02
1.209329777727317179e+02
9.973726690521269234e+01
1.115649274498883301e+02
1.186187838982883704e+02
1.122976115767808949e+02
1.069294823498550215e+02
9.930758660437489027e+01
1.027777292130082571e+02
9.966541419163897331e+01
1.161919466395567753e+02
8.400618428998228637e+01
1.040402452510751914e+02
1.181360068678422977e+02
1.021412569262931953e+02
1.197365890275725633e+02
1.062227780720247949e+02
1.058530758956215863e+02
9.829046494029574887e+01
1.087016648185658028e+02
1.146897614301350501e+02
1.448639282241014996e+02
1.317302632283742128e+02
1.251847921910437975e+02
1.315626164526699426e+02
1.202924507879098428e+02
1.221517220831760255e+02
1.149068446888813071e+02
1.180314895178654524e+02
1.180703578169288619e+02
1.236983992737468725e+02
1.096289773785056809e+02
1.110798604582051041e+02
1.275167098489163635e+02
1.250106111485283407e+02
1.353967053891363150e+02
1.008019753774909049e+02
1.361814245037028286e+02
1.296565186671146250e+02
1.129553174336410564e+02
1.212991198640041119e+02
1.006302619882807932e+02
1.413087978649921865e+02
1.281295262551501253e+02
1.182355914400038586e+02
1.339088924319995044e+02
1.172089260882345627e+02
1.204604067870119053e+02
1.200033331293713275e+02
1.154132733386501997e+02
1.352195729133285624e+02
1.190712262308006757e+02
1.040542599510547888e+02
1.132614660653109695e+02
1.147222834153402715e+02
1.188181252425092111e+02
1.186320488819441294e+02
1.136880412178318238e+02
1.373285793982550729e+02
1.308597228250710032e+02
1.372370191257424210e+02
1.008038490884566869e+02
1.162011855064844639e+02
1.117328956848551371e+02
1.175618571681966955e+02
1.245576534597704352e+02
1.158247056475305783e+02
1.431551952436817032e+02
1.229313516633249890e+02
1.144658127503986123e+02
1.032669280598249486e+02
1.258116065309419156e+02
1.329132297500264031e+02
1.317384015000801867e+02
1.086784098341114060e+02
1.269927471810335220e+02
1.373228704049525390e+02
1.196018643729127007e+02
1.130347899980095434e+02
1.049510297457402856e+02
1.404486685719763557e+02
1.401668177087481979e+02
1.317961524996828757e+02
1.352508091795594112e+02
1.046459125280815101e+02
1.144476691398022297e+02
1.103528575943380616e+02
1.081382092658946021e+02
1.056304371759355405e+02
1.088994753700780649e+02
1.414566153303002807e+02
1.412028147569987766e+02
1.138883748505326423e+02
1.135647871137983316e+02
1.290115454969626967e+02
1.342510070892720933e+02
1.024057734133210431e+02
1.110235774066447760e+02
1.183732377002248626e+02
1.333529400432936143e+02
1.271667157102752554e+02
1.264697086680217382e+02
1.208583615654479502e+02
1.090563584213930710e+02
1.250384416103451173e+02
1.107699559934172129e+02
1.078698241241999085e+02
1.321312153824555651e+02
1.310840701838964719e+02
1.320610077901177419e+02
1.241718487868949694e+02
1.341209164418946784e+02
1.176348544873997355e+02
1.000090159555471274e+02
1.273061748314036095e+02
1.238644261214921016e+02
1.138127215628724827e+02
1.391032003079107824e+02
1.082771935854143948e+02
1.232623298238869722e+02
1.198177839902270563e+02
1.301280806389009967e+02
1.436503937747986868e+02
1.435649089754102476e+02
1.440078392883108052e+02
1.252012020080970274e+02
1.396066571529786131e+02
1.422245226369818454e+02
1.457085217462525577e+02
1.117220509805190574e+02
1.469476206025838678e+02
1.032167706944824488e+02
1.430735920895328093e+02
1.224923695824160603e+02
1.322509063346163600e+02
1.297321370806266430e+02
1.362258377672296774e+02
1.303070956185743512e+02
1.139980107141854262e+02
1.405665154979250531e+02
1.281697881641763956e+02
1.418707041293411635e+02
1.326317334357053426e+02
1.395688512578533960e+02
1.461022583190860189e+02
1.133417455526236211e+02
1.253170899908505334e+02
1.301695470060219577e+02
1.419323136262628964e+02
1.422173297500769991e+02
1.255544177835429593e+02
1.478017136580458839e+02
1.369555151986560873e+02
1.265377111604099269e+02
1.402837859190465224e+02
1.286933263709656785e+02
1.349347012039034723e+02
1.424066718338167163e+02
1.151721762622734104e+02
1.467179766343724054e+02
1.195766015906046391e+02
1.401248649390005880e+02
1.324177776411979721e+02
1.178215126784993174e+02
1.466728995194974914e+02
1.184291917257372120e+02
1.263839928971724476e+02
1.377819996792151471e+02
1.464327840251337705e+02
1.373532855764032661e+02
1.265153799278828615e+02
1.236901827213041116e+02
1.230901317376945485e+02
1.137924175807936109e+02
1.165986738180723847e+02
1.153469954105460857e+02
1.319096671790527751e+02
1.210678511716479449e+02
1.234206113051371432e+02
1.409291870218274596e+02
1.326125937084949840e+02
1.257785327384543876e+02
1.463339153792264824e+02
1.478245849385611734e+02
1.325194733447747240e+02
1.371161457855678236e+02
1.467797536249240409e+02
1.353641275402965789e+02
1.416928067734225181e+02
1.483752812847572500e+02
1.488957296993579575e+02
1.252561319101967712e+02
1.522863532397231552e+02
1.495673673357392488e+02
1.354617225978327895e+02
1.193429437258463395e+02
1.427907837781227443e+02
1.492574433682801782e+02
1.334014743635024445e+02
1.273490622096179266e+02
1.355371517658586527e+02
1.458981918540422953e+02
1.261752544710160464e+02
1.408429751831483259e+02
1.358567536606323358e+02
1.376665671923358616e+02
1.545415906669798574e+02
1.527352649668932543e+02
1.394224714858365246e+02
1.506522959679162454e+02
1.449381623803639627e+02
1.273947750358921525e+02
1.291971883885555599e+02
1.393173877080520811e+02
1.388655919002855796e+02
1.372368949689405326e+02
1.445334864728344257e+02
1.363147735886917644e+02
1.401124931843416448e+02
1.408715445316269950e+02
1.479267066909152675e+02
1.486907637272838656e+02
1.488857254793230709e+02
1.459622454936071563e+02
1.501494079763317870e+02
1.518855922507255514e+02
1.520125627027168207e+02
1.527800635744053750e+02
1.490852796459242882e+02
1.190581752611865483e+02
1.372708812887968861e+02
1.222890575666438906e+02
1.440570272241520229e+02
1.189293227694643775e+02
1.393316268968986833e+02
1.476986334900685733e+02
1.491856959278126169e+02
1.348602770740855021e+02
1.487107011692908145e+02
1.499138855190044808e+02
1.479681234093169451e+02
1.528465798555429558e+02
1.421031959887263270e+02
1.418523712144693150e+02
1.368761950654847226e+02
1.558255930447190849e+02
1.464284576423474675e+02
1.374998918963005679e+02
1.506284978500149805e+02
1.582280542288131073e+02
1.566483673407486208e+02
1.405833732888537213e+02
1.491047926853121055e+02
1.380717539262196567e+02
1.623691451424977004e+02
1.615472872993604483e+02
1.627861358967159617e+02
1.629365327221127870e+02
1.617139539660271055e+02
1.392532134489611053e+02
1.444400427579037114e+02
1.275290075544203603e+02
1.275582201938327245e+02
1.412412889936682063e+02
1.226947520295038743e+02
1.223529061513676766e+02
1.392735924005819186e+02
1.563163469159251804e+02
1.482599958812675709e+02
1.509791672223236105e+02
1.466418489157587146e+02
1.469025879605934222e+02
1.307867730693535293e+02
1.361369152731460872e+02
1.371694930507692050e+02
1.519936539408929832e+02
1.508321764572211805e+02
1.271409933947116428e+02
1.381623540083578519e+02
1.312696641771859731e+02
1.476786852413520421e+02
1.510978160515326181e+02
1.464609454917826952e+02
1.485090893812201784e+02
1.448634269279898774e+02
1.326080123369574437e+02
1.498617581436496380e+02
1.567332910939761064e+02
1.568413903650066743e+02
1.594310001270638111e+02
8.259124391507154428e+01
1.547450580730625802e+02
1.242163634185315146e+02
8.328033094077896692e+01
9.375009161188792461e+01
8.311471929911712664e+01
8.986123068191236030e+01
8.168926409058407501e+01
1.439384513905890799e+02
8.443962839065744674e+01
9.103952051193186890e+01
8.870253354692856362e+01
1.352629876161376785e+02
1.124561424095452367e+02
1.423332136678496056e+02
8.297310627763329194e+01
8.661756844698078339e+01
1.067177502564011462e+02
8.323957313534559432e+01
6.672641512339494341e+01
8.252311477929221439e+01
7.241770917214367387e+01
1.332242238542494590e+02
1.168875784583649278e+02
1.122179121291906512e+02
1.216690808059732802e+02
8.339243644773307551e+01
1.019322037762943012e+02
1.056963433833522998e+02
8.210522176430040986e+01
8.398732981931151187e+01
8.316257092521330208e+01
1.052699367388687364e+02
9.514696490663601480e+01
8.280725674240156309e+01
1.088884912333456896e+02
8.316257092521330208e+01
8.316257092521330208e+01
7.449762079796589376e+01
9.296626916912231309e+01
7.952868447426149601e+01
5.422373752816138648e+01
7.393316380892711948e+01
1.516911700288237910e+02
1.310873693693812925e+02
8.280725674240156309e+01
1.211809483167889425e+02
1.034438052672169306e+02
8.263111992863608180e+01
8.330091115958225600e+01
1.079796662766238882e+02
9.262700043089969881e+01
9.574195601943850420e+01
1.016176813471348623e+02
1.121931088424606742e+02
1.074370369913982586e+02
1.159446822200626315e+02
1.296943945125204039e+02
1.282406139229937878e+02
1.113363070060161846e+02
8.239456734846217500e+01
9.451111167412784653e+01
1.082435090496859686e+02
8.371086128408427385e+01
8.249006879227243871e+01
9.472729345276988511e+01
9.637423756886072113e+01
9.187649712375994682e+01
1.139662253835791290e+02
9.879755681360592234e+01
1.045982585186375502e+02
1.122523141538890172e+02
1.145265357106433868e+02
1.303248648467842941e+02
9.952101097272429797e+01
8.266271393541035195e+01
8.345026363212275555e+01
8.210522176430040986e+01
1.017947911844401858e+02
8.297310627763329194e+01
8.650633019293542247e+01
9.531014191339764352e+01
1.058344838963692496e+02
8.317650593880193810e+01
1.123149376115589035e+02
9.388684934352903610e+01
9.327781724659384111e+01
1.208881603530855244e+02
1.148444745028073442e+02
8.652377615665626820e+01
1.146961601342631241e+02
1.245776417524969446e+02
1.143276261678604584e+02
1.016060508800583335e+02
1.076712966834722636e+02
1.443668863320311857e+02
1.459069199145688174e+02
1.456216408968630560e+02
1.385952138146104744e+02
1.447253198591284615e+02
1.401217263189862479e+02
1.533116348709986312e+02
1.000837093127940278e+02
1.294837553573164541e+02
8.417198545241001284e+01
8.282973506551208231e+01
1.092552710392370159e+02
1.214328964781012417e+02
1.081100554890660561e+02
1.047466268137957854e+02
1.214657193351131212e+02
1.156202439929173380e+02
1.432682066076310718e+02
1.423631480612882001e+02
1.498250860465902576e+02
