5.995559337738077943e+01
7.110320767649642448e+01
4.551695388047665602e+01
7.630734314763925852e+01
6.241817899300141192e+01
6.482485797083856482e+01
6.426923111327879212e+01
6.378923111327879525e+01
4.578710531523644534e+01
5.959559337738078000e+01
5.601266496116311799e+01
6.811615806255481687e+01
6.943976381128689468e+01
6.358622362302942577e+01
1.549325439250613954e+02
3.914054495648919385e+01
4.109605916951927895e+01
4.109605916951927895e+01
6.303600041276950350e+01
4.548857904722365220e+01
6.554196588823879210e+01
5.172042877343451295e+01
5.215890450596668870e+01
5.724115533133701206e+01
5.883696745559575447e+01
5.973265629224607665e+01
6.104952820317006257e+01
6.312753978470509963e+01
6.124596392725486993e+01
7.001771828590082691e+01
6.808934677865980234e+01
6.358097094317344045e+01
7.087768389037908889e+01
6.313744011337338691e+01
6.977604237058569936e+01
7.128884364118070494e+01
7.142120230692999883e+01
6.388807996023345481e+01
6.803573671462342531e+01
6.418509543931405403e+01
6.754641375739073794e+01
4.757776737690056024e+01
6.603732354839738150e+01
7.001771828590082691e+01
7.626588799741739422e+01
6.524225219146038057e+01
3.281619607012409290e+01
4.968182754283266434e+01
4.125958559757410171e+01
5.521165214046331471e+01
5.298661583726343594e+01
6.160487920563619468e+01
5.640036938931022092e+01
3.627659581894999263e+01
5.193150248350859499e+01
5.663253407619936297e+01
6.321698056415453948e+01
4.548857904722365220e+01
4.487995779208600311e+01
4.749482165369713016e+01
6.482485797083856482e+01
4.975268151528008076e+01
6.160487920563619468e+01
6.503607580623018691e+01
6.359370608714396411e+01
6.600706929167908754e+01
6.878000719142012542e+01
6.076886883826821162e+01
6.644700164326998504e+01
6.524225219146038057e+01
6.566709732562333102e+01
6.361838516179149394e+01
6.709620163068761656e+01
6.251074303262028309e+01
4.739897727832801877e+01
6.080492689105257398e+01
5.163793497922468845e+01
4.888346490292843782e+01
5.049663706540798103e+01
6.258323259173142361e+01
6.340996796960995852e+01
6.411980054757334813e+01
5.863923443090580889e+01
5.972244285136215325e+01
6.801532517195499850e+01
6.812009740582900008e+01
6.426923111327879212e+01
6.524225219146038057e+01
7.187198588612493211e+01
7.057293703588459266e+01
6.684750267996253115e+01
6.837780300516858745e+01
7.549637289734386059e+01
6.948811421878053807e+01
3.801455226070342519e+01
4.470085207959692752e+01
5.477525233793016923e+01
3.564774812846789587e+01
3.564774812846789587e+01
5.293027943524920431e+01
6.752890582977256884e+01
6.618795758908271409e+01
7.259076192023135832e+01
6.426139961522085287e+01
4.374629660136863407e+01
4.388175680574519077e+01
4.388175680574519077e+01
6.250225174439613340e+01
6.914871102638805667e+01
6.046840060542534445e+01
5.623425037878306654e+01
6.589150701533795029e+01
6.416503911389463610e+01
5.383931622803244466e+01
5.689858995704924638e+01
6.390340748955364347e+01
6.600706929167908754e+01
6.177921453354026227e+01
6.561942396095837182e+01
4.762637043954867977e+01
6.292855573232473887e+01
6.465976759775278992e+01
6.163513723192748728e+01
6.415796373747153325e+01
6.877172946975669277e+01
6.436753696980208872e+01
6.744251330712309311e+01
6.554196588823879210e+01
6.389274921284724940e+01
7.152711916848888052e+01
7.115614985160334527e+01
6.880926053647201002e+01
6.224198605645280935e+01
7.225484852190518836e+01
7.034210875275519470e+01
6.362546500815405182e+01
6.966622003052893319e+01
7.912394855870540766e+01
6.939635059736927758e+01
7.536329133720133200e+01
9.138701243804725038e+01
6.603732354839738150e+01
6.603732354839738150e+01
6.849898129665832869e+01
8.560679592313569231e+01
1.150623195862246888e+02
8.098205398572699210e+01
1.511339269791704112e+02
5.602088515336276942e+01
6.663347079205661316e+01
2.397431402330602879e+01
6.578552696197596106e+01
4.263770501886985187e+01
6.053249141523411936e+01
6.361548530138620805e+01
6.623180735378247164e+01
6.796403863536100687e+01
6.894640238825661527e+01
6.461090780367909758e+01
6.984118779860247628e+01
6.039754984950050698e+01
6.039754984950050698e+01
6.600706929167908754e+01
6.423171388074234756e+01
5.632510147344369500e+01
5.412461870149084575e+01
6.160487920563619468e+01
7.037308795617047963e+01
7.001105724850437184e+01
6.449407149397002570e+01
6.513148587469017059e+01
6.603732354839738150e+01
6.560124714290935799e+01
6.620921670526125524e+01
6.643755409619863883e+01
6.702446871118030458e+01
6.384721141905524888e+01
6.967450063216004708e+01
6.620833115134686864e+01
4.941196924570755300e+01
6.816661462254401727e+01
4.441582419810183779e+01
4.727226389201809553e+01
5.143214860127810084e+01
4.863057683960589372e+01
5.988971109222654121e+01
5.728919122035733125e+01
5.605002020136205942e+01
7.130957406266840337e+01
5.882742458291851761e+01
5.500188051456092353e+01
5.907765335821189723e+01
7.340334865627490046e+01
6.658059831891296199e+01
6.380450101114044514e+01
6.442621730974909156e+01
6.149581058438572967e+01
6.098848467003342222e+01
6.080779682637555794e+01
5.888337404884129000e+01
6.473077385532801031e+01
6.403873337147503264e+01
6.837449497476731608e+01
6.849931739810457998e+01
7.072675738347086849e+01
7.090339748831505062e+01
6.719660170556294077e+01
6.806016449441543159e+01
7.106776939157117567e+01
6.954212456219248395e+01
6.771290690146277313e+01
6.332335365200230370e+01
6.578281494496816606e+01
5.864572882338961790e+01
7.376965224968533619e+01
6.803573671462342531e+01
6.620833115134686864e+01
7.114013647864626932e+01
7.114013647864626932e+01
6.039754984950050698e+01
7.073364639052954317e+01
6.973902964729542475e+01
6.680305505936252075e+01
6.736207174712919254e+01
6.388807996023345481e+01
6.314114650140258078e+01
7.478210357055070290e+01
7.979918648639954881e+01
6.649866942386832136e+01
6.098848467003342222e+01
7.022742790184409500e+01
6.599955312431693244e+01
7.058770963092175066e+01
6.620921670526125524e+01
6.675412713072768156e+01
6.627946894378679588e+01
8.017363994889576873e+01
7.108377550577525028e+01
7.040891091103782173e+01
6.384721141905524888e+01
7.169704304806845130e+01
7.761472978989671390e+01
7.746806312323005272e+01
7.829621397541612282e+01
7.691177950185276302e+01
8.112584520238380037e+01
6.039754984950050698e+01
7.211786181607169510e+01
7.636499895217995970e+01
1.019284159509709298e+02
5.791397054416641765e+01
4.013574493082677463e+01
4.013574493082677463e+01
6.267237180093475502e+01
6.579760779205098231e+01
6.603732354839738150e+01
6.973902964729542475e+01
6.730125420463720332e+01
7.027384290934418232e+01
5.863418364091735668e+01
6.494488207380989309e+01
7.137199618469767870e+01
7.445795382755680691e+01
6.694461032558363911e+01
8.665022135159436800e+01
1.062323889003306334e+02
1.062323889003306334e+02
6.475945794564285052e+01
4.488964197870737394e+01
6.479413800080739350e+01
6.199185673889324732e+01
6.301532593898493673e+01
6.724778438872171193e+01
7.135478562698803273e+01
6.163665678244066726e+01
6.177766757549546384e+01
6.124745966592673341e+01
5.737426264498274975e+01
7.950178618871612457e+01
6.370357506973274297e+01
7.003862395952660336e+01
6.536537017637859037e+01
7.102344227467592930e+01
6.846337370858003624e+01
7.273756049120450484e+01
8.669230531599022527e+01
5.709200915811729260e+01
7.454023930574057033e+01
6.446526187740069247e+01
7.079842327065588847e+01
6.641862274797907162e+01
6.702820384651897712e+01
6.587133806373643097e+01
6.626115951046777752e+01
6.506578849359587480e+01
6.549623836839158741e+01
7.309696585856627848e+01
6.863873180072368996e+01
7.137199618469767870e+01
6.764950719125047840e+01
7.801954996910966145e+01
7.317913458398172111e+01
7.090399103154354066e+01
6.923258618695908240e+01
8.953684964679140990e+01
6.795237968615657564e+01
1.023663332020017265e+02
6.554196588823879210e+01
7.883988716759174054e+01
7.212766373419546539e+01
7.001771828590082691e+01
7.918805725377326610e+01
5.493619691427525709e+01
6.735325055453002108e+01
6.455876127465872116e+01
6.574651443699697495e+01
5.943951207338658804e+01
6.512333634379453429e+01
7.110320767649642448e+01
5.940206858402360979e+01
6.584825159707149567e+01
6.641232975092454183e+01
6.698489802411462790e+01
6.407888366512203504e+01
6.681810481027180515e+01
6.973229762571989454e+01
7.169158132719179832e+01
7.988307077310984994e+01
7.401129636762610176e+01
6.296852725244760762e+01
6.583413035627800980e+01
7.116740790533496863e+01
6.663347079205661316e+01
6.139074333148526819e+01
7.306221807682726421e+01
6.486415710569420412e+01
6.658059831891296199e+01
6.119512254590077305e+01
6.849898129665832869e+01
6.477940015098180027e+01
6.896900480977814141e+01
6.355143193221583431e+01
6.923245619545268426e+01
7.903238203485594227e+01
7.194294526788789312e+01
7.414588863912689476e+01
9.014364407027397874e+01
8.095253973869904485e+01
6.749363284889858505e+01
9.581921596018003129e+01
1.016420831024698828e+02
7.566734705319139209e+01
7.378953728713770488e+01
5.480888131258427620e+01
6.001349874124144179e+01
6.113755161597919141e+01
5.823656536332936184e+01
6.253686621116060707e+01
7.251689970874801361e+01
6.830615875884785737e+01
7.376965224968533619e+01
1.275954808611630824e+02
4.762637043954867977e+01
4.926448436952813381e+01
4.412148286678001341e+01
3.677036058713765954e+01
5.330174803140226203e+01
4.762637043954867977e+01
4.762637043954867977e+01
6.049018658941127313e+01
6.795237968615657564e+01
7.378953728713770488e+01
7.040305961525524481e+01
6.438985754633927172e+01
6.803042341090669254e+01
6.622364256121008452e+01
6.630793953350844561e+01
6.817616655415788784e+01
7.073364639052954317e+01
6.081858567239066105e+01
4.762637043954867977e+01
7.527593247680164268e+01
7.465345930402052943e+01
1.059725628503412906e+02
1.087601206190291236e+02
7.918805725377326610e+01
9.089371362549671574e+01
1.313600444795819158e+02
6.744251330712309311e+01
4.762637043954867977e+01
6.954212456219248395e+01
6.761294375844215665e+01
6.053249141523411936e+01
6.273981584696023361e+01
7.001771828590082691e+01
4.710467629138885570e+01
5.652800012754804015e+01
4.842586726877108561e+01
5.924997783461488865e+01
8.312244372314017937e+01
1.293365880979105214e+02
7.067151729648726644e+01
3.301604010270312983e+01
6.968916976250881135e+01
4.768167104251643451e+01
4.380541763570454350e+01
4.420203676542412552e+01
8.757479974852560645e+01
4.846537773041062280e+01
4.788552444248335149e+01
6.180093794267677509e+01
3.480624830634633327e+01
3.797883862588214754e+01
4.715921892355876821e+01
7.139657130400911456e+01
3.070505514533220293e+01
4.930575629218306943e+01
5.383572478756101987e+01
4.515785582216439309e+01
4.125958559757410171e+01
3.627659581894999263e+01
2.397431402330602879e+01
4.881371559046824871e+01
3.071407993794008462e+01
3.154005515223696676e+01
5.490956698385938495e+01
9.608175857884243953e+01
7.790350785108189768e+01
4.965403638900262706e+01
4.519304144895322395e+01
6.386981787701135005e+01
4.845261525592288621e+01
6.025437613164670836e+01
5.726627975167669149e+01
5.560270373957419565e+01
6.267237180093475502e+01
4.961742276677050256e+01
6.144605967956222514e+01
5.053858832188655015e+01
6.554196588823879210e+01
4.548857904722365220e+01
4.766461997915929771e+01
6.600706929167908754e+01
4.757650261359322030e+01
4.236819314028484484e+01
5.280825979430969142e+01
5.542490548069324063e+01
6.318601268695854145e+01
6.290248701284028954e+01
6.683265590254968913e+01
5.597244756481363481e+01
6.600706929167908754e+01
6.186103384888281198e+01
6.384721141905524888e+01
6.384721141905524888e+01
6.389274921284724940e+01
4.953668151528008678e+01
4.683993115554848430e+01
6.251808983116954010e+01
4.961742276677050256e+01
6.025401508088140190e+01
4.660731041879880365e+01
7.513873233401859864e+01
6.650971009081965235e+01
7.299177728510414909e+01
6.603732354839738150e+01
7.317913458398172111e+01
7.060831631056269941e+01
6.542872427901905041e+01
5.945072987340270743e+01
6.621256372242312693e+01
7.549940349685198271e+01
7.378953728713770488e+01
6.389274921284724940e+01
7.559102455012200039e+01
1.010664505581327433e+02
8.959872015505426646e+01
7.159095678219846093e+01
7.829621397541612282e+01
6.386981787701135005e+01
7.307669464009613591e+01
6.603732354839738150e+01
1.103392622230391567e+02
6.805367718128269416e+01
5.626956130293491753e+01
6.741973438893039372e+01
6.605582873948344513e+01
6.957627237309408486e+01
6.802787518972891689e+01
6.487225444088123538e+01
5.631368968958024368e+01
6.497902742655266195e+01
5.753374262821207452e+01
6.854573783753080818e+01
6.800875545020740276e+01
6.930792107577262584e+01
4.290288746167145462e+01
6.774999656404155246e+01
6.571324793644068052e+01
7.246525112367599775e+01
5.375501593186138649e+01
6.243311984976273976e+01
6.704343419448545660e+01
6.656529705644423700e+01
6.839322803359065972e+01
7.705617922687133614e+01
6.710944745101619446e+01
6.464574578996563048e+01
6.813007138572629628e+01
7.294590797987871156e+01
7.246525112367599775e+01
6.721458327397196797e+01
6.786295251961854547e+01
6.371203306220677121e+01
5.625231590717704933e+01
7.204048158407223923e+01
6.822312648860879847e+01
6.554406308604637843e+01
6.690509758035335608e+01
7.068712933340752613e+01
4.457697960598545706e+01
4.472402076770853796e+01
5.765205228407119620e+01
6.102413765741713547e+01
7.807283885447623106e+01
5.640751343568694409e+01
6.172076246040516878e+01
6.099651041691071640e+01
6.715853674579712163e+01
6.682601748411204312e+01
6.796990517450670666e+01
6.903057361906456890e+01
6.835159207309217777e+01
6.760770741811172968e+01
6.824401301491042204e+01
6.907649207984563589e+01
6.907649207984563589e+01
7.134325122852395396e+01
6.809518293646732445e+01
6.705804963918261308e+01
7.347679674686949625e+01
6.871729858323713813e+01
6.809361148398869545e+01
6.862662479840867036e+01
7.005996436133264638e+01
6.619508991616159221e+01
7.272923786940225455e+01
6.994999436393081282e+01
7.299520227413847806e+01
7.234521586593591280e+01
7.234521586593591280e+01
7.345042517730796305e+01
7.869713447446834209e+01
1.043770039265319838e+02
5.435974677337429739e+01
6.880220045100469406e+01
6.817207919199910293e+01
7.421263016757450259e+01
6.490948007147163423e+01
6.459882505284934950e+01
6.661746889940029348e+01
6.385629968335521056e+01
5.721198075764645807e+01
6.622920137244157957e+01
7.198724345170531080e+01
4.963735609119139269e+01
6.250353513086938051e+01
6.952118682054064891e+01
6.688618404640544668e+01
6.823865548590704577e+01
6.784384607157738856e+01
6.953523955383275279e+01
6.869664801833140189e+01
6.718571820039609577e+01
6.890218557558939949e+01
8.158070775692320353e+01
8.507542088976383354e+01
6.705440252342573615e+01
6.770556847648076371e+01
6.037772593834065304e+01
7.098197550194568350e+01
6.453344920200828483e+01
7.002595495370016465e+01
6.813512673661026042e+01
6.485591796661196895e+01
7.583082594213487937e+01
6.574341946541102288e+01
7.045938178569690535e+01
6.846537369641902160e+01
7.237365837933168677e+01
7.159021621588237849e+01
7.728809646524622678e+01
8.991807591620082007e+01
5.364416233562590719e+01
6.397468973625817767e+01
7.027962443347692556e+01
4.968375384948026863e+01
4.895176853081406421e+01
7.142503775033200952e+01
6.613022665715334369e+01
6.844444831688340969e+01
7.134325122852395396e+01
8.507542088976383354e+01
6.923417487461600217e+01
5.738738301380806206e+01
7.395923149148538300e+01
1.220001563901647899e+02
6.618411158209529788e+01
6.305422131683615561e+01
7.900750398515447159e+01
4.567085165105251576e+01
4.424134755591186519e+01
6.489530558985268271e+01
6.186911572707389695e+01
6.597755329039672745e+01
7.185326914312619806e+01
