8.392684847400926174e+01
6.822490262077936052e+01
4.620185304862069842e+01
4.964162226667255595e+01
7.614038551918125108e+01
7.780861929256998621e+01
6.780013343826057337e+01
6.283273988073180050e+01
6.269982062607341788e+01
6.697360592627927645e+01
5.638550750858125582e+01
6.332098774314538758e+01
6.894809211437043928e+01
6.587394299539442954e+01
1.503478992657497315e+02
4.441182211053879314e+01
4.441182211053879314e+01
6.613100067325166265e+01
6.460294238844726067e+01
4.426505473017937220e+01
6.401884354755415529e+01
4.865049579794167300e+01
4.530101567957721898e+01
5.009258318931008347e+01
6.080309185095844526e+01
6.031020602192803892e+01
6.309993464510245786e+01
6.145063278828199316e+01
6.207880669931581963e+01
6.417124275827632118e+01
6.090700211352922366e+01
6.802004595616017468e+01
6.751176838576688510e+01
6.410745487491929850e+01
6.356851624508065157e+01
6.855986600572272494e+01
6.295068601938438491e+01
7.104756090811277147e+01
7.251936408841562809e+01
7.157826862442165350e+01
7.285927960998114372e+01
6.442092673452229690e+01
6.398955949429325329e+01
6.545491216039361859e+01
7.942412740610268429e+01
4.510303336101505067e+01
6.407478318974912668e+01
6.802004595616017468e+01
8.171850381746500602e+01
6.112653933739414214e+01
4.002403314092907749e+01
4.106692639998754402e+01
4.052111451014361876e+01
5.407235352834111808e+01
5.963428771662715633e+01
5.924192998384395281e+01
3.639054087885051558e+01
4.946688147072421771e+01
6.128380024322624564e+01
6.421900488033408294e+01
4.426505473017937220e+01
4.433068549941013714e+01
4.873008132384855173e+01
6.780013343826057337e+01
4.899669531995480298e+01
6.607834447700022906e+01
4.666788689875955498e+01
5.963428771662715633e+01
6.983077215094053258e+01
6.274458786318654546e+01
6.997531748780986049e+01
6.484541423819005956e+01
6.847196602142588517e+01
6.149196203324345333e+01
6.824718948984464362e+01
6.364337941561622358e+01
6.955822746383600474e+01
6.201876115267122458e+01
4.654578759531263188e+01
4.485836001331185230e+01
5.457125296270952219e+01
4.853986078334603604e+01
5.065131118798670684e+01
5.863244029362446952e+01
6.343448509386198708e+01
6.883686639260857021e+01
5.666565204314802884e+01
5.832592108198196712e+01
6.652767599225894912e+01
7.255623863813359264e+01
6.283273988073180050e+01
6.165353933739414316e+01
6.748123564897349524e+01
6.568278466685184469e+01
7.927464780771083497e+01
7.012605720244525287e+01
4.202745693751970180e+01
4.535054796206088668e+01
6.387090893108781131e+01
4.810060451580251595e+01
5.057937353648982537e+01
6.789806659266832867e+01
6.745975817593021873e+01
6.901876650637760235e+01
7.309494871534131732e+01
6.237729277663510175e+01
3.800087374990091149e+01
4.472023766209031237e+01
4.472023766209031237e+01
4.852527970176472394e+01
6.180762653391011696e+01
7.156965020775554365e+01
5.393954790866239790e+01
5.033177370029016373e+01
7.167165429556128231e+01
6.536413197892115079e+01
5.472608753816301430e+01
6.158691042673803651e+01
5.174944418702890658e+01
6.493493306654688979e+01
6.484541423819005956e+01
6.309277176525080932e+01
6.568920311565480574e+01
4.590132515364030752e+01
5.935367864243751512e+01
6.350045623403893558e+01
5.779174484244586552e+01
6.724914692786707349e+01
6.584550602189648316e+01
6.269982062607341788e+01
6.581747379153992483e+01
6.793903895739177301e+01
6.401884354755415529e+01
6.937435107224958131e+01
6.930466529372878881e+01
6.881116424886219818e+01
6.367235462922784706e+01
7.013839481312075463e+01
6.640084589044784025e+01
6.635765231207948034e+01
6.814817571577385991e+01
8.655931867417531578e+01
6.934966545141175231e+01
7.706092953978105697e+01
9.970973710763630038e+01
7.230055929866463771e+01
8.763952715483270595e+01
1.161242301827763015e+02
8.441531882941842468e+01
1.557946376194888103e+02
6.241790546296520859e+01
6.621419308357366162e+01
2.383790116545402782e+01
6.287041431579490336e+01
4.238330318824403520e+01
6.215142161306072666e+01
6.692844424563439532e+01
6.518749840692579767e+01
6.849123078808204923e+01
6.348716115677865446e+01
6.803188159997124274e+01
8.318896019875397485e+01
5.339196672818485467e+01
6.484541423819005956e+01
7.054140162221273158e+01
5.412088323144539004e+01
5.260993672539532895e+01
5.963428771662715633e+01
6.927348266017723688e+01
6.777832869231139057e+01
6.538491891984850213e+01
6.644196402108094901e+01
6.407478318974912668e+01
6.881756222788257560e+01
6.330353473362899308e+01
6.325875554427629766e+01
6.413521522264629482e+01
7.042932031257208791e+01
7.412607489536463845e+01
4.859065381710411202e+01
7.020498994959719141e+01
4.492226132809307160e+01
4.693045971939712757e+01
5.406312580398563483e+01
6.085108214505800106e+01
6.242050628946461188e+01
5.273715461804770399e+01
5.959404302204426074e+01
5.783657917229861312e+01
4.796586144503966409e+01
5.503408144162776949e+01
5.837147683404885612e+01
6.879820365145347694e+01
6.591935147576863585e+01
6.364474986551963553e+01
4.475108121647944870e+01
4.475108121647944870e+01
6.413272289999348175e+01
5.954489203162626865e+01
6.286147260127441427e+01
6.178147912283730392e+01
6.378140759487116895e+01
6.035889292946421847e+01
6.163287508250195401e+01
6.825140919504900694e+01
7.006759615112578388e+01
7.482944436779976627e+01
6.940686609911233518e+01
6.919448653924318648e+01
7.539297418500021308e+01
6.945557066736216711e+01
6.825627644618225531e+01
6.333993464510245275e+01
6.626149502983672335e+01
5.905741098208143569e+01
6.977131911878251458e+01
7.412607489536463845e+01
7.428386342975903744e+01
7.428386342975903744e+01
5.339196672818485467e+01
7.349959557892897521e+01
1.027577023119081474e+02
6.710105740084078718e+01
6.708900477103485116e+01
6.442092673452229690e+01
6.261095832883049894e+01
6.953873622267612120e+01
7.449903665456983504e+01
6.720709452502414649e+01
6.356636659853140969e+01
6.286147260127441427e+01
7.090660641965885702e+01
7.684609751652584464e+01
6.661503343875742189e+01
6.972667894315580384e+01
6.791152354191420670e+01
6.933050250365654676e+01
6.724253853087066091e+01
7.461295318987075120e+01
7.347307069346300068e+01
7.221439086443515976e+01
8.551260887480322026e+01
6.400229596798790510e+01
7.465619583479121957e+01
8.042770889489092667e+01
7.999564934154105345e+01
7.752080754678604535e+01
7.988437162025284977e+01
8.469280945453195386e+01
7.319528183197839155e+01
7.899002438612066612e+01
1.086471108945935100e+02
7.261910291816174379e+01
6.088222046117032704e+01
3.924851555991378405e+01
3.924851555991378405e+01
5.208964970942301420e+01
5.896368803672351078e+01
6.427465587032288852e+01
6.287940535261660813e+01
6.407478318974912668e+01
7.015130288922674140e+01
6.961319738302097448e+01
5.778040587707087639e+01
7.116058766368614386e+01
8.488385956219684658e+01
7.983610493992243562e+01
9.665096097871096958e+01
9.665096097871096958e+01
6.361307007098875488e+01
3.460241627693915234e+01
6.259439866736523328e+01
6.347664064615989332e+01
6.920413005949977503e+01
7.617317655263853737e+01
7.312744258467364489e+01
6.226465251893647235e+01
6.094586044559973459e+01
5.743231325992788072e+01
8.634984219296951835e+01
8.603241400668756000e+01
6.316503914290423438e+01
6.544723446894880681e+01
6.546760162760949697e+01
6.983119816551639758e+01
6.309277176525080932e+01
7.209636960291176422e+01
7.441675173154837353e+01
7.167165429556128231e+01
9.978945059202393963e+01
9.732607793004389407e+01
7.437152533463924442e+01
6.649084276104497349e+01
6.875041128094675003e+01
7.029444992947658477e+01
6.854138868099686022e+01
6.386242405510533615e+01
6.791536710191751069e+01
6.598878538646873437e+01
6.499283717469999999e+01
6.618032543413417557e+01
7.116058766368614386e+01
6.777052687890851246e+01
7.785415330656813637e+01
7.199616044667999404e+01
6.804496813039465053e+01
7.111514465846924793e+01
8.314101040765203265e+01
1.074621173586486123e+02
8.231026378820413925e+01
7.056025441601990167e+01
6.802004595616017468e+01
8.267439286445627999e+01
5.543572524917802014e+01
6.704170746565310424e+01
6.301735966520313781e+01
6.647773807489339504e+01
5.843168896893137543e+01
6.172786370754918295e+01
6.981123595411270344e+01
6.180247808841274093e+01
7.105783004384014134e+01
6.607834447700022906e+01
6.431281391059958708e+01
7.086816302643451593e+01
6.618821710922114221e+01
6.986293176127277604e+01
6.790159911926065206e+01
7.702995509174151323e+01
7.559990218318023381e+01
6.324717303497941145e+01
6.710456654806894505e+01
7.478036804059613019e+01
6.621419308357366162e+01
6.420434397789296099e+01
7.101045646969919289e+01
6.591935147576863585e+01
6.272820541381457105e+01
7.030500774469311409e+01
6.413386033849452872e+01
6.712269602138599112e+01
6.186356617610508124e+01
6.944130086916072742e+01
7.499710451231825914e+01
6.957683150610951373e+01
7.982186437916034549e+01
9.362779645646186566e+01
7.433775924178299022e+01
7.022241172721523128e+01
9.372043934014686783e+01
1.003884097412610288e+02
1.085254484967953488e+02
7.475861705775810151e+01
6.707138531855588326e+01
7.255587492958007090e+01
1.270948084961972882e+02
5.866055070242249059e+01
5.964604236285307337e+01
5.964604236285307337e+01
6.175119188900563216e+01
6.181939413870957623e+01
9.948204659143534911e+01
6.806895300170629071e+01
6.787643543362163712e+01
1.270948084961972882e+02
1.287672993006363527e+02
4.590132515364030752e+01
4.906674635473421375e+01
5.213007157485066756e+01
3.788580758463281484e+01
3.788580758463281484e+01
4.894606312128128423e+01
4.590132515364030752e+01
4.590132515364030752e+01
5.900813035954639929e+01
6.684760684576316692e+01
7.255587492958007090e+01
6.225314022877859799e+01
6.535178422769146778e+01
6.496338363786136938e+01
6.797635065768784557e+01
7.301811663908277694e+01
4.590132515364030752e+01
7.779672939647417707e+01
7.350666217154169146e+01
1.060013757193164849e+02
1.127330548248631601e+02
8.267439286445627999e+01
8.888464692159942615e+01
6.581747379153992483e+01
4.590132515364030752e+01
7.044071963046241081e+01
6.945557066736216711e+01
6.793335271007816800e+01
6.215142161306072666e+01
6.180762653391011696e+01
6.802004595616017468e+01
4.833905665114355088e+01
7.165501109864096918e+01
4.827348055271383487e+01
8.091223061342665801e+01
1.287404597193290101e+02
7.338808853390472109e+01
3.125773747456373997e+01
6.782591036201677070e+01
4.697372781788770624e+01
8.777898912224783601e+01
4.784935142699965382e+01
5.212332262222244594e+01
1.297406643184115751e+02
6.292120941741423223e+01
5.834431093586572814e+01
3.168517872874495112e+01
7.165501109864096918e+01
4.112818034772799791e+01
3.035555722567504233e+01
5.188561929176236731e+01
5.584221801336619961e+01
4.883015565071301012e+01
4.052111451014361876e+01
3.639054087885051558e+01
2.383790116545402782e+01
4.984363856647369317e+01
3.339148696764682711e+01
3.260498056022304780e+01
5.461883269216710346e+01
1.004724804077044666e+02
7.881433816894944755e+01
5.140938415688133745e+01
6.301451928417652226e+01
4.276671059786362150e+01
3.768241937785568041e+01
5.660998115985199064e+01
6.137826030728369631e+01
5.300108749765200145e+01
5.195307409450037994e+01
4.524236513560226314e+01
6.401884354755415529e+01
4.426505473017937220e+01
4.620185304862069842e+01
6.484541423819005956e+01
4.510303336101505067e+01
4.638972569442780980e+01
4.990009187960210824e+01
5.975729806649183473e+01
5.711499731324605023e+01
6.141138600543504822e+01
6.695356368823921400e+01
6.484541423819005956e+01
6.330199453036823343e+01
6.413521522264629482e+01
5.212332262222244594e+01
6.435474272110440097e+01
4.860908662430263405e+01
5.203972614933292107e+01
5.922928470171893167e+01
6.838427870033311251e+01
5.572784348595101989e+01
5.195307409450037994e+01
6.050386525698419860e+01
4.576709206559500842e+01
7.482242023560687016e+01
6.291011253702393446e+01
6.886748378299489559e+01
7.238300220456777367e+01
7.199616044667999404e+01
7.004923031912402109e+01
6.219841261456437564e+01
6.629272450675115635e+01
6.210212671283899510e+01
6.737606482691340659e+01
7.316129325789196969e+01
7.255587492958007090e+01
6.435474272110440097e+01
8.541441612513810355e+01
1.086535850149220295e+02
1.054246834352250346e+02
6.833128234214795782e+01
7.752080754678604535e+01
6.301451928417652226e+01
6.407478318974912668e+01
1.082554011452094755e+02
6.876217158600773871e+01
5.546193669016859218e+01
6.756427583493015732e+01
6.876763719478304893e+01
7.118135829478110566e+01
6.895511208155740235e+01
6.614571195543497595e+01
6.770258444273234488e+01
6.604845493406959633e+01
5.277150791445280476e+01
6.116228393964430410e+01
6.623113498678326039e+01
6.815352570843563740e+01
7.143442589442739177e+01
5.816595586912029603e+01
6.989180051270759009e+01
6.814867292030531587e+01
6.895444552579296271e+01
5.782372433092718467e+01
6.163367729851418630e+01
5.981308296999470286e+01
6.719378399255694490e+01
6.687805445961751616e+01
6.986349969293451068e+01
7.649606778355266101e+01
6.648763493853040529e+01
6.877880514356398578e+01
6.976696967982394426e+01
7.088113937614180315e+01
6.970377885912628813e+01
6.639680862095799796e+01
6.319819313965677310e+01
6.194477681299969163e+01
7.163389023103624709e+01
6.660494085063047009e+01
6.924066720768281868e+01
6.681096542271605188e+01
6.962541554976547786e+01
5.823776312389133381e+01
5.774830869719824022e+01
5.488712791124819290e+01
7.794376479793507428e+01
5.754345186060931638e+01
4.928309428451314744e+01
5.074501118272993239e+01
5.812443019825401791e+01
6.201792103525338717e+01
6.267716984419911341e+01
6.800343433688298944e+01
6.957263261681583799e+01
6.850768154035870339e+01
6.877973770215351124e+01
6.860319053829215363e+01
6.996523922049182431e+01
6.996523922049182431e+01
7.465450352339966855e+01
6.981643739023044759e+01
6.749745619983444556e+01
6.876647725078086637e+01
6.914145589131231873e+01
6.904721837046260191e+01
7.082152466147417158e+01
6.973938647407568681e+01
6.773831470307133884e+01
7.405102003404324762e+01
7.216267793665326735e+01
7.389596990359542872e+01
7.545599700868197601e+01
7.602036064504559931e+01
7.709778015871157208e+01
8.273636742087174412e+01
1.018899222302354843e+02
4.799955663727538990e+01
5.069637462912564985e+01
5.806160937328402127e+01
6.692456910435677742e+01
7.432249710569536205e+01
6.672166227575723951e+01
6.571870204742590715e+01
6.650674342213541479e+01
6.807717785006448707e+01
6.560234882687686309e+01
7.250802694995920206e+01
6.368459527687372912e+01
6.823349567588169862e+01
6.941746747478478596e+01
6.718902428541356642e+01
7.038832804408973232e+01
6.793703465368049876e+01
6.917333114990213971e+01
6.754044969239528484e+01
7.050685852403692877e+01
8.193313181203664897e+01
8.303139863489968775e+01
6.746834912689580221e+01
6.554720179611589970e+01
5.951276567717457766e+01
6.910228106719593200e+01
6.699856090984766865e+01
6.762275690323626520e+01
7.208439018311392488e+01
6.681009304840678453e+01
7.594175752640320809e+01
6.742248903379305602e+01
6.959569005894215366e+01
6.915523381583575713e+01
7.150839905691657350e+01
7.461024044028009428e+01
7.778402800386888316e+01
8.147771306460340668e+01
7.870223690423415519e+01
8.575309269577448390e+01
5.666909532066507893e+01
6.728170181391139693e+01
7.028636747374312677e+01
7.244574094041996659e+01
4.879004730272872337e+01
4.271179321780673632e+01
6.850984859497218338e+01
6.711443475371265777e+01
7.359282835313642579e+01
8.303139863489968775e+01
6.890404974620437883e+01
5.629772087670157532e+01
7.677750155461535542e+01
1.215908747722439927e+02
6.668735993543862151e+01
5.966322350022215915e+01
5.418323396588780128e+01
7.101107595141841955e+01
4.215088388578867296e+01
6.375483321949027271e+01
6.320641557227270368e+01
6.915664720939405186e+01
7.069438424293772982e+01
6.580277234257793850e+01
6.984788225441980103e+01
