7.110587197151394889e+01
9.306822342966223971e+01
7.069634231337808217e+01
4.598694879369666921e+01
4.292859136357682814e+01
8.127598694242075794e+01
6.678745075103711315e+01
9.209595317312373197e+01
8.009884090291036784e+01
6.680772307863527715e+01
6.680772307863527715e+01
4.280154323567548857e+01
6.590024439865314321e+01
6.980446902666879794e+01
6.881062632047827776e+01
1.415195750965567356e+02
3.788494738474804535e+01
3.949895722932609488e+01
3.949895722932609488e+01
6.347213222449077108e+01
6.582893181063647603e+01
4.298036467175640496e+01
6.712567793336305044e+01
4.322894521541437030e+01
5.049018458385289421e+01
5.664766768398547470e+01
6.289391766675503703e+01
6.372355090267939914e+01
6.822425450135095559e+01
6.431481486519356849e+01
6.149211302517787203e+01
6.766727656411893577e+01
6.282960468304900559e+01
7.021533199731842956e+01
7.005894670289909243e+01
6.542070465458908757e+01
6.496609144017234883e+01
6.825016202226180440e+01
6.315446786808166735e+01
7.057831268518177126e+01
7.573346372683550953e+01
6.718753680059320743e+01
7.016618836398384929e+01
6.611332719905105648e+01
7.048423308044239377e+01
6.559503753484585786e+01
6.806545169626343750e+01
7.631045634728381799e+01
4.532089168891691600e+01
7.021533199731842956e+01
7.619666281834039978e+01
6.669609502265613798e+01
4.122413542919102980e+01
4.576751177842386653e+01
4.012022192020377531e+01
5.872943460942334326e+01
6.530188641710914510e+01
5.784639299915482269e+01
3.956770370741459431e+01
4.400800113995050822e+01
6.327936858584130420e+01
6.558966308501295828e+01
4.298036467175640496e+01
4.298036467175640496e+01
8.009884090291036784e+01
4.504416188594630910e+01
6.671718738295327000e+01
5.098224090865396363e+01
6.530188641710914510e+01
6.913012762433733371e+01
6.483421675188712641e+01
7.006110413657764013e+01
6.640469827977099726e+01
6.837501889736338967e+01
6.463378403296971442e+01
6.717377876652739133e+01
6.669609502265613798e+01
6.702346133295354491e+01
6.837909802948468041e+01
6.688051056935195504e+01
6.493388279068332736e+01
4.830665902706209636e+01
4.668449949966885981e+01
5.789487100184778967e+01
5.146553638728128277e+01
5.805626231430026962e+01
6.558587927115391381e+01
6.590500008299559909e+01
6.336697264553021114e+01
5.926999545987548146e+01
5.932899324048755574e+01
6.307324222678791870e+01
7.197726487152242214e+01
6.680772307863527715e+01
6.711672002265613912e+01
7.319441507014870751e+01
7.114645165819032968e+01
6.807875916585264520e+01
6.822937487612334451e+01
7.540831785397195119e+01
3.970931076156747963e+01
4.501239484049183659e+01
6.579059336114855228e+01
4.535935400701061582e+01
6.808787948091261910e+01
6.739246091496625013e+01
6.863743334346824554e+01
7.290351056190870338e+01
5.935328426181528982e+01
3.882142130754544951e+01
4.390972577596807724e+01
4.188433191985785697e+01
6.334872319698395415e+01
6.083001347078565857e+01
7.106057199128410673e+01
6.588075330740059599e+01
5.442719659415587330e+01
6.026876498831249052e+01
5.225389219443378863e+01
6.640469827977099726e+01
6.346311103113512786e+01
6.606776489043718925e+01
4.350889285317539645e+01
6.048931413591164841e+01
6.585378291945414730e+01
6.735534652384001220e+01
6.712883485513137316e+01
6.680772307863527715e+01
6.743002720898617497e+01
6.817664633171905564e+01
6.741649604080727443e+01
6.712567793336305044e+01
6.661046733086131155e+01
6.692662129802518223e+01
7.211922365102506660e+01
7.026005746328320356e+01
7.297709778162456473e+01
6.844170761762778454e+01
6.855175159631863835e+01
6.892417796361857540e+01
8.403742968934463420e+01
7.207257021693641263e+01
9.811802611490409731e+01
6.887135695953591608e+01
6.887135695953591608e+01
7.533120712791281903e+01
8.684342109554452804e+01
7.835632427830783797e+01
1.417585483226757219e+02
6.021520853744159751e+01
6.788226284715551628e+01
2.592601104580117521e+01
6.701510972040270531e+01
3.874626535967281882e+01
6.357536733207476232e+01
6.825086991286102034e+01
6.905803665461348828e+01
6.879809549679417557e+01
5.780074437463275672e+01
7.118764815601210216e+01
8.178158567765412101e+01
6.089843945718676821e+01
6.089843945718676821e+01
6.640469827977099726e+01
5.538731475893714418e+01
4.998074620832562687e+01
4.942074620832563170e+01
6.530188641710914510e+01
7.011821953846076383e+01
6.472664536177690309e+01
6.682340160651367000e+01
6.887135695953591608e+01
6.032958811625239548e+01
6.644750596783410401e+01
6.701123184502708341e+01
6.724331940332911017e+01
7.048122783245062806e+01
7.078887848624823675e+01
4.589679109286350922e+01
7.224137021065912734e+01
4.449617209607984591e+01
5.195646149299301442e+01
5.168177565645903826e+01
4.765185740340955789e+01
5.975015700978163835e+01
6.136979144037230327e+01
5.207449327573260689e+01
4.660181181890813207e+01
5.334156357288144790e+01
6.668204798783798992e+01
6.978438413115073047e+01
6.435572644909044016e+01
4.717048781355072151e+01
4.717048781355072151e+01
6.584470551035502695e+01
6.316242333896997962e+01
6.297352166959628050e+01
5.713449196691286147e+01
6.122618374251611328e+01
6.406219243645358574e+01
6.295942161763989020e+01
7.072131880137180815e+01
6.837479021196931228e+01
7.080004562670080759e+01
6.900841374420731711e+01
6.739184040788281038e+01
6.887233744233010668e+01
7.063266865014804807e+01
6.744724355255773673e+01
6.975871652602623385e+01
6.822425450135095559e+01
6.694189329315844361e+01
5.678955292285633760e+01
1.058333432221571400e+02
7.048423308044239377e+01
7.078887848624823675e+01
7.075067974766481882e+01
7.075067974766481882e+01
6.089843945718676821e+01
7.489305215779100422e+01
7.273602547133819485e+01
6.908549480367625506e+01
6.611332719905105648e+01
6.349485896990353240e+01
6.954314389510838623e+01
7.922928583619682286e+01
6.924845958659982159e+01
6.762920077898175464e+01
6.297352166959628050e+01
6.990244779022236798e+01
7.831530883138705690e+01
6.634639491663099875e+01
6.933850022518124945e+01
6.697886477088137269e+01
8.269898090712635508e+01
7.484131722336780967e+01
6.979941420725836565e+01
8.058181957497964731e+01
6.724331940332911017e+01
7.541556711517681322e+01
7.631986435032922600e+01
8.087734706183404398e+01
7.874856499178309832e+01
8.206708215229110692e+01
6.089843945718676821e+01
6.527844309481295682e+01
7.872369707832956465e+01
9.818494301742065034e+01
7.200789807110436413e+01
6.047233695139207299e+01
4.290132114688407228e+01
4.290132114688407228e+01
5.451105944250180357e+01
5.992424467693098222e+01
6.533038164305536100e+01
6.714009426859364282e+01
6.887135695953591608e+01
7.273602547133819485e+01
6.793333614013917554e+01
6.800609579574671670e+01
6.159160042305115468e+01
6.935814482081708832e+01
7.241363565742960873e+01
7.976961064661806233e+01
6.896024401180216046e+01
8.045466527129266865e+01
7.570401304228647632e+01
6.981017852068015372e+01
3.849919257773743198e+01
6.643532251447712156e+01
6.495647118208798076e+01
6.478998739359829528e+01
6.856602161229285741e+01
5.468258080814605648e+01
5.031769892694148893e+01
6.066313318584730041e+01
6.136115553628523855e+01
8.204556189588984694e+01
8.203431569159069170e+01
6.492627284578453839e+01
6.808262416573317921e+01
6.808616206995139919e+01
6.941636678909955549e+01
6.346311103113512786e+01
6.849559663687053046e+01
7.413142021538898518e+01
7.394808688205566227e+01
7.106057199128410673e+01
9.572863888128490828e+01
9.637922410334323331e+01
4.522469914458287832e+01
6.858714842732565842e+01
6.324607734514229662e+01
7.141150300542331308e+01
6.707249999626549197e+01
6.772123534989235338e+01
6.656093461979968140e+01
6.745588526283388831e+01
7.019077588149528424e+01
7.227065923867596098e+01
7.241363565742960873e+01
7.121041652767257801e+01
7.850648147338324634e+01
6.961228835891763822e+01
7.348406717212012040e+01
6.963490281560049766e+01
7.336492216870173877e+01
7.021533199731842956e+01
1.040934574888789967e+02
6.712567793336305044e+01
7.784938271487871475e+01
7.021533199731842956e+01
8.501651013031637660e+01
6.538640926310587531e+01
6.576115876171108710e+01
6.085493571545183755e+01
6.682107957084706129e+01
7.076734231337808012e+01
6.287756992408073131e+01
7.129108452929956741e+01
6.671718738295327000e+01
6.821919656416355338e+01
6.974951680725524739e+01
7.665799144295792189e+01
7.163464733862805645e+01
6.742851353630345557e+01
8.397215709619204915e+01
7.460908024316819365e+01
6.527288446132631350e+01
6.656803325417524775e+01
7.588070062337712329e+01
6.788226284715551628e+01
6.471478594352987557e+01
6.993981882031631869e+01
6.887642992341825732e+01
6.927845923690031782e+01
7.371025089580709277e+01
6.720023879004662604e+01
7.147079213266528086e+01
6.707619191719869889e+01
7.161840733303992579e+01
6.234320589427861137e+01
8.087822409837652060e+01
8.489484972275063512e+01
7.147777362804906431e+01
6.988862620126393210e+01
8.879809630119157760e+01
1.047209077315389152e+02
7.721589030138189003e+01
9.211862915841361144e+01
1.058333432221571400e+02
5.751883530650826515e+01
6.270513356584100251e+01
6.008617699394254430e+01
6.008617699394254430e+01
6.143380177508127815e+01
6.485631478049076293e+01
9.335535493253837558e+01
6.983640344173360859e+01
6.945726116806700645e+01
1.058333432221571400e+02
1.304414316883701304e+02
4.350889285317539645e+01
3.885717493422561120e+01
3.306679322893099027e+01
3.306679322893099027e+01
5.135045970630194745e+01
4.350889285317539645e+01
4.350889285317539645e+01
6.189619582074165294e+01
7.069240189775543115e+01
7.133905001546624192e+01
6.715467172413596586e+01
6.157714143479118007e+01
6.679668631154004288e+01
6.726579138818618731e+01
7.045405637133353594e+01
7.501538889281418676e+01
6.238696963091110348e+01
4.350889285317539645e+01
7.089468932962633119e+01
7.925479778985236123e+01
1.021761927569285149e+02
1.078532611746454108e+02
8.501651013031637660e+01
1.227868077081685669e+02
6.817664633171905564e+01
4.350889285317539645e+01
6.531068672286960464e+01
7.063266865014804807e+01
6.864027423965799812e+01
6.357536733207476232e+01
6.334872319698395415e+01
7.021533199731842956e+01
4.854518328093789137e+01
4.720179623602957975e+01
6.250398549809631277e+01
7.805289636441520429e+01
1.271971995067333268e+02
7.425820851211071272e+01
3.646924684352302393e+01
7.094110380215676059e+01
4.665281627587461344e+01
4.618513004446477055e+01
3.676637693775550275e+01
4.850327682270751950e+01
5.226057303449195501e+01
1.393603092909795578e+02
6.508903175682300457e+01
5.072793812211919828e+01
3.302362124976126978e+01
7.709684220911860564e+01
3.671632344058433262e+01
4.524709850621209739e+01
6.808583987385456737e+01
4.860435382172224195e+01
5.813460174156305982e+01
4.432438089040316243e+01
4.012022192020377531e+01
2.592601104580117521e+01
4.442003131613753908e+01
5.262782155848507415e+01
3.179777185663222383e+01
3.204897185663220682e+01
5.308736884726173599e+01
1.018616847843415627e+02
6.936397965186810666e+01
5.452368380541926740e+01
4.509432198551556326e+01
7.305644828213584674e+01
4.895839411911716610e+01
3.231004486103341122e+01
5.927087875208558643e+01
6.319301991724796608e+01
5.741714231158680093e+01
6.533038164305536100e+01
4.419660861800790030e+01
4.678903957780646294e+01
5.604877220090708079e+01
6.712567793336305044e+01
4.298036467175640496e+01
4.598694879369666921e+01
6.640469827977099726e+01
4.532089168891691600e+01
4.928518604735752717e+01
5.088350193907034225e+01
6.440821734303649748e+01
6.324784572575691755e+01
5.239302574247587074e+01
6.640469827977099726e+01
6.873627271992955912e+01
6.724331940332911017e+01
6.724331940332911017e+01
5.226057303449195501e+01
4.481306175419400972e+01
5.144189394827321848e+01
6.439111989902826849e+01
7.172354425696492797e+01
5.255036764494467150e+01
4.419660861800790030e+01
6.200970573070613767e+01
4.531243621367850949e+01
7.668644707204106226e+01
6.756374169798803564e+01
7.172691323602410307e+01
7.349110743385053013e+01
6.887135695953591608e+01
6.961228835891763822e+01
6.839537132479505033e+01
6.539499240279789660e+01
6.903851542087551252e+01
6.488325455373768591e+01
7.409500495908365281e+01
7.069240189775543115e+01
6.661046733086131155e+01
1.078273503486571769e+02
1.082266284202993347e+02
6.949108261893574934e+01
8.087734706183404398e+01
7.305644828213584674e+01
7.426195387272088055e+01
6.887135695953591608e+01
6.806698882082184809e+01
5.704125073763157872e+01
6.887213854140721025e+01
6.863237833425299073e+01
6.901669369142423704e+01
6.829520956760360662e+01
6.951682523541120418e+01
7.001637167603806233e+01
7.262883248777323786e+01
6.418334244573017600e+01
5.376536500613535452e+01
6.558943210319684169e+01
5.851117702977997936e+01
6.726497508389348923e+01
6.789382722829064676e+01
4.731845358933910006e+01
7.060487372335994394e+01
6.537644467020508898e+01
6.558257154775485276e+01
5.694837008553184887e+01
7.002592660331572461e+01
6.397125688225015949e+01
6.709675161238243390e+01
7.439939690939377215e+01
6.964626379457052963e+01
6.659140114243994901e+01
7.180090552167170870e+01
7.450264822244912466e+01
7.007274181147705860e+01
6.983532593688927648e+01
5.453617677672882991e+01
7.073568742381739582e+01
6.756350286270496497e+01
6.791369927850580268e+01
6.945339651515740798e+01
4.446148385461322761e+01
4.682345898034586185e+01
5.847493019571805206e+01
5.205053615360753838e+01
5.211246448653479746e+01
5.371674134024733860e+01
6.246556598791795523e+01
6.353358945812834691e+01
6.643803320923400690e+01
6.827841160599682269e+01
7.024767283667307538e+01
6.992314854510260602e+01
7.211528420427468689e+01
7.281134072127632351e+01
6.728820520833443197e+01
6.955344087312656143e+01
6.955344087312656143e+01
7.159125472200088325e+01
6.820116494936550566e+01
6.782444950624520175e+01
7.074465076827321752e+01
7.314961420940871051e+01
6.936645127944839828e+01
6.765756329501462574e+01
7.749642996445348331e+01
6.952316326982474948e+01
7.329061590869675058e+01
7.089496270206038275e+01
7.967307194264880366e+01
8.119916458484263444e+01
1.077128554951096504e+02
5.198010340921285888e+01
4.689782585326501874e+01
6.238262095092910897e+01
7.059641599398486278e+01
6.927004912142704995e+01
7.816458372361253737e+01
6.674288241953659906e+01
6.274681520347940022e+01
6.614597518694760936e+01
6.901899678976629104e+01
5.753718528561399381e+01
6.354796850447650058e+01
7.087146615902750568e+01
4.879191893489611687e+01
6.455736456291559477e+01
7.128219789272733919e+01
6.683916030063038249e+01
7.213314545110043241e+01
7.030700539734037591e+01
6.983574671841137160e+01
6.741138219781984731e+01
6.995794416081588452e+01
8.134241960014568917e+01
8.470343544206041031e+01
6.594565413244316687e+01
6.072271648656975884e+01
7.136249708558237614e+01
7.015707802595923681e+01
7.389522124621370835e+01
7.195820066136680282e+01
6.671091834909363172e+01
7.641010153554827866e+01
6.718189371497997797e+01
7.239920761305850760e+01
7.107631413309394475e+01
7.280084795470202153e+01
7.951618057513664439e+01
7.830482142271169721e+01
8.113585612364025224e+01
9.348985461036667743e+01
5.876367766483828348e+01
6.443772720899532658e+01
7.014206027996125670e+01
7.081885041946888748e+01
4.812475324428059764e+01
7.183956947772651347e+01
6.819102776649231146e+01
7.358686783127119213e+01
7.151533641974312161e+01
8.470343544206041031e+01
6.824575609538905496e+01
4.910489808597510120e+01
7.688178870253351249e+01
1.170211524998104551e+02
6.682209283806429312e+01
6.045105203184382958e+01
5.035975876483679770e+01
7.381358398492618278e+01
4.326753354208878477e+01
4.153991709836610369e+01
6.469279449124604753e+01
5.599820242105544565e+01
7.264982381167470749e+01
7.263380115640028123e+01
6.617655068501329652e+01
7.154814290710594094e+01
7.585472490748227870e+01
