6.132518201052074858e+01
8.900678288267280891e+01
7.011115184452421545e+01
4.331239634653015713e+01
4.852105479049500047e+01
7.913577131632490591e+01
6.715050928584139456e+01
9.014915957989740036e+01
7.017315329107097455e+01
6.643195962833964074e+01
6.643195962833964074e+01
4.247827895389251296e+01
6.232950019233892647e+01
5.488336172170495075e+01
6.435048288855433896e+01
6.779173302605255458e+01
6.757404563679220644e+01
1.313089395431985622e+02
3.560177397902047858e+01
3.966204753618840328e+01
3.966204753618840328e+01
6.659653580826005737e+01
4.041921864884525917e+01
4.470655903573947398e+01
4.978412446987978512e+01
5.304778579892474966e+01
6.793557063479941860e+01
6.461652714281568421e+01
6.733772052661515772e+01
6.510110682264225090e+01
6.071712752204594210e+01
6.115972728388923230e+01
6.980827105001230848e+01
6.794996952200077089e+01
6.343634443058097361e+01
6.841077424085612790e+01
6.453857244008729310e+01
7.536696217392619701e+01
7.261779390574670856e+01
7.372073089859168249e+01
7.056628584452165853e+01
6.866458550880209089e+01
6.402676008282185194e+01
8.000370545224269847e+01
4.206623980810000063e+01
6.973578825604215581e+01
7.122021620541511311e+01
7.981156697777524300e+01
6.626750502585069569e+01
4.279083494793825793e+01
3.972756395517342298e+01
5.689422026935896071e+01
5.508927683343952708e+01
6.167040372496168033e+01
5.956455697602179100e+01
3.559929684086750967e+01
6.698720887555296599e+01
6.839425098457341790e+01
4.041921864884525917e+01
4.041921864884525917e+01
4.753420067278433692e+01
7.017315329107097455e+01
4.330108487032015319e+01
6.780572348913275960e+01
6.062150245813957383e+01
6.167040372496168033e+01
6.970099373831347123e+01
6.471151321372332177e+01
7.093633115038662140e+01
6.710908596420055972e+01
6.861144655174045681e+01
6.575130008625026790e+01
6.501810105836626974e+01
6.626750502585069569e+01
6.536239238437404708e+01
6.702009430506730325e+01
7.133080273471564681e+01
6.648522080969239312e+01
4.322859695908528010e+01
4.428721122569351110e+01
5.552835893377417165e+01
5.178601168142682099e+01
4.261548775185509896e+01
6.060579424261334935e+01
6.628317543651986909e+01
6.576244981304870407e+01
7.201742767708090298e+01
5.868986741672610208e+01
6.054893299968374976e+01
7.399357376487706972e+01
6.643195962833964074e+01
6.645917169251735857e+01
7.391079354731277817e+01
7.176365302466433604e+01
6.705275879102966030e+01
6.818038294735497118e+01
7.489505664281878694e+01
7.022685096901544455e+01
3.910004959201383201e+01
4.479340330488641797e+01
5.880337889404508189e+01
3.440066081593445091e+01
3.440066081593445091e+01
6.373354991647209999e+01
6.777716103380512891e+01
7.186206343112434070e+01
6.570970513859784035e+01
3.944727191501306152e+01
3.944727191501306152e+01
4.567206741488797661e+01
6.504893709700961324e+01
6.911821955169145326e+01
5.715536633284166612e+01
5.357608887457018909e+01
6.963205592904377284e+01
6.875627404541870646e+01
5.735267975311177935e+01
5.993307254804265938e+01
5.807973248311591874e+01
6.604779212369511754e+01
6.710908596420055972e+01
6.396301823936895659e+01
4.466224586888792203e+01
5.946578152800229589e+01
5.994436826780488303e+01
6.888906110356337820e+01
6.673778686871443711e+01
6.643195962833964074e+01
6.904285889538294896e+01
6.904303468214926909e+01
6.847827182224267517e+01
6.849006219549383445e+01
6.805667091233932808e+01
6.795696375394710742e+01
7.153724241218741042e+01
7.258567580992487933e+01
6.601289518597052108e+01
7.406125417283338663e+01
7.058712838450604465e+01
6.501280997454608723e+01
6.877939291949377321e+01
8.307147117571645367e+01
7.398323668879432091e+01
1.034812733782850103e+02
6.973578825604215581e+01
6.973578825604215581e+01
7.198917193264384196e+01
8.632759620187161431e+01
1.137374727258770406e+02
8.157466230693363229e+01
1.404668242715701467e+02
6.477190702577875925e+01
6.901101368578353856e+01
2.353715536553566778e+01
6.611779485117811817e+01
6.365915860678907023e+01
6.902343148096611003e+01
6.862267777434648508e+01
6.641136363161071188e+01
7.112493433286651623e+01
6.142009379583871720e+01
8.779539486830775274e+01
6.137914939717849450e+01
6.137914939717849450e+01
6.464370308900399209e+01
5.983252653270739785e+01
6.167040372496168033e+01
7.195538377792918538e+01
7.215620180934352845e+01
6.624095475139451139e+01
6.654273107622647387e+01
6.973578825604215581e+01
6.460872458176618238e+01
6.714467731182173793e+01
6.575305438095489308e+01
6.578041373587073792e+01
6.794531320177011935e+01
6.820716160326092847e+01
7.035696799317125283e+01
4.419154493728408539e+01
4.576470850428861326e+01
4.841001625388710750e+01
4.498194524818417506e+01
4.872827505625063793e+01
6.288487292169013898e+01
5.824460002496480371e+01
6.609812023108860046e+01
5.851294687903080671e+01
4.788944183753955741e+01
5.843191023486501479e+01
6.518646339896373831e+01
6.997688526360956018e+01
6.651667476640378140e+01
4.957719868844667843e+01
4.957719868844667843e+01
6.414118224152386460e+01
6.219448858820815218e+01
6.145258622290746331e+01
6.272382567565658462e+01
6.490529592318084440e+01
6.915963388746853013e+01
6.811424459534200082e+01
7.358491996980964700e+01
7.288745976046935482e+01
6.667895355929256596e+01
6.919655941404266741e+01
7.071219875547214428e+01
6.803561975743943435e+01
6.884315352355962148e+01
6.879736976273117932e+01
5.668520322621577634e+01
1.001788184307114307e+02
6.866458550880209089e+01
7.035696799317125283e+01
7.091550543964422104e+01
7.091550543964422104e+01
6.137914939717849450e+01
7.570370949506903457e+01
7.137373212099079467e+01
6.800032191038131657e+01
6.755123825875958232e+01
6.468300501667771130e+01
7.001891342751635250e+01
8.872894817527252087e+01
6.864265855073050204e+01
6.770052241095173429e+01
6.603602016899472460e+01
6.523166798069820516e+01
7.306547340913948574e+01
6.953218704829534147e+01
6.986104046056840389e+01
6.714467731182173793e+01
6.985407390783902315e+01
6.844007915058074332e+01
8.600615211234622848e+01
7.490608733292511090e+01
7.337855233543150746e+01
8.765184096034361971e+01
6.794531320177011935e+01
7.353833397538873839e+01
7.622822694042032765e+01
7.622822694042032765e+01
8.144448286994730779e+01
7.826474846561359300e+01
7.975510740500372719e+01
6.137914939717849450e+01
7.294106377950512865e+01
7.948688065820553561e+01
1.081967501027930041e+02
7.859635184164140753e+01
6.307791314838873120e+01
4.500331496751645233e+01
5.642379777060702395e+01
6.226355944140936316e+01
6.391305120968205244e+01
6.596711774135795281e+01
6.973578825604215581e+01
7.137373212099079467e+01
6.999208312776355001e+01
7.086907611187875489e+01
6.012995958528735940e+01
6.521566861110099467e+01
7.184109801585695720e+01
8.119020543912137100e+01
6.883672053307125793e+01
7.953321546019998323e+01
9.166040912461185997e+01
9.166040912461185997e+01
3.750126441719960724e+01
6.602199851667643316e+01
6.366577718551366871e+01
7.289565906698715025e+01
7.488191067327264250e+01
6.186081514610506815e+01
6.268708665996837226e+01
6.101223622120240719e+01
7.640014965902916799e+01
7.796261105856794416e+01
6.993957034298905739e+01
7.161153610832434424e+01
6.396301823936895659e+01
6.915825939193622673e+01
7.507341521513329496e+01
7.526284571706379722e+01
6.963205592904377284e+01
1.001935602728851791e+02
9.976708728964615602e+01
5.327992902404129438e+01
7.403250468330732303e+01
6.776284605087425916e+01
6.979120921601828798e+01
6.531459617660411254e+01
6.904535914282368481e+01
6.654500902546487850e+01
6.855220469436733310e+01
7.444804217968200533e+01
7.184109801585695720e+01
6.732237303287642760e+01
8.175959230903245611e+01
7.140084058941776846e+01
7.488649323709000782e+01
6.929475938170580207e+01
8.276092532102879318e+01
7.022278311106630611e+01
6.849006219549383445e+01
8.301925084536657096e+01
6.917883667070908871e+01
7.122021620541511311e+01
7.654747596422070899e+01
5.694979993328887957e+01
6.839028982541793766e+01
6.057055894450441969e+01
6.533839741074950780e+01
5.825903035280744291e+01
6.588920262465522626e+01
7.044422543759780808e+01
6.529196417976373823e+01
7.173767406731940355e+01
6.780572348913275960e+01
6.781307463418312409e+01
7.398081345480794369e+01
6.794186422470843922e+01
7.081293558522799003e+01
7.249050651266691148e+01
6.747895305510661501e+01
8.465666732629111380e+01
7.316972906188348702e+01
6.567927446901722988e+01
6.756883068499735145e+01
7.705629981346363877e+01
6.901101368578353856e+01
6.306267584218608846e+01
7.186654990314130487e+01
7.008252955176277510e+01
6.997688526360956018e+01
6.086714612711606520e+01
7.082158501975285958e+01
6.521511696671423408e+01
7.086881871973977809e+01
6.821193511951410926e+01
7.392420941820448377e+01
8.003057122956343505e+01
7.070250124968245586e+01
7.587724345984612739e+01
8.069990251496858491e+01
7.348875055964035141e+01
7.166136190148876040e+01
8.448737092748164912e+01
9.756961427897395822e+01
1.109704067188195324e+02
7.534895173037372729e+01
7.202329492026868252e+01
7.554804217968201385e+01
1.001788184307114307e+02
5.904319162158040513e+01
6.292526971790018564e+01
6.207235835005159430e+01
6.207235835005159430e+01
6.184684500231320214e+01
6.635664418980977075e+01
9.193012769055727063e+01
6.907617137745049263e+01
6.937257912858775910e+01
1.001788184307114307e+02
1.149265675019243247e+02
4.466224586888792203e+01
4.277380813631839374e+01
4.203995664062467341e+01
3.180485392503729258e+01
3.180485392503729258e+01
4.466224586888792203e+01
6.021365753893299910e+01
7.022278311106630611e+01
7.554804217968201385e+01
7.340304806276961358e+01
7.125340053633934190e+01
6.763568010797561669e+01
6.731270478735166307e+01
6.767990472406964386e+01
7.313224126563662253e+01
7.555255131450218187e+01
6.354807625940640037e+01
4.466224586888792203e+01
7.706919087298135196e+01
1.019634861185628978e+02
1.113769948072024647e+02
7.654747596422070899e+01
8.992503109938982675e+01
1.346167462538707582e+02
6.904303468214926909e+01
4.466224586888792203e+01
6.752321497524823712e+01
7.138180481465754212e+01
6.908680003724657581e+01
6.365915860678907023e+01
7.122021620541511311e+01
7.369939515109027184e+01
4.335116235909650584e+01
5.895212163612288947e+01
1.242962602838852604e+02
7.540549518045239097e+01
3.138074267315918320e+01
7.154608534902291694e+01
4.429358064775921378e+01
4.021229278247275118e+01
4.004224296611815248e+01
8.137478678022816325e+01
5.118808999669714410e+01
5.531034256303303920e+01
1.273829106924599728e+02
4.986348813295023064e+01
3.299619148403078839e+01
7.369939515109027184e+01
3.496677393115368204e+01
4.412586901611000911e+01
6.942202206348517279e+01
2.936195287643125340e+01
4.990163746327687733e+01
5.525875159035820161e+01
4.186152879529664972e+01
3.972756395517342298e+01
3.559929684086750967e+01
2.353715536553566778e+01
4.374344442619339191e+01
5.498763999487716347e+01
3.035456711044633948e+01
3.028740044377966711e+01
5.554344020144216643e+01
9.296621297628318814e+01
4.421528500141236862e+01
5.046810549140720781e+01
4.737700140119034842e+01
3.133816373310634873e+01
5.928709458156650669e+01
6.468397816223695429e+01
5.793672467745393106e+01
6.391305120968205244e+01
4.590647170700366075e+01
6.160516016353965085e+01
5.209095606521050570e+01
6.849006219549383445e+01
4.041921864884525917e+01
6.710908596420055972e+01
4.206623980810000063e+01
4.854478430752874374e+01
4.634242427847262036e+01
4.962053035528619205e+01
6.426113402269278652e+01
6.122556188803644517e+01
6.330940220940644281e+01
5.919620797973441739e+01
6.710908596420055972e+01
6.794531320177011935e+01
5.531034256303303920e+01
6.805667091233932808e+01
4.396350970705748296e+01
4.829826638031255470e+01
6.201120825325939734e+01
7.005816732311009787e+01
5.235828699832519106e+01
4.590647170700366075e+01
4.073045952103021250e+01
7.708378185617041822e+01
6.770018439324363158e+01
7.195499237161831729e+01
7.120847078303414435e+01
6.973578825604215581e+01
7.140084058941776846e+01
7.141330362479187954e+01
6.618676403224688443e+01
7.343251846958392548e+01
6.715244801709221178e+01
6.414621796516139796e+01
7.182142976067335383e+01
7.554804217968201385e+01
6.805667091233932808e+01
8.674061546515326881e+01
1.008243510517078505e+02
7.061611900662441599e+01
8.144448286994730779e+01
7.347178277045519224e+01
6.973578825604215581e+01
1.083183239997490546e+02
6.966666377360139961e+01
5.734333495242528045e+01
7.029360357460161879e+01
6.793085915947970932e+01
6.777474872581819909e+01
6.884287519694728985e+01
7.057882950369028663e+01
6.983912995782878852e+01
7.181959030020910006e+01
6.708920487457142201e+01
4.943351760323435684e+01
6.542706044589297676e+01
6.316983155351230295e+01
7.042867104553809554e+01
6.813559720479705106e+01
7.200965400935734806e+01
4.472188068379040971e+01
6.791106869871198626e+01
7.014171042966738412e+01
5.551859040080744023e+01
6.576699355674253411e+01
5.926229937867612563e+01
6.946521360931288314e+01
6.707055440838226446e+01
7.000062367401697827e+01
7.131520210953529215e+01
6.755661968293512132e+01
7.269417996225335798e+01
7.134171042966738696e+01
7.029273304515267284e+01
6.701286616676546259e+01
6.085075695249493322e+01
7.158839144562493573e+01
7.150722091464834307e+01
6.631255904983507321e+01
6.667118197223622644e+01
4.390907562941696085e+01
4.737857443835886784e+01
5.952563009243685599e+01
6.049264554787875880e+01
7.032004668115705215e+01
6.040496946008531154e+01
4.116329539267310622e+01
5.309468101553348163e+01
6.221508748540048117e+01
6.326984356868445758e+01
6.342367001243683688e+01
6.935854406555654350e+01
6.704335319132196958e+01
7.031771489874141423e+01
7.011742003270840939e+01
6.835052685855563936e+01
6.677422692822969452e+01
6.984321889118747606e+01
6.984321889118747606e+01
7.202763016387808648e+01
6.940512177016134387e+01
6.749914362052062700e+01
6.773498654474563807e+01
6.805756905878860152e+01
6.818247107921604311e+01
7.219791931288663989e+01
6.945917028151249895e+01
7.059789024415717051e+01
7.557550821330113422e+01
7.023750481975980620e+01
7.130903967038270252e+01
7.487903493889743345e+01
7.487903493889743345e+01
7.518467143134513719e+01
7.933981255830424573e+01
1.083424829515117835e+02
5.101146396126991789e+01
4.520447872342973739e+01
6.467774416018012573e+01
7.182916859029805323e+01
6.739641212245780366e+01
7.404250209485201140e+01
6.674114785366330693e+01
6.398306701557170584e+01
6.629498957204364729e+01
7.056371973019651023e+01
5.761082104614381194e+01
6.952972527435842665e+01
6.893882310517030021e+01
7.111176286976933625e+01
6.935975965190343118e+01
6.445435954206556062e+01
6.815280422784748282e+01
8.409522286630563315e+01
7.756455034721487607e+01
6.780703192869711415e+01
6.556618745150616689e+01
6.343535642434075328e+01
7.021690028188508848e+01
7.004800637174993483e+01
6.523549782719454981e+01
7.153387144433870048e+01
7.348520427741199512e+01
6.432198629444741300e+01
7.004231828727425579e+01
6.667443008837810225e+01
7.012435252172124933e+01
7.020233065148816820e+01
7.123502939277392443e+01
6.464963683789602555e+01
7.671782282790212548e+01
7.933431650765915322e+01
8.057178044473664613e+01
8.307784557975223549e+01
5.965716507829667137e+01
6.266860321324540450e+01
6.748833584034944977e+01
6.869673450410695636e+01
3.453592581516736004e+01
7.233959122558590593e+01
6.683675895310830128e+01
7.341447478715227248e+01
7.083023571162944165e+01
7.756455034721487607e+01
6.801255728215589613e+01
4.214283621123880152e+01
1.216287041629597923e+02
6.353011905343667109e+01
4.305313048746083382e+01
4.106657298246312848e+01
3.306541092075107002e+01
7.053118064517620667e+01
6.811451915286916403e+01
6.943757882751448562e+01
6.973382489323023492e+01
7.644757047104968706e+01
