5.920513227779174770e+01
9.199745231556983072e+01
7.091953323766799144e+01
4.414894217449555924e+01
4.466785238351543796e+01
8.099499312473793111e+01
6.480014071552213295e+01
9.020169485315702218e+01
7.896688439513343383e+01
6.433532660090119748e+01
6.433532660090119748e+01
4.084582707895391707e+01
5.926492175147595276e+01
7.158444549160108750e+01
6.321982599264979541e+01
6.436565981614613463e+01
1.463003284645031101e+02
3.700611446209000377e+01
3.933715366090211774e+01
3.933715366090211774e+01
5.757522348441472104e+01
6.458023694429597583e+01
4.324453782176816219e+01
6.599467334681318675e+01
4.403571479166973290e+01
5.562675442863982767e+01
6.293048627422866304e+01
6.273943617102956694e+01
6.652640611587573005e+01
6.491700359309898261e+01
6.122044252061648706e+01
6.390091740240630003e+01
6.373255926016202721e+01
7.110125648298381407e+01
6.948219783205212252e+01
6.752438198212554710e+01
6.555949968465412780e+01
6.933770519899753992e+01
6.363440561842558196e+01
7.353341987954010506e+01
7.308490427166601933e+01
7.142651350421344603e+01
7.575652359615244791e+01
6.426298854869280319e+01
6.573883600618032119e+01
6.637105625343131976e+01
6.743896507539922425e+01
7.764962610817721611e+01
4.326446117382489831e+01
6.775300379461786804e+01
7.110125648298381407e+01
7.473372632025092344e+01
6.541321934687985618e+01
4.187218455135401740e+01
3.941449354388223014e+01
3.808848682983942524e+01
5.397674620276902147e+01
4.909360147116404960e+01
6.304643572817896313e+01
5.787786292005449695e+01
3.421203293705906390e+01
5.247039535193643189e+01
6.121557127658478947e+01
4.324453782176816219e+01
4.297128663693403894e+01
4.866961357382095343e+01
7.896688439513343383e+01
4.533709972071866900e+01
6.760549983496470361e+01
4.582374152642140075e+01
6.304643572817896313e+01
6.570565821489931579e+01
7.057158968738644944e+01
6.711950625560695016e+01
7.222323323790411109e+01
6.398992087707863163e+01
6.443456715744957819e+01
6.541321934687985618e+01
6.668209278638678938e+01
7.061185052702836629e+01
6.619576825268183029e+01
4.540110911587821363e+01
5.320302205251125827e+01
5.282621025932953529e+01
4.599619056721073207e+01
5.452933907805955016e+01
6.443920390188073100e+01
6.470373635705902871e+01
6.045783337647815614e+01
5.468619642621925436e+01
5.771102655633007572e+01
6.305791028687222166e+01
7.676165431091442315e+01
6.433532660090119748e+01
6.541321934687985618e+01
7.249163036187066211e+01
7.197048057387827669e+01
6.429852228344283560e+01
8.293615833529042902e+01
7.492213838942272730e+01
4.025354653805536032e+01
4.998547721070939787e+01
3.820828142867131305e+01
3.820828142867131305e+01
6.036838000158881101e+01
7.086519687248286914e+01
7.035232095224701254e+01
6.926927604775951863e+01
7.840610457348563500e+01
6.096127311097332324e+01
4.019077376083542674e+01
4.154558184430429435e+01
4.154558184430429435e+01
4.873270911379491110e+01
6.330986209044368707e+01
7.076874818406258782e+01
5.945262125062627945e+01
5.071498594082859057e+01
6.624257437204114751e+01
5.493389817032065281e+01
5.571542164917550366e+01
5.410438697056213186e+01
5.763714517781331637e+01
6.711950625560695016e+01
6.347934845883998634e+01
6.812933674222917091e+01
4.339423916951232485e+01
6.498767350851875335e+01
5.510926703549004202e+01
6.652020230022708347e+01
6.459672743248874838e+01
6.433532660090119748e+01
7.084949854385202173e+01
6.923285870358125749e+01
6.599467334681318675e+01
6.614302854241392993e+01
6.686056309621343985e+01
7.307122198695117277e+01
6.913721666005440625e+01
6.283861714245234964e+01
6.823751464915706322e+01
7.270708434132421871e+01
7.140792453759011948e+01
7.735404206187737941e+01
1.048948274834232706e+02
6.775300379461786804e+01
6.775300379461786804e+01
7.269130821231118489e+01
8.610658422384568667e+01
1.157657674413754023e+02
8.860036601666894285e+01
1.366521855345613687e+02
6.726476619037001115e+01
3.046755576559889533e+01
6.571715987302894746e+01
5.078921493631592199e+01
6.393349253352409534e+01
6.611068311358420146e+01
6.926124920977179045e+01
6.721544732692649404e+01
7.182125120283481579e+01
5.626710610850593497e+01
7.149633417685004133e+01
8.392027585328537498e+01
6.093403731666491296e+01
6.093403731666491296e+01
6.711950625560695016e+01
6.685248437773405783e+01
5.679657894808642027e+01
6.304643572817896313e+01
7.140145879964643427e+01
7.194359408304070769e+01
6.960584011186257669e+01
6.711851617018790250e+01
6.230869766662365095e+01
6.452937442679238700e+01
6.594839884192467139e+01
6.608604590074818930e+01
7.992403247999479277e+01
4.514485722219211539e+01
7.082026741211323895e+01
4.596805301164022239e+01
5.207340605091276586e+01
4.955325822034116356e+01
4.475392774890688941e+01
6.893158747094945227e+01
6.108719202055816311e+01
5.282877806922650166e+01
6.765366411311302386e+01
5.799032002771180316e+01
5.141435623583254255e+01
5.321916299063436639e+01
6.504415304032359302e+01
6.260841404408481026e+01
6.845883193308098669e+01
6.535886555223858352e+01
5.096278110014688423e+01
5.096278110014688423e+01
6.418711063199830846e+01
6.385642172215371914e+01
6.158004972038293090e+01
6.056672549363613456e+01
6.189775367549950857e+01
6.167562392803724691e+01
6.005875051977496071e+01
6.918314309874540413e+01
6.835959946377742824e+01
7.360736426941244304e+01
6.707592946605069528e+01
7.062218188153482856e+01
7.336188959735113713e+01
7.089978856867979573e+01
6.690171498608665956e+01
6.807781172068325759e+01
6.721619399466359823e+01
6.754677545988282361e+01
5.984917140437843130e+01
1.005360070552749505e+02
6.573883600618032119e+01
7.322250842721049935e+01
7.322250842721049935e+01
6.093403731666491296e+01
7.818503498468733426e+01
6.756309132307369225e+01
6.759882625322748595e+01
6.426298854869280319e+01
6.420225011901283096e+01
7.091849512330685457e+01
8.305663186613696780e+01
6.696727777672919046e+01
6.871175937535706169e+01
6.655794622394176940e+01
7.583704369216894747e+01
6.678543850592213005e+01
7.011994540879088333e+01
6.452937442679238700e+01
6.830614978049702302e+01
8.443740567418623755e+01
7.078238876241729827e+01
8.497940079434184213e+01
7.593427483037849868e+01
7.569427483037848958e+01
8.255048814118205769e+01
8.020201397390511033e+01
7.825106684299038307e+01
6.093403731666491296e+01
7.079768895737396406e+01
7.885871692073334316e+01
9.809569680060866403e+01
7.809763998852798750e+01
6.235850882987331545e+01
4.732798156325173977e+01
5.218542675800453878e+01
6.016642988657002888e+01
6.491508865431461572e+01
6.775300379461786804e+01
7.818503498468733426e+01
6.635973544113504374e+01
7.681833435686212397e+01
6.800861508001220557e+01
7.307593300709778816e+01
7.879125581542714940e+01
6.910094781017620846e+01
7.992881824374316579e+01
1.025428219049140353e+02
1.025428219049140353e+02
6.775925392184841201e+01
6.553385211864046767e+01
6.258845929506536265e+01
5.981461750438523239e+01
7.132203552553239945e+01
5.571316024108591591e+01
6.501073660190803594e+01
5.716491483385687644e+01
5.989438148584515176e+01
8.099469215767186370e+01
8.384805075093200344e+01
6.547935939604936095e+01
6.451499347502669934e+01
6.661028915483838375e+01
7.312177985610415476e+01
6.347934845883998634e+01
7.268042721720830457e+01
7.667925338304326033e+01
7.640573297893942595e+01
8.064273563127167677e+01
9.345128426122690257e+01
9.988140001244659061e+01
5.174213987938800585e+01
6.319571164535378216e+01
6.787150242739319594e+01
7.493385940881593399e+01
6.512963169431326094e+01
6.628566747568942219e+01
6.545442455791673808e+01
6.649069115115312911e+01
6.767409474654913026e+01
7.300683160247221792e+01
6.977993555697486272e+01
7.307593300709778816e+01
7.811737439936014482e+01
7.841068164008240160e+01
7.104009702493441125e+01
8.630835059093561767e+01
6.960023728103979579e+01
1.059858890910724654e+02
6.599467334681318675e+01
8.482680489725402140e+01
7.154080044119845638e+01
7.110125648298381407e+01
8.633037725064660606e+01
5.585152750334430749e+01
6.818180863128465319e+01
6.457965489150787164e+01
5.843188756619760227e+01
6.450101136110602340e+01
7.151280654275274173e+01
6.456663719946433844e+01
7.078907989925608035e+01
6.760549983496470361e+01
7.262069964789931475e+01
6.554391870337214243e+01
7.285873579722218096e+01
7.352534792409893782e+01
6.832579557482834787e+01
8.601599278158376194e+01
7.679534984691254351e+01
6.375780911368080695e+01
6.705451035278366589e+01
7.410685288186549258e+01
6.147945069559185072e+01
6.430745394179898256e+01
6.152741014566224464e+01
7.337973856469756129e+01
6.344429481860139219e+01
7.232762132222498508e+01
6.565770813759155544e+01
7.403413665981021552e+01
7.993626277958219362e+01
7.246594590348561837e+01
8.256513969852572643e+01
7.803473877262720748e+01
6.941394014310569105e+01
9.016228784238943206e+01
9.829841033790100369e+01
1.103322702152649697e+02
8.133793936219994691e+01
7.099698588942298727e+01
7.314837006401067754e+01
1.005360070552749505e+02
6.290342110495266326e+01
6.102736188427029163e+01
6.102736188427029163e+01
6.180100295212783834e+01
6.414688484205196062e+01
9.358397186465910522e+01
6.925209113160788377e+01
6.888456938850352174e+01
1.005360070552749505e+02
1.211967335051886181e+02
4.339423916951232485e+01
4.481349099386292778e+01
5.157167182623702217e+01
3.378815862727712727e+01
3.378815862727712727e+01
4.800436838546463036e+01
4.339423916951232485e+01
4.339423916951232485e+01
5.993622587322504813e+01
6.960023728103979579e+01
7.314837006401067754e+01
7.344261867409701949e+01
6.444266959678107298e+01
6.886340405901097483e+01
6.802538757903886335e+01
8.022926023989020905e+01
6.202759315853626276e+01
7.369489854255847661e+01
7.862622866110604036e+01
1.002828548051609232e+02
1.113669311659792527e+02
8.633037725064660606e+01
9.639719488711595829e+01
1.253006378182234215e+02
6.852703222963292262e+01
4.339423916951232485e+01
7.247307863077125489e+01
7.089978856867979573e+01
6.706777351164492984e+01
6.393349253352409534e+01
6.389937768978687416e+01
7.110125648298381407e+01
4.897243569494875004e+01
7.909145615446604438e+01
4.471001207627745089e+01
5.787647929536045410e+01
7.988887696494469992e+01
1.221330116865044033e+02
7.741719891190682290e+01
3.451922869691446039e+01
7.352034795416103918e+01
4.827122719485539903e+01
4.193343649752434033e+01
3.875072596363542488e+01
8.920816736241823719e+01
5.122366854998723795e+01
5.084020006339738984e+01
1.423206407656142005e+02
6.147050181502320498e+01
5.434975000051457528e+01
3.527047423075013910e+01
7.909145615446604438e+01
3.634271900560098345e+01
4.475566074503802128e+01
7.219840692926644010e+01
3.105893681028383213e+01
5.098458819772980632e+01
4.772573259783531086e+01
3.808848682983942524e+01
3.421203293705906390e+01
4.669288165192853057e+01
5.234072042136547509e+01
3.036804575130398121e+01
3.023471241797062703e+01
1.019652818385148834e+02
7.506016158621675061e+01
5.666294563708535037e+01
4.250110883741015755e+01
6.506868028532647941e+01
4.726375723079001290e+01
3.459098319616929729e+01
5.600540074199301444e+01
6.327934674294282047e+01
5.936166660328080269e+01
6.428713116343953970e+01
4.101047542100249643e+01
5.722918533070170355e+01
4.874056620521055549e+01
6.599467334681318675e+01
4.324453782176816219e+01
4.414894217449555924e+01
6.711950625560695016e+01
4.326446117382489831e+01
4.850031656109527489e+01
4.839157378696831557e+01
4.870372854086316750e+01
5.994243824639818286e+01
6.185139793957917931e+01
6.319065367250691168e+01
6.219201303774773493e+01
5.706089917691987523e+01
6.422355725170238827e+01
6.573408296708340970e+01
6.573408296708340970e+01
5.084020006339738984e+01
6.614302854241392993e+01
4.302662056738277840e+01
5.115053609302681537e+01
7.167163348724788818e+01
5.419323807981943020e+01
6.094508605454053196e+01
4.338924049601527599e+01
7.206115058542515328e+01
6.643815350584226564e+01
6.893773802397393524e+01
7.752694652247507179e+01
6.775300379461786804e+01
7.097563752889379884e+01
6.357854765736022529e+01
6.761565765389651972e+01
6.377090121041877069e+01
6.364754441176609134e+01
7.178599068549735307e+01
7.314837006401067754e+01
6.614302854241392993e+01
7.922890383337019671e+01
1.101911384813875827e+02
6.848466171720077966e+01
8.255048814118205769e+01
6.506868028532647941e+01
7.698997049646200708e+01
6.775300379461786804e+01
1.119219326303204696e+02
5.530213545595218250e+01
6.723621114279612243e+01
6.716445855231100381e+01
7.007048522192390294e+01
6.902960322703864904e+01
7.152197172969258077e+01
6.969965859259893648e+01
6.845817429871864590e+01
6.594789203532880606e+01
4.671061199720125501e+01
6.516241978883637387e+01
6.158595895128728159e+01
6.461815254162479505e+01
7.452820584900997858e+01
4.929874219627293286e+01
6.923145540778440932e+01
6.721142014080119509e+01
6.913333811971777720e+01
5.922836663075251096e+01
6.453523044794350483e+01
5.611096678527277248e+01
6.651731292193053946e+01
6.568779614422960833e+01
6.539642080968916105e+01
7.274396751610333922e+01
6.568585977043436230e+01
6.793420347534556925e+01
6.980187146964510703e+01
7.116567601941694932e+01
6.984533811971778050e+01
7.037199847220404081e+01
6.720114425985667594e+01
7.240685141782061862e+01
5.884937920874765638e+01
6.948824051254908341e+01
6.914972082363041750e+01
6.976298078342480835e+01
6.501582848847152718e+01
7.090230834452512454e+01
4.625535664047382056e+01
5.074502191889281733e+01
6.411653082480196986e+01
5.360585758007238155e+01
7.226710319740652722e+01
6.174171748452156550e+01
5.059577092430656364e+01
6.497815126540942288e+01
6.286531400857649032e+01
6.297894845391282104e+01
6.456108109496332759e+01
6.566276359218103664e+01
6.852570548722735566e+01
6.891681106904886178e+01
6.835052746136135227e+01
6.784191376544208651e+01
7.047917223900533656e+01
7.047917223900533656e+01
6.933845080428366714e+01
6.787565132352651176e+01
6.751026924095957327e+01
6.918722530848044983e+01
6.905531306055370067e+01
6.666244419733439486e+01
6.642183841163659963e+01
7.104658048485758570e+01
7.530895985650229818e+01
7.530479318983563530e+01
8.097155238941479638e+01
7.557217419919162182e+01
1.030674033897610116e+02
4.715787590780000471e+01
5.443969857809693735e+01
6.741812440952330121e+01
6.790004756938300545e+01
7.524037583763343662e+01
6.506071203784928514e+01
6.215535249002937235e+01
6.281872815131745824e+01
6.866629301250003437e+01
6.107480216881102564e+01
6.462966484912548992e+01
7.672212553557099568e+01
5.626532193502495005e+01
6.102904615986561510e+01
7.074883589597699540e+01
6.904263519194518040e+01
6.467015143251938980e+01
7.002495468805682322e+01
7.140061165744572236e+01
6.912544779486361790e+01
8.383247451446138143e+01
7.940579404782826600e+01
6.741486989448098655e+01
6.315294894800776149e+01
6.488620825953600502e+01
7.188490338650288436e+01
6.877669056778373147e+01
6.595109693707757970e+01
7.129363183321422071e+01
7.044826065322659758e+01
6.718632660755170605e+01
7.413231816266447538e+01
6.529318834262616633e+01
6.959839505519281033e+01
7.005932099489787390e+01
7.197360477654295607e+01
7.941813221744239115e+01
7.707096878531933726e+01
7.605732724443464576e+01
7.855973794539360711e+01
8.295107404990959310e+01
6.518944547089755304e+01
7.088654963375475404e+01
7.218021694424186308e+01
4.452289367361095174e+01
4.946793168593315926e+01
7.220563651244569314e+01
6.982969587682801205e+01
7.940579404782826600e+01
6.699971852497583313e+01
5.054680907866320894e+01
7.591122394306097476e+01
1.218718765471673322e+02
6.415934337991684799e+01
5.787315441979946939e+01
4.683834326313491658e+01
7.315066895699187910e+01
4.450010453015335088e+01
4.458998562497134799e+01
6.357641360319824742e+01
5.846421791321797201e+01
6.902854883486502047e+01
6.894654135223808566e+01
7.226346604987666922e+01
6.651049381194336263e+01
7.687839640004821717e+01
