6.397350414314638556e+01
8.496526925931900109e+01
7.024679449741994119e+01
4.118958016115159637e+01
3.979229138254809328e+01
7.772656410346834832e+01
5.963213234119633910e+01
8.594748966725839523e+01
6.423088169286869231e+01
6.440368426217227693e+01
4.036801390534089506e+01
6.397350414314638556e+01
6.133866771834432541e+01
6.384548463339525171e+01
6.693563777828511263e+01
7.461113853006999364e+01
1.460391799707302312e+02
3.262568247235196139e+01
3.842885829276208653e+01
3.842885829276208653e+01
6.010486385557216948e+01
6.714406010199920161e+01
3.834795899079519899e+01
6.547599386696721524e+01
4.464765936781251554e+01
5.299733220620154839e+01
5.365521039395453329e+01
6.048966018581008797e+01
6.516836220361132348e+01
6.146912205911778670e+01
6.604163278357469835e+01
5.715195469796666572e+01
6.867680271046747009e+01
6.862594672656145178e+01
6.685718851753051695e+01
6.421740297765430228e+01
6.790199140539830580e+01
6.064850906684623055e+01
7.375108874423764860e+01
7.070269101765855169e+01
7.102036703899011627e+01
6.500830679551009439e+01
7.282780489674121327e+01
6.604251384471551489e+01
6.803485599389577487e+01
7.482681295910283836e+01
6.707435283885239130e+01
6.867680271046747009e+01
6.678680600259100686e+01
4.087382339673081333e+01
3.783771355910913314e+01
5.850521077323607244e+01
5.203899648523785970e+01
6.105310482190868271e+01
5.557885973356185616e+01
3.010352267666742421e+01
4.263413126341188786e+01
6.222818587324270823e+01
6.334950749766646538e+01
3.834795899079519899e+01
3.834795899079519899e+01
4.597213561501193624e+01
5.590549494285170340e+01
4.370219416976937055e+01
6.563929466240571742e+01
5.240092193888641958e+01
6.105310482190868271e+01
6.976095012235475679e+01
6.708964746810397628e+01
7.220883914312233287e+01
6.541787462125255104e+01
6.787586651145939243e+01
6.515066893977822815e+01
6.678680600259100686e+01
6.641026939920146788e+01
6.450559366294748997e+01
6.232661529217465102e+01
4.812956164353629163e+01
4.195683673550723825e+01
5.448539638749025471e+01
5.490126530283916395e+01
5.281148815815294739e+01
6.088592219183711762e+01
6.639373300580834325e+01
6.535003894622823850e+01
6.569658404483536174e+01
5.732391758492531153e+01
5.708876523556671145e+01
6.460775711154445844e+01
7.265412719464131897e+01
7.083372712435867413e+01
7.189505705642430655e+01
6.706396190116053901e+01
6.813040921500589775e+01
8.195121836645556357e+01
7.450412246314584763e+01
3.998113494219570896e+01
4.965325762541692001e+01
4.034586974759127997e+01
4.034586974759127997e+01
5.349716766976245452e+01
6.768553582304450345e+01
7.050623647939443117e+01
7.670405197125278107e+01
6.767184448304374200e+01
4.550868151695474495e+01
3.703117319951296338e+01
3.703117319951296338e+01
4.572829486600562632e+01
5.913391675135900982e+01
7.154966485161435230e+01
5.736656400785143006e+01
5.398477350360363403e+01
7.089400337632000060e+01
6.416902957461392987e+01
5.696077124243779366e+01
6.133413493050810672e+01
5.267404006663254989e+01
6.353975824438253284e+01
6.541787462125255104e+01
6.367349911772526383e+01
6.590358222106166863e+01
4.001752152748793634e+01
6.229870808174883479e+01
6.326052672871268356e+01
5.767131633300358828e+01
6.797452297714274039e+01
6.524353531645597570e+01
6.440368426217227693e+01
7.033743484580418226e+01
6.634577035195863459e+01
6.623846168250582878e+01
6.860220024482664769e+01
6.924448249823417711e+01
7.161095413143912936e+01
7.259261121780913584e+01
6.307605463656014422e+01
7.397873388649581727e+01
6.872123519685762005e+01
6.287791420416121468e+01
7.992520150003571189e+01
6.750615015384637729e+01
7.401824568853696462e+01
6.690155026954880668e+01
6.690155026954880668e+01
7.220907169021185723e+01
8.165588676887126951e+01
1.113031408513109000e+02
8.275677008582043470e+01
1.397080611117962121e+02
5.791604409636347839e+01
2.516671015882332085e+01
4.233018880603526668e+01
5.779089457420073472e+01
6.696681700476239030e+01
6.699868417420192657e+01
6.741072501841220799e+01
5.610814284298940890e+01
6.746224645343826865e+01
8.283430706685271616e+01
6.204451379176943959e+01
6.204451379176943959e+01
6.541787462125255104e+01
6.409676459989098873e+01
5.358294046074820471e+01
5.318530213416251229e+01
6.105310482190868271e+01
7.035355737625503991e+01
7.075381031238872254e+01
6.593161683784359184e+01
6.690155026954880668e+01
6.517392883829231209e+01
6.036080306257488104e+01
6.703703438928903324e+01
6.677530442606609995e+01
6.724930909025628978e+01
6.926833334433524669e+01
7.229256643697068796e+01
4.457265260923703920e+01
7.289361151202368205e+01
4.745564622276299360e+01
4.628142815347987948e+01
4.700912842046798801e+01
4.536559063927010982e+01
6.095461474790930367e+01
6.179031261872209768e+01
6.405024818296895717e+01
6.000679657273559542e+01
4.138337106322470049e+01
5.857880262321218368e+01
7.543399960788757141e+01
6.712297031070197306e+01
6.161303303614533888e+01
4.630114042803946006e+01
4.630114042803946006e+01
6.638368154616323125e+01
6.706030549508518845e+01
6.297333946608321043e+01
5.569548919938638676e+01
6.056046702079768806e+01
6.276828343040557456e+01
6.719470570355200323e+01
6.718492564432499137e+01
7.237856118208942746e+01
6.896895624311893869e+01
6.968501051846888572e+01
6.681238034431925144e+01
6.787249997892587317e+01
6.534116477291490810e+01
6.496800939244343454e+01
6.582179903863107029e+01
7.929206096986763441e+01
7.282780489674121327e+01
7.229256643697068796e+01
7.247482421584503243e+01
7.247482421584503243e+01
6.204451379176943959e+01
7.276824219008025807e+01
6.875871269304040823e+01
6.712753543242637022e+01
6.751960778624525972e+01
6.500830679551009439e+01
6.512689541399829807e+01
6.850106697224363472e+01
8.575853916109369379e+01
6.829914323034232382e+01
6.297333946608321043e+01
6.465153783468966253e+01
7.466668647174260798e+01
6.998669245264763106e+01
6.726067371691506480e+01
6.036080306257488104e+01
6.995547732069879032e+01
6.696413934059781070e+01
8.756834494635482713e+01
7.379251395570636873e+01
7.120596166021989859e+01
8.207345157234804844e+01
6.742211165955987440e+01
7.278812496868782489e+01
7.858976036462613024e+01
7.797303622669508627e+01
8.243906883339938929e+01
7.790136029234035675e+01
6.204451379176943959e+01
7.090694199017934807e+01
7.293184416883886456e+01
5.995877266064309907e+01
4.137232055557312549e+01
4.137232055557312549e+01
5.724699746744041562e+01
6.322108054621625683e+01
6.386960577554800977e+01
6.568428217818950543e+01
6.707435283885239130e+01
6.875871269304040823e+01
6.746904287225179075e+01
5.298141093863756623e+01
6.356648615324975538e+01
8.430979545946227915e+01
6.861870427821048679e+01
7.903958389114916372e+01
1.039219069027537898e+02
1.039219069027537898e+02
6.500077096376027441e+01
3.563603971096323875e+01
6.607455817371563001e+01
6.154474980511205473e+01
6.358011035029374369e+01
7.245620289702304717e+01
7.250510392276343907e+01
5.804244882564092478e+01
6.138042087426024551e+01
6.245347163772080989e+01
6.379205291474202255e+01
8.106408811270674164e+01
7.582404993367190116e+01
5.916402762433547480e+01
6.489388942373626890e+01
7.122907851295721571e+01
6.367349911772526383e+01
7.068790384075468580e+01
7.653327381096599424e+01
7.662923812132356716e+01
7.089400337632000060e+01
1.010800410277010997e+02
9.811711968072441437e+01
5.433326176042401556e+01
7.272379294699064189e+01
6.469657640910246243e+01
6.872554910854550769e+01
6.901345508493042757e+01
6.834458637777315460e+01
6.668203572596546280e+01
6.572740015167987337e+01
6.699205028652410476e+01
7.074106103798060019e+01
6.587603085909564982e+01
7.332709900444800155e+01
7.094393924854946931e+01
7.297394996405985523e+01
6.948572458828893161e+01
9.061173822507625175e+01
6.734519871557743897e+01
1.056085686742827932e+02
6.547599386696721524e+01
8.244149091701871157e+01
6.951703662517078897e+01
6.867680271046747009e+01
7.914255075194307665e+01
5.066904784733541334e+01
6.800498043028160566e+01
6.401494442761836012e+01
6.857854319665825926e+01
5.801872678419186968e+01
6.549894056840888368e+01
7.106652558985692281e+01
6.309675057740514603e+01
7.199130164647792185e+01
6.563929466240571742e+01
6.745586381849280144e+01
7.190546847609752490e+01
6.616318862504678577e+01
7.140608166982670468e+01
7.073645699655318708e+01
7.031268353867010035e+01
7.833871169646411659e+01
6.591625135607462482e+01
6.623276848077512113e+01
7.765913407735196472e+01
6.569741390812038162e+01
5.845664218822884806e+01
7.486784114738817664e+01
6.549507647728745496e+01
6.712297031070197306e+01
6.367269607428581679e+01
7.149598798399428290e+01
6.503397264186064319e+01
6.924002486067408313e+01
6.068200255787503750e+01
7.346985002450342961e+01
7.983083676423353836e+01
7.085419453819051228e+01
7.868637542726774825e+01
8.737398915719118975e+01
7.960311144499732450e+01
7.195158230645043318e+01
8.138515778227758801e+01
9.080346158546822721e+01
1.050722304988905478e+02
7.405184251649588134e+01
7.400514357109328500e+01
7.277558484750440471e+01
7.929206096986763441e+01
5.851627955240533652e+01
5.769809200489715550e+01
6.223547964375277530e+01
6.223547964375277530e+01
5.947576419176932916e+01
7.575415620796286476e+01
6.594703047698540388e+01
6.943242455009433911e+01
1.274755950101291830e+02
4.001752152748793634e+01
3.890350271942628524e+01
4.712437499765859172e+01
3.172668139010087884e+01
3.172668139010087884e+01
5.372476766258392900e+01
4.001752152748793634e+01
4.001752152748793634e+01
6.734519871557743897e+01
7.277558484750440471e+01
7.205066959770178414e+01
6.334177570665413981e+01
6.233588410047597961e+01
6.601129322405076039e+01
6.594128143311634460e+01
6.924301097102633662e+01
7.286444431280739309e+01
6.100005186628368392e+01
4.001752152748793634e+01
7.263666581203725059e+01
7.803509020562195531e+01
1.037987070618178791e+02
1.096575174475119780e+02
7.914255075194307665e+01
9.003042748485221125e+01
1.251445457720586774e+02
6.634577035195863459e+01
4.001752152748793634e+01
6.469413304474096549e+01
6.929962373627040506e+01
5.779089457420073472e+01
5.930671932066259444e+01
6.867680271046747009e+01
4.748555889966441157e+01
7.744956500576168423e+01
6.313121185905394839e+01
8.107166294331588574e+01
1.255247428695922451e+02
7.690072432199707464e+01
3.994142554753580754e+01
3.864453420094966418e+01
4.216440465098669677e+01
8.806818186232075618e+01
4.365068653867017900e+01
4.834275980918079085e+01
1.346761575131640996e+02
6.503402535360039849e+01
5.163004719984373736e+01
7.744956500576168423e+01
3.535331735428721345e+01
4.327700743479319812e+01
7.135683032311915497e+01
2.717176673036149026e+01
5.528756296595810227e+01
4.608611245673027668e+01
3.783771355910913314e+01
3.010352267666742421e+01
2.516671015882332085e+01
4.459318005510138505e+01
5.304473028999696993e+01
3.190025928149389500e+01
3.042557235140269256e+01
5.198840148089209379e+01
7.684961808449962462e+01
5.843820676644322987e+01
4.238495359623059500e+01
6.580995511396349684e+01
4.757901915171373730e+01
3.079675246771844144e+01
5.720207980432408590e+01
6.142735637055556452e+01
6.386960577554800977e+01
6.097852492407306357e+01
4.762423162393517373e+01
6.547599386696721524e+01
4.118958016115159637e+01
6.541787462125255104e+01
3.701767319951296997e+01
4.578790614138255677e+01
5.697673084705445490e+01
6.046038724283310728e+01
6.156882370676662219e+01
6.405525908991207018e+01
6.399229782503333297e+01
5.452286317017354378e+01
6.541787462125255104e+01
6.606885633275936698e+01
6.724930909025628978e+01
6.724930909025628978e+01
4.834275980918079085e+01
6.860220024482664769e+01
4.430880131262651389e+01
5.844840195036061914e+01
5.792282406072267520e+01
7.099188518793309299e+01
5.918990477496161162e+01
4.887378486740257699e+01
6.286215132355249580e+01
3.917321007304627756e+01
7.930106884329863703e+01
6.516933374573130777e+01
6.821961100277174239e+01
6.690155026954880668e+01
7.788211895496958448e+01
7.186863084770862997e+01
6.493891395245853460e+01
6.679745975169237227e+01
6.086917568639189113e+01
6.608760765111097157e+01
7.123043087057763501e+01
7.277558484750440471e+01
7.691125655105776104e+01
1.001355950101291370e+02
1.044431433692192002e+02
6.943996363378387571e+01
8.243906883339938929e+01
6.580995511396349684e+01
7.562299713159252690e+01
1.112964255470524932e+02
6.898670999087346445e+01
5.105093162786291572e+01
6.765382118267363865e+01
6.738810824535649147e+01
6.809301628208122281e+01
7.187983463972400955e+01
6.840639787872454747e+01
6.799667938757031038e+01
6.541989377123510963e+01
4.764492861255475020e+01
6.463342853682719635e+01
5.618684039062691937e+01
6.360880426856066805e+01
6.462118659980927760e+01
7.095129944869685801e+01
6.837929396664695503e+01
7.010421988752887046e+01
4.978036471707272881e+01
6.009730390494668484e+01
6.094268154794176695e+01
6.434721874640753470e+01
6.487365602832122136e+01
6.576988328612111445e+01
6.957369752392753526e+01
6.574695918347205748e+01
6.913277502009229636e+01
7.144197030572657070e+01
7.122421988752887501e+01
7.125028675357241070e+01
6.503389951369497624e+01
6.953550238190520361e+01
5.705922772542288612e+01
7.025416006397206559e+01
7.108955398770326894e+01
6.593660421277225225e+01
6.891724138313465176e+01
4.636916876507083884e+01
4.446374820277765849e+01
5.836424050475744707e+01
6.922964507570772241e+01
5.679779775302205991e+01
4.285821991860653668e+01
5.170043860391935198e+01
5.945815956675612313e+01
6.202791355328911038e+01
6.641509592097304449e+01
6.676191042981027124e+01
7.007833031581931493e+01
6.977187588865400869e+01
6.977187588865400869e+01
7.443378987419893633e+01
6.791893379522377927e+01
6.628394125493231570e+01
6.737965795701765614e+01
7.053970414003129008e+01
6.679393358284831095e+01
7.028952718737417626e+01
6.532536611102727875e+01
7.489168192906146260e+01
7.147638097045971506e+01
7.375127666223767164e+01
7.647439913768646136e+01
7.620773247101979564e+01
7.515504735501721711e+01
5.021652594794787206e+01
4.689280133369657477e+01
5.833000511680281619e+01
6.785696199413494867e+01
6.709552091221841863e+01
7.194313163169185543e+01
6.468500471898610726e+01
6.440003399974135334e+01
6.290531296097667990e+01
6.562090728742384727e+01
5.986961991311538611e+01
6.443660650190831518e+01
6.943323242688418873e+01
5.589875093642690729e+01
6.198922181689159316e+01
7.027726313577062456e+01
6.758680202543605731e+01
6.601399941570976182e+01
6.930370908340209724e+01
6.916399664762900557e+01
6.820023003792589122e+01
6.597170576311285117e+01
7.001543067236124784e+01
7.868737296303633855e+01
8.418177321241874722e+01
6.646575466778992336e+01
6.523746433233900177e+01
5.623112981186886827e+01
7.231719046002824314e+01
6.933659877742739752e+01
6.553773833458507170e+01
7.134210210580968692e+01
7.036505702394070738e+01
6.463051080079699773e+01
7.314736496050851144e+01
6.580220345845363283e+01
6.966436616395246517e+01
6.876981000402480504e+01
7.104030434632112190e+01
7.166200398366304114e+01
7.905461064164403240e+01
8.306723111774243762e+01
8.001350084950897212e+01
8.662566167997572109e+01
5.440146268394767048e+01
7.114909773057033249e+01
7.066640643196669203e+01
3.628449023015552655e+01
5.076010571660513904e+01
7.419073596728347297e+01
6.576566341212247835e+01
6.873612952141910171e+01
7.436056722056390811e+01
8.418177321241874722e+01
6.923511096550701893e+01
7.478098615168408969e+01
1.211445672863556524e+02
6.000717197483682241e+01
4.259405341317203408e+01
6.620061874758775389e+01
3.863257067792662980e+01
4.295187581985427983e+01
6.245108312758090818e+01
6.006241592566187393e+01
6.948888050870856148e+01
7.110189413644008027e+01
6.653041237747102343e+01
6.682191393804531288e+01
7.631755994388960573e+01
