6.750372133593165813e+01
8.916349078693048114e+01
4.644803652245414582e+01
4.887228017086593468e+01
8.460615098778474419e+01
6.678546610981844367e+01
9.111423946768350390e+01
6.764242232027288537e+01
6.724540493678746600e+01
4.412208185640630376e+01
7.343451298060818999e+01
6.030798630489690026e+01
6.009188409971347511e+01
7.129871172840179838e+01
7.110458280432007427e+01
1.268958168017050383e+02
3.572402346425140962e+01
4.821177032260651885e+01
6.566896472200649271e+01
6.442809691861577903e+01
4.257716588221938991e+01
6.694009461876308364e+01
4.938553254111867830e+01
4.896905290048732695e+01
5.359312797808979667e+01
6.260232759744730657e+01
6.413231233895093908e+01
6.523743806883553020e+01
6.392745922337529407e+01
6.384139234601963153e+01
6.614629339907428118e+01
6.539569130670940922e+01
6.950665436248208096e+01
6.834333393919621358e+01
6.460290753148393605e+01
6.825911514702573868e+01
6.610929488016245159e+01
7.305754013478652098e+01
7.056696667563079473e+01
7.061965976883514884e+01
7.561666767468084061e+01
6.705041844815076502e+01
6.765700668357618497e+01
6.810216944984220788e+01
6.945191746056922000e+01
7.771996239359305036e+01
4.462960739005092847e+01
6.874516385371101990e+01
7.917430549558530117e+01
4.188592641068643019e+01
4.622683785808438017e+01
5.488782710001231635e+01
5.653239542820605834e+01
5.781082258944065444e+01
3.495741474974641960e+01
5.057642891904741589e+01
6.181415553698935383e+01
6.468553212030866462e+01
4.257716588221938991e+01
4.245593388485291797e+01
4.765628153131765998e+01
6.764242232027288537e+01
4.813263624714451794e+01
6.561044296008979870e+01
5.493931509037017946e+01
6.658425386564451287e+01
6.543841954572819475e+01
6.991893525859003944e+01
7.210158406297037459e+01
6.490887040861363744e+01
6.268935166343175069e+01
6.925742459420146702e+01
6.474776666691555249e+01
6.636527103495556901e+01
6.910665966471795230e+01
6.559353913704572392e+01
4.682530336039734919e+01
4.722036453990011751e+01
5.452034561919163025e+01
5.216412256579535267e+01
5.140429912359351761e+01
5.950448276848302953e+01
6.672487795359543838e+01
6.481457305000240865e+01
6.267701295221509383e+01
6.279911854277870731e+01
7.648729509425061224e+01
6.724540493678746600e+01
6.943930771108458089e+01
7.128407101119206857e+01
7.308123134078600458e+01
6.870681390967058633e+01
7.845105245270185890e+01
7.330679117632584507e+01
4.374439409683551361e+01
4.793714087591089168e+01
6.098123969425244439e+01
3.680944853240569614e+01
3.680944853240569614e+01
5.661117282794806727e+01
6.813360139870624721e+01
6.546037205277234250e+01
7.042968486963029306e+01
7.058838416513270886e+01
7.336227975204019458e+01
4.051000301856961983e+01
4.368521701018357106e+01
4.368521701018357106e+01
4.708649345256057472e+01
6.520169490435628745e+01
7.046104895737366292e+01
5.077516010935533330e+01
5.389616186088576910e+01
7.206125457070142204e+01
6.818791886873867725e+01
5.700407311195240112e+01
6.209616842314385821e+01
5.946786622728997429e+01
6.489999286108637477e+01
6.423705554774308268e+01
6.661395721510881174e+01
4.652305421583233169e+01
6.353545283052806525e+01
6.495963619744830453e+01
6.793165914367175162e+01
6.831711491235945743e+01
6.771925472033724702e+01
6.382100622077504681e+01
6.521127670656693454e+01
6.637012255675747951e+01
6.694009461876308364e+01
6.674328010936073952e+01
6.790009706095240460e+01
6.290082544078603632e+01
7.097633861650567155e+01
6.672011825665160245e+01
6.779941827019412415e+01
8.182363613434205263e+01
6.888703922335068341e+01
7.396629491249711918e+01
9.900406417076388266e+01
6.856328073682790603e+01
6.856328073682790603e+01
7.042708878821676421e+01
8.726395439692917932e+01
1.117619782054492816e+02
7.605997067356837249e+01
1.477509124656386348e+02
6.149833630921482097e+01
6.714585867677715214e+01
2.541771276795412149e+01
6.935367711375398869e+01
4.392276982242710659e+01
6.253799237707880110e+01
6.847147121217268761e+01
6.792847158347996128e+01
6.706445139829683910e+01
7.014424679836294274e+01
6.986149640784526582e+01
8.284539730567068716e+01
5.895373684338303377e+01
5.895373684338303377e+01
6.489999286108637477e+01
5.578887656309265708e+01
5.397744575561679881e+01
6.658425386564451287e+01
7.382013095307981132e+01
7.433474592070089670e+01
6.452763966060750533e+01
6.359264258185390872e+01
6.856328073682790603e+01
6.741591714126479928e+01
6.269551049098116380e+01
6.673665517571944861e+01
6.991385775008249936e+01
7.327793883349744419e+01
7.000930614126632179e+01
5.280279032083072366e+01
5.736365475881594023e+01
6.123743114867586712e+01
5.444103339527654128e+01
6.926809338771255398e+01
6.082477597157686233e+01
4.491171415902378783e+01
6.175680667336936835e+01
6.454100559472554721e+01
6.882697476581438423e+01
6.576579154813657624e+01
4.556390177425338095e+01
4.556390177425338095e+01
6.549922133647231703e+01
6.095527102485223736e+01
6.250875734424047891e+01
6.459028699132453255e+01
6.134398680556096650e+01
6.279617237123522955e+01
6.841583840709949982e+01
6.779547087327141242e+01
7.607597026060740575e+01
7.397764783666828237e+01
6.885054053842100075e+01
6.771358359259865267e+01
7.149217458816251280e+01
6.914635241724697323e+01
6.808656245748507274e+01
6.204144895041407892e+01
6.589932118571864805e+01
6.969536376134506384e+01
5.779193816908968984e+01
9.526712505889470606e+01
6.765700668357618497e+01
7.327793883349744419e+01
7.363124918805897323e+01
5.895373684338303377e+01
7.311160371460846363e+01
7.460458698502884545e+01
6.733645239470941135e+01
6.729739921259981372e+01
6.705041844815076502e+01
6.635621661962916562e+01
7.178755872003425509e+01
7.759259943262210868e+01
6.843255499352214599e+01
6.617485415111327995e+01
6.250875734424047891e+01
7.297650673200141114e+01
7.933613589211989847e+01
6.885323955390133221e+01
6.908679195570663012e+01
6.269551049098116380e+01
6.787642928375144891e+01
6.674968785816918171e+01
8.471857854984931180e+01
7.881723284548414199e+01
8.238912525652395402e+01
6.705415402759221877e+01
7.032376943001102632e+01
8.208604871036271788e+01
8.202204871036272493e+01
8.138643970991140009e+01
8.123009316858014017e+01
5.895373684338303377e+01
6.922849909082850672e+01
7.620539624472453966e+01
1.055964309186989851e+02
6.986849558596307475e+01
6.436498669821759222e+01
3.718736956136823579e+01
3.718736956136823579e+01
5.485561607222371094e+01
6.387281824533581442e+01
6.349709598942128252e+01
6.742674371896961816e+01
6.874516385371101990e+01
7.460458698502884545e+01
7.082414607445510057e+01
7.086205129061858088e+01
6.866276057099685204e+01
6.554165521704996422e+01
7.741908733490936356e+01
8.051893166810714320e+01
6.888776830366600734e+01
8.063937894146026508e+01
8.730187551524016953e+01
8.730187551524016953e+01
6.580396288281582429e+01
3.842693444448494233e+01
6.275854044019821742e+01
6.108398103886965202e+01
6.389847996327298318e+01
6.728722730829693432e+01
6.188986619102985287e+01
6.623646691627577354e+01
6.604799934865536670e+01
5.974072284578692660e+01
8.017138155968484625e+01
7.687577093127038097e+01
6.496024787859533944e+01
6.710420096450047822e+01
6.810138530584009686e+01
7.062579754960671607e+01
6.423705554774308268e+01
6.903431481505360523e+01
7.667204452240208923e+01
7.654589395422027565e+01
7.206125457070142204e+01
9.650673637740754884e+01
9.606881498885246629e+01
6.517629304834754578e+01
7.018760108753900795e+01
6.331346643642451255e+01
7.280361631798922417e+01
7.123506493512283555e+01
6.610423916024984692e+01
6.827207425855694112e+01
6.595786285847354691e+01
6.579218725262492740e+01
7.378494226068292505e+01
6.998944816090346421e+01
7.204099618552754691e+01
8.271158573854629026e+01
7.183893362503440017e+01
6.905787626764185916e+01
6.899736441590249569e+01
9.286114373066804717e+01
6.694009461876308364e+01
8.760807633346607304e+01
6.872258594312611990e+01
6.950665436248208096e+01
8.159080442969499813e+01
6.136328348738015137e+01
6.841524301625304361e+01
6.072743722713178016e+01
6.493228662969242748e+01
5.819703384315255335e+01
6.764177504489767045e+01
6.561044296008979870e+01
6.961154760432084743e+01
7.169935642943235621e+01
6.472278589749039668e+01
7.395581844099976365e+01
6.589356355250119179e+01
7.330032242432577050e+01
7.440959624404726469e+01
6.688980865599900483e+01
6.524052116830036141e+01
7.714449612248344579e+01
6.714585867677715214e+01
5.738943739195963190e+01
7.229545810630510516e+01
6.449213054743033524e+01
6.882697476581438423e+01
6.414999875411373864e+01
7.127183387249057489e+01
6.685751868095741202e+01
7.134855949640632389e+01
6.692196277779257230e+01
8.023535740965924390e+01
6.928859968207258646e+01
8.280745717188642629e+01
7.285531850026252698e+01
7.065425590007428980e+01
8.790877786250480597e+01
9.404507271883393571e+01
1.085540648145834410e+02
7.720743388094044235e+01
7.119502678249691030e+01
7.404894226068293506e+01
9.526712505889470606e+01
5.382068394324487315e+01
6.235610926019568012e+01
6.183685675054188380e+01
6.183685675054188380e+01
6.249920495462783521e+01
6.533799617538518589e+01
8.719529124564914468e+01
6.941642765734627574e+01
6.949953607938741129e+01
9.526712505889470606e+01
4.652305421583233169e+01
4.144585111237772423e+01
4.070516676889492658e+01
3.240472194893186497e+01
3.240472194893186497e+01
4.679633239896357111e+01
4.652305421583233169e+01
4.652305421583233169e+01
5.930437665059908170e+01
6.899736441590249569e+01
7.404894226068293506e+01
7.626629951552581588e+01
6.501803112036222387e+01
6.604638858610503860e+01
6.380224984097206686e+01
6.576641837141963265e+01
7.321608618322409257e+01
7.294917239298891332e+01
6.263570162260196383e+01
4.652305421583233169e+01
7.468467001540022920e+01
8.738506616661175030e+01
1.027624728302084236e+02
8.159080442969499813e+01
9.091628980887622902e+01
1.388169041590049346e+02
6.521127670656693454e+01
4.652305421583233169e+01
6.805258688029165626e+01
6.914635241724697323e+01
6.753359199133498691e+01
6.253799237707880110e+01
6.520169490435628745e+01
6.950665436248208096e+01
5.081032565770132692e+01
7.663815745607597307e+01
5.016286742966825329e+01
6.060780251016544184e+01
8.624197802426434123e+01
1.310675876233175359e+02
7.989178926893012544e+01
3.156238113668111822e+01
7.109509535330907681e+01
4.810638672168005314e+01
5.036191955333850956e+01
3.687313834526209178e+01
8.076683457370421593e+01
1.347996875166915913e+02
6.159867214190880702e+01
5.070328511495640811e+01
3.689007708306922240e+01
7.663815745607597307e+01
3.960954409145175958e+01
4.427960609359058708e+01
7.422039219578397251e+01
3.137458744371473784e+01
4.948294037870338968e+01
5.954610779124326569e+01
4.421673205929347006e+01
4.429293905858233416e+01
3.495741474974641960e+01
2.541771276795412149e+01
4.749783867567427365e+01
5.610539722239034433e+01
3.403058889855310554e+01
5.308359893184146472e+01
1.010637660943952199e+02
8.475640444093724568e+01
5.339885091367894887e+01
4.595819674123219301e+01
6.202038101131650905e+01
3.281211624984638320e+01
5.118152476611795976e+01
5.565958937602842838e+01
6.349709598942128252e+01
4.525068184284452855e+01
6.116601082741422601e+01
4.257716588221938991e+01
4.644803652245414582e+01
6.489999286108637477e+01
4.462960739005092847e+01
4.856824185114210479e+01
5.188047827979326598e+01
5.221106338140766212e+01
6.317850528873982086e+01
6.045832421178693750e+01
6.201340621528827057e+01
5.506882943079821047e+01
6.489999286108637477e+01
7.041984751111225194e+01
6.673665517571944861e+01
6.673665517571944861e+01
5.410041151246289104e+01
6.674328010936073952e+01
4.683321849822677052e+01
5.283743590434332305e+01
6.335805891785841482e+01
6.838006901500834545e+01
5.580497823983708372e+01
4.525068184284452855e+01
6.451651078889538837e+01
4.448673820532829382e+01
7.389022789756297982e+01
7.285976096820198222e+01
6.997435013094462875e+01
6.856328073682790603e+01
7.183893362503440017e+01
7.308359849185163171e+01
6.532243985662769603e+01
6.796273908840342415e+01
6.239121719556813161e+01
6.593831155379079689e+01
7.558114583291421695e+01
7.404894226068293506e+01
6.674328010936073952e+01
8.211359819920316738e+01
8.439983707978038296e+01
1.039717871031479319e+02
7.038010439864213197e+01
7.895430745986747922e+01
6.202038101131650905e+01
7.993710935453468380e+01
6.856328073682790603e+01
1.056059363391763242e+02
6.880145135532012546e+01
5.492419832008713598e+01
6.684417566640593122e+01
6.867631738566277022e+01
6.979161993794217267e+01
6.700342429093294072e+01
6.872124138424165096e+01
6.873767461220555219e+01
6.418805370063992655e+01
4.869640254595341844e+01
6.429939374544925101e+01
6.679937200164634703e+01
7.167838982284726512e+01
4.709641128166512658e+01
6.781648604704372474e+01
6.495401132441024572e+01
6.967442927458195356e+01
5.935658125978594057e+01
6.445262301062065546e+01
6.149200576264019702e+01
6.532811688311635123e+01
6.734896085947154631e+01
6.672436716616412866e+01
6.885504807186028131e+01
7.190617382770389554e+01
7.003039464254732138e+01
7.156521729015558719e+01
6.823249657773490640e+01
6.631868920752621932e+01
7.187982103935244993e+01
7.062919774724066713e+01
6.930326109414609448e+01
6.897839547554242756e+01
7.300160811652166615e+01
4.813081792091136890e+01
5.975175826285622094e+01
5.187395150129267307e+01
7.169349151616474103e+01
5.986525289645367565e+01
5.040672109093468123e+01
5.136817716495120578e+01
5.994375401806829018e+01
6.178816895516025198e+01
6.104268380409114059e+01
6.563972966200884684e+01
6.854138518891929266e+01
7.028525196627394678e+01
6.896537149541435952e+01
6.851978361264028194e+01
6.627179025841542170e+01
7.041884250161007230e+01
7.107895313742122312e+01
7.209055845251518235e+01
6.808011959498313104e+01
6.821192261858102768e+01
6.876672270740432680e+01
6.736643853145069727e+01
6.920152161614841191e+01
6.886837792527023794e+01
6.676528775652431591e+01
7.491334678805505121e+01
7.067320980775703276e+01
7.607102852785756397e+01
7.618162779926011297e+01
7.692433969482438272e+01
7.761958643290569171e+01
1.101963934582620794e+02
4.819188030005140888e+01
4.694034954868627096e+01
5.989955039489572641e+01
6.710184037484138742e+01
6.915233061365880474e+01
7.486253985730020588e+01
6.325957970670351216e+01
6.368755268195899077e+01
6.389887094575302484e+01
6.258741101983519428e+01
6.647190165479298685e+01
7.125162681391948638e+01
5.736673917291115288e+01
6.204520913735915855e+01
7.026229781453008627e+01
6.881142125275566457e+01
6.612310370550876826e+01
7.036633769870037725e+01
7.212616412936260701e+01
6.796786806542819193e+01
6.372932345575602398e+01
8.486149197835450764e+01
7.486603431564469702e+01
6.771564352175026613e+01
6.488952147149640837e+01
6.542511959704864921e+01
6.635017066738215874e+01
6.470609476228548829e+01
7.089063550594532614e+01
6.538729460242377911e+01
6.904655449739142625e+01
6.384307556191933486e+01
7.053908606787634028e+01
7.031866239452708101e+01
6.991143463581822459e+01
7.741047645406607103e+01
7.790120696812412859e+01
8.243455534120710126e+01
5.740900441189322123e+01
6.609733249855007386e+01
7.241745742052205514e+01
6.973496621759477421e+01
3.674992401364164607e+01
5.028575797480689857e+01
7.351872236201064936e+01
6.752845084867158221e+01
7.141189688352928044e+01
7.099440826562634754e+01
7.486603431564469702e+01
6.799271869643838784e+01
5.711808172569281083e+01
7.310163514973469034e+01
1.173952970342976414e+02
6.368380335772808110e+01
5.959182027222835387e+01
4.619737579222855572e+01
7.855030411688416336e+01
4.257410980236996068e+01
6.085087409959171367e+01
5.758876198803206137e+01
6.923532096676383674e+01
6.943774467256478999e+01
6.849520454812041237e+01
6.755726496817513294e+01
7.683856571802078861e+01
