6.192324477458097221e+01
8.689571241410355640e+01
7.227378003640816928e+01
4.177657142942111079e+01
6.523754730896615683e+01
9.486404943281516466e+01
7.393548976508414228e+01
6.464158313212418250e+01
6.467241646545751621e+01
3.996767743657812133e+01
6.300324477458097050e+01
5.595528737218569404e+01
6.875544613412370154e+01
6.737064818183472426e+01
3.280528934675455588e+01
4.208870531862135778e+01
5.934012949243772539e+01
6.700630531193550610e+01
3.903443466617592605e+01
6.712252659885081130e+01
4.230558137627626536e+01
4.841915830681555377e+01
4.955089388521014371e+01
6.067356706367390728e+01
6.489999582168242398e+01
6.213988941089801443e+01
6.212817620948408148e+01
6.714891737468805388e+01
5.972244241974025414e+01
6.923945324031181769e+01
6.783939797912357506e+01
6.735132678967733000e+01
6.603486047355148969e+01
6.802227201407639257e+01
7.093311188647386700e+01
6.993382018212609808e+01
6.873573490027754929e+01
6.407620896959676315e+01
6.894329819284523353e+01
6.484793518713507865e+01
6.846984988347590217e+01
7.025305567013371899e+01
4.108178229466987830e+01
6.824153247300573355e+01
6.923945324031181769e+01
8.068844304156206704e+01
6.563363150837031412e+01
3.107422024930974658e+01
4.377714651596784989e+01
3.639578192113371813e+01
5.531981449568120013e+01
5.191092413180790288e+01
6.091585778652576977e+01
5.323346226986490137e+01
3.681278788505013466e+01
4.971644384954867490e+01
6.067356706367390728e+01
6.379505037757106578e+01
3.925365388539515266e+01
4.652391037398984253e+01
7.393548976508414228e+01
4.080860608320032412e+01
6.818603826851911265e+01
5.205475196125797055e+01
6.091585778652576977e+01
6.765293864443825100e+01
6.672890516038052056e+01
6.652876811353441155e+01
6.818603826851911265e+01
6.164808275641805579e+01
6.255560853671100574e+01
6.563363150837031412e+01
6.462150274100712011e+01
6.739203774093338950e+01
6.931382211228969936e+01
4.154169233639891701e+01
4.232282325136506529e+01
5.295293775498597455e+01
5.419156003113953801e+01
4.408827115509687644e+01
5.083273494841157003e+01
6.596890473668729271e+01
6.066212329970512940e+01
5.856384619891906596e+01
5.946764545220858622e+01
6.484358338393019494e+01
6.987258809562329986e+01
6.464158313212418250e+01
6.563363150837031412e+01
7.313739017880949689e+01
7.070528843098985305e+01
6.182483305384593564e+01
6.855127638874883189e+01
7.358491291329775663e+01
6.809270888521466247e+01
5.224136886775339406e+01
5.929498589404654751e+01
2.962404218050681948e+01
2.962404218050681948e+01
5.601237033732969905e+01
6.856658811017622668e+01
6.591538359862153129e+01
6.824488004651261974e+01
7.593591280210776517e+01
5.994862041215596093e+01
3.995360480569668482e+01
3.867295891515085771e+01
3.867295891515085771e+01
4.751656569898681681e+01
6.244714203478090297e+01
7.341215411579850070e+01
5.744169299997136591e+01
5.444623673065819247e+01
7.048629135804010559e+01
6.497302321103420297e+01
5.803144988169952967e+01
5.800024429890271449e+01
5.958928288868196432e+01
6.818603826851911265e+01
6.710764646803146150e+01
6.401684601585236578e+01
6.518061445135799659e+01
5.682676981799217941e+01
6.766849773002681445e+01
6.660164132079169974e+01
6.467241646545751621e+01
6.580486292012669480e+01
6.855614353167700870e+01
6.884967463215548378e+01
6.712252659885081130e+01
6.912015983668457864e+01
6.890507851935183226e+01
7.397294758375714707e+01
6.987851702375844809e+01
6.309786891091282257e+01
7.207131536793166049e+01
6.991885085568812030e+01
6.528285973332603476e+01
6.770960661841220940e+01
7.888492969621908912e+01
7.147967807848868915e+01
7.625468506053483964e+01
9.552991458740245889e+01
6.824153247300573355e+01
6.824153247300573355e+01
7.260415411579850797e+01
1.067474971470388425e+02
8.190131414227235496e+01
1.358200527089663296e+02
6.348536594680339817e+01
6.712252659885081130e+01
2.385713130253641623e+01
6.580431332655213339e+01
4.431750513034508288e+01
6.410856232479733308e+01
6.638556133494782330e+01
6.749289971602064497e+01
7.103142162399197446e+01
5.796471109903299634e+01
6.921753963619961780e+01
8.232094032825581564e+01
5.472519608749129816e+01
5.472519608749129816e+01
6.818603826851911265e+01
6.843939794058596249e+01
5.302676619380066114e+01
5.428505190808638048e+01
6.091585778652576977e+01
7.030936698115695549e+01
7.068611753735609682e+01
6.525286391595726343e+01
6.824153247300573355e+01
6.659660552221866681e+01
5.482099638547622078e+01
6.485714916896779414e+01
6.545714916896778846e+01
6.647549795132454165e+01
7.273363666877787637e+01
7.189402945327820760e+01
4.897158186028331528e+01
7.045271565114704515e+01
5.072927543893023028e+01
4.685210169290471072e+01
4.626900073055038831e+01
4.274651642892322201e+01
6.190544853385910073e+01
5.975855012419070533e+01
5.295411141786022569e+01
6.497706246131940588e+01
5.584354881395535131e+01
4.116032847037212150e+01
5.714645431048412405e+01
6.137026941684197823e+01
6.445877925676185782e+01
6.824153247300573355e+01
6.302549585013729683e+01
4.457793509471768800e+01
4.457793509471768800e+01
6.472001459946783086e+01
6.103070634066379085e+01
6.252872908874074653e+01
5.255545526819386737e+01
6.262605677542779148e+01
6.414472624107305876e+01
6.684676976573659601e+01
6.855752822451481165e+01
7.067980963505817726e+01
6.888415780882320405e+01
6.867662868727212810e+01
7.118806438872022113e+01
6.740359600732499246e+01
6.905107300048304353e+01
6.663232786751926540e+01
6.585192859479167282e+01
6.679606087045817731e+01
5.843410849236217786e+01
1.006326375183490143e+02
6.894329819284523353e+01
7.189402945327820760e+01
6.989659868957043898e+01
6.989659868957043898e+01
5.472519608749129816e+01
7.337173104616398689e+01
6.672403845245862897e+01
6.748192593696659003e+01
6.358199317263040484e+01
8.099834389421643266e+01
6.771070146632582976e+01
6.673687447916026372e+01
6.252872908874074653e+01
6.901719159966177131e+01
7.287163848736949490e+01
6.779880912591157482e+01
6.971985533833679938e+01
5.482099638547622078e+01
7.192473410805314415e+01
6.643444802624581769e+01
7.244862447847053488e+01
7.071665300669943122e+01
8.343157437516902064e+01
6.670743072443377741e+01
7.210257955529405649e+01
7.549008568364328653e+01
8.426907308666835661e+01
7.707042023700776667e+01
8.288647449589659288e+01
5.472519608749129816e+01
7.268849382273431559e+01
9.891913508852447023e+01
7.117037603574316051e+01
6.257706412286226794e+01
3.953364938043195309e+01
3.953364938043195309e+01
4.902863131514626360e+01
5.912454723213959085e+01
6.234509549532229045e+01
6.534617429254298315e+01
6.824153247300573355e+01
7.164842865893585611e+01
6.904034255946986320e+01
7.266049766324002235e+01
5.227474553956542991e+01
6.688148590820574668e+01
7.255003122014026928e+01
7.404981541965740632e+01
6.791260495230696392e+01
8.027161501625548112e+01
9.203785912907076749e+01
9.203785912907076749e+01
6.361572579582994535e+01
3.755519875763572202e+01
6.638089812214936103e+01
6.317803705147189675e+01
6.078125669128706932e+01
6.981432277556447730e+01
7.117079264119662696e+01
5.634335970173836472e+01
6.171344739211068742e+01
6.018325275298700916e+01
5.979949913415098450e+01
7.901443960605691075e+01
7.663816969044195559e+01
6.137567472827186066e+01
6.714259591698407803e+01
6.618641035043255272e+01
6.414484688499224774e+01
7.547901285675544614e+01
7.571901285675544102e+01
7.048629135804010559e+01
9.239796940676291115e+01
6.016730868987070124e+01
7.288449766324002610e+01
6.229668172691592787e+01
6.967874018115068679e+01
6.970017158171009442e+01
6.546752036027162092e+01
6.496409288739170051e+01
6.697508618866500285e+01
6.885683481181767718e+01
6.660715009644569307e+01
7.463178197270590886e+01
6.886991539375215154e+01
7.255003122014026928e+01
6.870607482624565421e+01
7.450654802944791300e+01
7.425341310728305189e+01
7.100803679098801524e+01
6.883874896417196965e+01
8.422585912907076988e+01
6.837486580633905930e+01
1.077929596208008434e+02
6.712252659885081130e+01
7.033079206378835124e+01
6.923945324031181769e+01
8.142718358058233719e+01
5.224285644119697025e+01
6.772447208821378695e+01
6.072828720314699069e+01
6.505200326694362900e+01
5.811374949438199167e+01
6.517549247436116389e+01
7.308178003640816200e+01
6.437742580189156172e+01
6.809964649783591994e+01
6.818603826851911265e+01
6.798248513791199343e+01
6.923410949323185548e+01
6.618624267410662299e+01
6.848174720939724125e+01
6.623861993042928020e+01
7.998611475396441506e+01
7.177482798160832544e+01
6.746697693237848625e+01
6.712252659885081130e+01
7.463630873752822481e+01
6.525185793331093009e+01
6.824153247300573355e+01
6.296151710726423545e+01
7.081848871325094308e+01
6.943371990615898426e+01
6.506229419074529119e+01
7.367116797230036696e+01
8.522960674817610993e+01
6.689984089184791571e+01
7.962598107170433082e+01
7.984692306423953312e+01
7.706902640868779031e+01
9.221135626234280380e+01
1.039025218330270661e+02
1.093782316583089056e+02
7.567831503009875860e+01
6.884819109475104426e+01
7.699468052343056002e+01
1.006326375183490143e+02
5.838937720135010778e+01
6.373845706163943703e+01
6.159713477677894389e+01
6.159713477677894389e+01
6.317326566169543867e+01
8.583088210709360055e+01
6.766952129144131334e+01
1.006326375183490143e+02
1.263153830514375784e+02
4.044552882754587131e+01
3.675881872543209283e+01
3.184085501711521005e+01
3.184085501711521005e+01
4.642915850761884400e+01
4.461416227619244523e+01
6.149861333078260373e+01
6.837486580633905930e+01
7.295667203834969428e+01
6.512129501400725928e+01
6.490398889383408232e+01
6.553110846286011792e+01
6.513322037888521265e+01
7.072123523945248280e+01
7.341973104616398871e+01
6.120991143245377231e+01
4.461416227619244523e+01
8.742745805018782335e+01
1.014850397943596079e+02
1.082777854535046913e+02
8.142718358058233719e+01
8.999304870764265729e+01
1.309598994920378630e+02
6.855614353167700870e+01
4.461416227619244523e+01
6.558039952298925357e+01
6.905107300048304353e+01
6.887873420499455790e+01
6.244714203478090297e+01
4.588171846603398052e+01
7.766552918640762471e+01
4.635837596093463731e+01
5.681096837336858130e+01
8.489715484798635714e+01
7.169015045363201466e+01
3.845926573124113901e+01
3.993536376544867750e+01
3.928533806705910081e+01
8.886255493696143049e+01
4.518850327210434159e+01
5.264865273379281518e+01
1.303952443683442652e+02
6.312275819083566830e+01
5.090150400255367913e+01
3.208871761420152069e+01
7.766552918640762471e+01
3.385540385308761557e+01
4.319634097852581078e+01
7.050007653172468736e+01
3.342806749517873754e+01
5.186851491073775833e+01
5.471371056938044575e+01
4.303269786921872253e+01
3.639578192113371813e+01
3.681278788505013466e+01
2.385713130253641623e+01
4.273490109415378413e+01
4.908900554057692744e+01
2.813983385214942956e+01
2.836778142634699407e+01
4.764151845881481506e+01
9.432707538953735593e+01
6.620304264361223545e+01
5.364144674342662711e+01
4.071270014497108747e+01
7.171073666082466502e+01
4.494503229939207500e+01
2.900746884831629302e+01
6.237273110420483846e+01
5.590389226750656348e+01
6.234509549532229045e+01
4.842992896167362460e+01
5.806327542519642293e+01
4.979616463158961182e+01
6.712252659885081130e+01
3.903443466617592605e+01
4.177657142942111079e+01
4.108178229466987830e+01
4.635289359447990165e+01
4.683869022619833800e+01
4.800408183948076157e+01
6.173687153234434533e+01
6.511813707339381097e+01
6.234129281068666728e+01
6.175949306450952747e+01
5.435361433400336750e+01
6.818603826851911265e+01
6.872410676523657003e+01
6.647549795132454165e+01
6.647549795132454165e+01
5.264865273379281518e+01
6.912015983668457864e+01
5.401642354663592727e+01
6.043996295054456169e+01
6.977641401668435606e+01
5.573003053665742357e+01
4.842992896167362460e+01
6.034682706467326341e+01
6.713265787692012054e+01
7.074976156945049865e+01
7.506246609086210242e+01
6.824153247300573355e+01
7.425341310728305189e+01
6.827920490066566117e+01
6.591289674425807732e+01
6.696481967873138785e+01
6.717697121384802017e+01
7.121754647747852118e+01
7.699468052343056002e+01
6.912015983668457864e+01
8.300528195637895124e+01
1.117433830514375472e+02
9.530215417822290647e+01
6.976368503963591650e+01
8.426907308666835661e+01
7.171073666082466502e+01
7.502948450962021809e+01
6.824153247300573355e+01
1.059677854535046890e+02
7.041458796339105675e+01
5.685366489536164636e+01
6.686352871015508015e+01
6.844269720832528492e+01
7.022852685915196957e+01
6.794352068694438174e+01
7.096247228150859598e+01
6.684318904795951255e+01
6.587275122213794987e+01
4.496566246322220195e+01
6.561048677884564029e+01
6.248672545575915649e+01
6.523670827791819704e+01
6.725672460641696659e+01
7.056867640955169918e+01
4.047428426767390874e+01
6.713252059720554143e+01
6.712560706871822447e+01
6.872501958992283733e+01
5.307560345595139495e+01
6.418045008062024692e+01
6.041607149969101442e+01
6.756527138691905066e+01
6.687893696224973894e+01
6.839212274180803774e+01
7.177512174823549174e+01
6.706457699835810615e+01
6.628251013206042330e+01
6.911559121339062983e+01
7.201031534588729244e+01
6.938501958992283392e+01
6.654743103052672382e+01
6.729898585941724320e+01
6.846567442306417206e+01
5.811364035552173846e+01
6.903151658623342257e+01
6.972522923465905365e+01
6.372688646144252544e+01
7.012119032596443446e+01
4.376002643259461422e+01
5.012769522473233508e+01
6.272218438556522102e+01
5.530520703250187609e+01
6.975758766609271788e+01
6.152673492159183155e+01
4.428065570370145565e+01
4.829080668190821513e+01
6.159323638674596424e+01
6.327654853048246508e+01
6.719413247393453048e+01
6.890072041078398968e+01
7.019141241160872369e+01
6.799242843086275911e+01
6.859597193185069841e+01
6.727365439200400488e+01
7.104904577776514429e+01
7.104904577776514429e+01
7.076052237673869172e+01
6.853326953331536231e+01
6.731829368342741304e+01
6.779003093601374985e+01
6.799606597112661177e+01
7.099737681582726623e+01
6.847805554329440270e+01
6.516534455034245354e+01
7.418121778613783590e+01
6.915182942906585595e+01
7.114267475988393130e+01
6.890609093465522506e+01
7.710491871332959590e+01
7.763726757221688501e+01
1.026154207428591576e+02
4.653080668190821712e+01
4.289237515030208669e+01
6.384038763560664620e+01
6.521165691102795847e+01
6.683378076514445354e+01
7.654052709143518030e+01
6.586850118396985465e+01
6.376568870846701742e+01
6.329420936324030578e+01
6.848496722988053875e+01
5.833476836113621289e+01
6.426266068466183867e+01
5.575881315313834818e+01
6.230964600505443229e+01
7.079570863563706951e+01
6.931034709587888187e+01
6.553943833031493682e+01
6.786384006511973155e+01
6.945852674309031727e+01
6.977547302812875785e+01
6.595792907290399398e+01
6.878828522756538177e+01
7.811955980133312494e+01
6.713384645529698957e+01
6.481758264970703465e+01
6.108449901370389767e+01
7.168810558968928603e+01
6.772186244071849615e+01
6.528148252853159761e+01
7.101677716682468144e+01
6.565996912196311541e+01
7.303192640928239143e+01
6.648802701435394624e+01
6.964112561991869654e+01
7.209984515404036642e+01
7.172642939911862925e+01
7.184385340326856806e+01
7.668900592202278688e+01
7.505794473854075477e+01
7.966526481387535341e+01
8.146802340374043183e+01
5.866097638281732429e+01
6.138259500920791112e+01
6.959458714435652382e+01
3.831569636173014715e+01
5.025440076253507726e+01
7.102129536672723020e+01
6.454969523368873752e+01
6.943785612587879541e+01
7.048052237673869058e+01
7.811955980133312494e+01
6.810219201192626315e+01
4.803706157311299307e+01
7.606940720720825766e+01
6.512951763588091580e+01
5.365402165547467916e+01
4.078921176806784388e+01
6.009277570246456435e+01
3.954049296253347023e+01
3.671781590417513996e+01
6.305031457156677988e+01
5.757800407644939611e+01
6.891514129975315939e+01
7.034933832140825416e+01
6.765959052232558690e+01
6.722641395706151002e+01
7.469244565846940986e+01
