6.473067218198782768e+01
8.875666698080443950e+01
7.254851856772856422e+01
4.425361043185912990e+01
4.547455203341572627e+01
8.045917953980753623e+01
6.607658034966620164e+01
8.753541223598269028e+01
6.889309356406641882e+01
6.437909129931861685e+01
6.463037558327511078e+01
4.472094257448507904e+01
6.473067218198782768e+01
6.080910920393515084e+01
7.053665337872521945e+01
6.590950780619060367e+01
1.510216182614718718e+02
3.573439738209238214e+01
3.717913532723787284e+01
3.717913532723787284e+01
6.199258046572722947e+01
6.538103888660265284e+01
6.432934700928490201e+01
4.861155355801449929e+01
4.833922595950036794e+01
6.465213987206668378e+01
6.468766004191806474e+01
6.433537898714394032e+01
6.462544652363693842e+01
6.058412022307750533e+01
6.386617402062508120e+01
6.189301948417367782e+01
6.806629635184532390e+01
6.572841271405469854e+01
6.797677180664447860e+01
6.563798218994631384e+01
7.305862636431277224e+01
7.043545560902455804e+01
6.749745222978971526e+01
7.299963744979014280e+01
6.553706004493675152e+01
6.884619550780332986e+01
6.598146939447759962e+01
6.620571090824422811e+01
7.893870915079665451e+01
4.307436479187889944e+01
6.607798775291968241e+01
6.806629635184532390e+01
8.305137378373257206e+01
5.980122342599763385e+01
4.077446255783662821e+01
4.822341171110273450e+01
3.791253630312380096e+01
5.925588264587106835e+01
5.416562043777858548e+01
5.338122286429424435e+01
3.617812748576778858e+01
4.452125798659902500e+01
6.451918625589681255e+01
6.058211327601914320e+01
4.313909466408583171e+01
4.313909466408583171e+01
4.803351594026503335e+01
6.462485803913037330e+01
5.170307852229306889e+01
6.713421610064912670e+01
6.679285622807692846e+01
7.025431954073756913e+01
6.339434441760566585e+01
6.852277665699335785e+01
6.486189042498099866e+01
6.231282351900277661e+01
5.980122342599763385e+01
6.569616041437288345e+01
7.202908508545097277e+01
6.507010353231643762e+01
4.723560673649294728e+01
4.386298842914067109e+01
6.072176245065966782e+01
4.604136473133469565e+01
6.707084243434061932e+01
6.415439865274562692e+01
6.262329886430445924e+01
5.957522050805392411e+01
6.316855579706329138e+01
6.437909129931861685e+01
6.047625770995413319e+01
7.215201472572753971e+01
7.310972832188552673e+01
6.375590834742121871e+01
6.710199015602015038e+01
7.743374310457537035e+01
3.755446780548744101e+01
4.624559227492892433e+01
5.697108445981176317e+01
3.545752162108997396e+01
3.545752162108997396e+01
5.657812062822854671e+01
7.064380595522987960e+01
6.621700311445111709e+01
6.746220270772357708e+01
7.394634192161107933e+01
6.057125702347909169e+01
3.948491998049959761e+01
4.281836479187889921e+01
4.281836479187889921e+01
4.695375637506349165e+01
6.535022878918674394e+01
5.516724347459086175e+01
6.994146123878726939e+01
5.078042020417883862e+01
5.858943773134688371e+01
5.684387205974775270e+01
6.094595398495312111e+01
6.339434441760566585e+01
6.338519588194725429e+01
6.439035835801587382e+01
4.287819100857051069e+01
6.303616849686094525e+01
6.338461301387192748e+01
6.103726112293460204e+01
6.440576295087981862e+01
6.463037558327511078e+01
6.845150970317635597e+01
6.350815569211547285e+01
6.494585240305951856e+01
6.432934700928490201e+01
6.592741618774151391e+01
6.808106494990521185e+01
7.031461574820559690e+01
7.092884534651528838e+01
6.343896290834690888e+01
7.475678820549774173e+01
6.642567008652872573e+01
6.491793090783623654e+01
6.983612792713013562e+01
8.514620509554282535e+01
6.694803010439240154e+01
7.601798793276473987e+01
9.956288809959369246e+01
6.596417647840988252e+01
6.596417647840988252e+01
8.598542906814557796e+01
1.139798288360097303e+02
1.472389405728114298e+02
6.198762301638994643e+01
6.633429116351769039e+01
2.649476842053368841e+01
6.101355013705016717e+01
4.420714592537601106e+01
6.727475184917051365e+01
6.632062964940361383e+01
6.650736793215209275e+01
6.729338135391452624e+01
5.808232363571505630e+01
7.005025169573880817e+01
7.906768909070962081e+01
5.882641101676527740e+01
5.882641101676527740e+01
6.339434441760566585e+01
7.664514743565761989e+01
5.600003192783785977e+01
5.535718592393922677e+01
7.407230372659880402e+01
7.096388863147370785e+01
6.497631554829192169e+01
6.586283874466428756e+01
6.596417647840988252e+01
6.727477141275822703e+01
6.250875140077885561e+01
6.473179344441244609e+01
6.456604060708583859e+01
6.472521905865093572e+01
6.956513420871579001e+01
4.265298930133246813e+01
7.174505799535928929e+01
4.939661535511095281e+01
4.491796141162484446e+01
4.960885045789218850e+01
5.018020085760342397e+01
6.454239859234853327e+01
5.010970274182820106e+01
5.468581969245982322e+01
6.007920641021178199e+01
4.605086638762686846e+01
5.478340808119299510e+01
5.812585356590152230e+01
7.290055961969459020e+01
6.709910729765068993e+01
6.609837427066611326e+01
4.589170156407895007e+01
4.589170156407895007e+01
6.470034264552987224e+01
6.590970475580036236e+01
6.336370341718134114e+01
5.796048710037629803e+01
6.488896378776955487e+01
5.884078553743839279e+01
6.712010418229499464e+01
6.699232803665697134e+01
7.412577466202591836e+01
7.213075771350530374e+01
6.757454618309537864e+01
6.862446960038249699e+01
7.563772006738093978e+01
6.753051932070566465e+01
6.132139840225495675e+01
6.814448638356950028e+01
6.492919026165374419e+01
6.578195506485387511e+01
5.718712847610610339e+01
1.037720143389270504e+02
6.884619550780332986e+01
6.989304561166203200e+01
7.067826239876239924e+01
8.210357368038989989e+01
7.725019500611406897e+01
6.768498302947989487e+01
6.546803235797767684e+01
6.553706004493675152e+01
6.404479285981030046e+01
7.139339164226737466e+01
8.142009800185427082e+01
6.566625757648844797e+01
6.448900466495048533e+01
6.336370341718134114e+01
6.960926100928038807e+01
7.388972126360428661e+01
6.654295246294576316e+01
6.250875140077885561e+01
6.852039147642769024e+01
6.506038204578743489e+01
8.975504082775877635e+01
7.759015654704543863e+01
7.332846107803847246e+01
8.335703459961293049e+01
6.497650334260744387e+01
7.170970097157673706e+01
8.407045097129672229e+01
8.407045097129672229e+01
8.404619953103451735e+01
7.983307227430610453e+01
5.882641101676527740e+01
7.484333985062247052e+01
7.699127373066639279e+01
1.035796435990879161e+02
7.522926939636695920e+01
3.983804780302585868e+01
3.983804780302585868e+01
4.924825767355135753e+01
6.557160228486404208e+01
6.416350571663166136e+01
6.607798775291968241e+01
7.725019500611406897e+01
6.821137100146793841e+01
5.797580072357786207e+01
6.134265402641993603e+01
7.204999755863263999e+01
8.178788505316029500e+01
6.578424430792428268e+01
7.845238922334074516e+01
6.380455473034586333e+01
3.806144481225400966e+01
6.390215363441290464e+01
6.254651547568467151e+01
6.303355149386236178e+01
7.051633776300319312e+01
6.665944474928424768e+01
5.777726008562295590e+01
6.777858993994678372e+01
6.069901824021079051e+01
5.738317668161398188e+01
8.684449061114648316e+01
7.436898506923699870e+01
6.030805112496772580e+01
6.872787217812678762e+01
6.661038975436262888e+01
6.931814521357318881e+01
6.338519588194725429e+01
7.397112369790396258e+01
7.800333826965247397e+01
7.837297611515398899e+01
6.994146123878726939e+01
9.433415766434595184e+01
9.715100522024415852e+01
5.056476883209446527e+01
6.904518227597775137e+01
6.060327951079148789e+01
6.801645244263693257e+01
6.935801544249240180e+01
6.637924926200744835e+01
6.441693858064303413e+01
6.272149905813859050e+01
6.532314239923445598e+01
7.222045928166683382e+01
7.094035084674672476e+01
7.204999755863263999e+01
7.038497052403369025e+01
7.864903696364368102e+01
6.821910963656350191e+01
7.194974218036101377e+01
6.961134924320997186e+01
7.573757417938647052e+01
6.735984803839143353e+01
1.117772227450814313e+02
6.432934700928490201e+01
8.736271829299208491e+01
6.522801024590829400e+01
6.806629635184532390e+01
5.188507825189269340e+01
6.625632874464047006e+01
6.488611177247564399e+01
6.368022793874860099e+01
7.343780428201428379e+01
6.596511666217419645e+01
7.183629618783787407e+01
6.462485803913037330e+01
6.584976233544774971e+01
7.038465862587456456e+01
6.577659852839335031e+01
6.940582031225608262e+01
7.063861825735634170e+01
6.800608413472397729e+01
8.464615345711013106e+01
7.123084423972744617e+01
6.636317024004303278e+01
7.427348918325864702e+01
6.633429116351769039e+01
5.853059096287563534e+01
6.865951542724984336e+01
6.312671456153911720e+01
6.709910729765068993e+01
6.284748074783159666e+01
6.634260313077611215e+01
6.184516323860288622e+01
7.001806232446352851e+01
6.615183984083176938e+01
6.855716342673828478e+01
7.877640874965163675e+01
9.510609813071840790e+01
8.477285570016377392e+01
7.066557879999683678e+01
9.941034693012444734e+01
9.910975114303687405e+01
1.106446127066273988e+02
8.537020003917200484e+01
7.315274926034487635e+01
1.037720143389270504e+02
6.273253951734585598e+01
6.328700778002755811e+01
5.774832773018945886e+01
5.774832773018945886e+01
6.219952791955785898e+01
6.387714960466232128e+01
6.903571406718728554e+01
6.773518215299662870e+01
1.037720143389270504e+02
1.332373282566875616e+02
4.287819100857051069e+01
4.551730879601208102e+01
3.976021856378240216e+01
3.536941859010302380e+01
4.650985430674607102e+01
4.287819100857051069e+01
4.287819100857051069e+01
6.093221093702528179e+01
6.735984803839143353e+01
7.315274926034487635e+01
7.332726586247915179e+01
6.318615164950198704e+01
6.673121158275412768e+01
6.722122165459759913e+01
7.102862296210808779e+01
6.458716907905355242e+01
4.287819100857051069e+01
7.391450221230985562e+01
8.035049831106702811e+01
1.074103837466208518e+02
1.111555331333062924e+02
1.060870312154155783e+02
9.027759026824372768e+01
1.404027599342319377e+02
4.287819100857051069e+01
6.559268448544140995e+01
6.753051932070566465e+01
6.328700778002755811e+01
6.451701037170680308e+01
6.806629635184532390e+01
4.731969611666684017e+01
7.034126804161736857e+01
4.316596468109287343e+01
6.212326400588688102e+01
8.051023708356321151e+01
1.297688672527651192e+02
7.896725806430750083e+01
4.268681603100808530e+01
6.995374131408021867e+01
4.708358374934104518e+01
4.454066205586863703e+01
3.517096784861924164e+01
8.559691508007932725e+01
4.938766477166067403e+01
5.140060941262508010e+01
1.360954280953088187e+02
5.940310851578828988e+01
5.078609636084902945e+01
3.673345061809288836e+01
7.034126804161736857e+01
4.385804240102032736e+01
7.390905867665281903e+01
3.400855834622342400e+01
5.188380735031996949e+01
6.904538701752719021e+01
4.342557667866886106e+01
3.791253630312380096e+01
3.617812748576778858e+01
2.649476842053368841e+01
4.820234891780089015e+01
5.026023079336266619e+01
2.819697774161640780e+01
2.780954353109007826e+01
5.307953063534952776e+01
1.046211538209469438e+02
7.359608200548244383e+01
5.090476437108326024e+01
3.922101257645221040e+01
4.357496009363977407e+01
3.246813353663732471e+01
5.467518271038309052e+01
6.170562574135573897e+01
5.898516469547679719e+01
6.416350571663166136e+01
4.461081264343192743e+01
5.267389639892515163e+01
5.341424235836780099e+01
6.432934700928490201e+01
4.313909466408583171e+01
4.425361043185912990e+01
6.339434441760566585e+01
4.307436479187889944e+01
4.677458646454707036e+01
4.564336374550656927e+01
4.588761525961557197e+01
6.699776324775635317e+01
6.519242442012878769e+01
6.191010667545899793e+01
6.181500174514095391e+01
5.692800846894374445e+01
6.339434441760566585e+01
6.904710407928078553e+01
6.472521905865093572e+01
6.472521905865093572e+01
5.140060941262508010e+01
6.592741618774151391e+01
4.871817573813192581e+01
4.810036665841630565e+01
6.286729375313804269e+01
6.477971308086917190e+01
5.117903005152288642e+01
4.461081264343192743e+01
6.103097688108802288e+01
4.425949406576907563e+01
7.899902432024863685e+01
6.307072135003342339e+01
6.829477745723347937e+01
7.420258737589544751e+01
6.596417647840988252e+01
6.821910963656350191e+01
6.691692272176511835e+01
6.341622811901061141e+01
6.541333854781781554e+01
7.422683326562247430e+01
7.315274926034487635e+01
6.592741618774151391e+01
8.226658570805162185e+01
1.114973975207567634e+02
1.140362325182885570e+02
8.404619953103451735e+01
7.717423217559498028e+01
7.845671739613690931e+01
6.596417647840988252e+01
1.068365997019577378e+02
6.686386619616214944e+01
6.631151749688467589e+01
6.769608288296031162e+01
6.630354823987518387e+01
6.742382840475507066e+01
7.070695721723883764e+01
6.672173895985628178e+01
6.459192452071506807e+01
5.240306411399846809e+01
6.421184123068105976e+01
6.169925738505794044e+01
6.427383016079618017e+01
6.600151748891258308e+01
7.086478780247321652e+01
4.524846469347440348e+01
6.918653696811233544e+01
6.695911261591245989e+01
6.428808909005650207e+01
5.974267875053928378e+01
5.611644941574444090e+01
6.311577792020516853e+01
6.609142318725594123e+01
6.540397202291300971e+01
6.770286083657674681e+01
6.708592970060195171e+01
6.684571035656233562e+01
6.593137267712553751e+01
7.207908274879153510e+01
7.004972985124886975e+01
6.669117449323833569e+01
6.795246146227407280e+01
6.066049462661629832e+01
6.937104143039766768e+01
6.670112807038481151e+01
6.874655623465281451e+01
6.458108782740761455e+01
7.096304599836936688e+01
4.827007245595134322e+01
4.670089977235855372e+01
5.890704087805243461e+01
5.146110001529211075e+01
6.162889977101063721e+01
4.625661414599917975e+01
5.398818260905417787e+01
6.279120150913846743e+01
6.439003833152735012e+01
6.047493721106970099e+01
6.905493849991263744e+01
6.612710187430035091e+01
6.752020152290781141e+01
6.828273414589058632e+01
6.792185556263265767e+01
6.517930959075515318e+01
7.017625176899089467e+01
7.679904320902313941e+01
6.659938248477922684e+01
6.555675503823137262e+01
6.787412645076710760e+01
6.560784975001912755e+01
6.645484619163532614e+01
6.549152368725809481e+01
6.365662291243378945e+01
6.994145909123695048e+01
7.082739166788550733e+01
7.053327202997013501e+01
7.734497566619921827e+01
7.734497566619921827e+01
8.126760900842629098e+01
1.093630779803462190e+02
5.038252884800105846e+01
4.396029296915621387e+01
6.594402537451460944e+01
6.344366080389001894e+01
6.421926895605307095e+01
6.579479668957942806e+01
6.342781755856265846e+01
6.700085262975818523e+01
5.938175475565164163e+01
6.361060453049407926e+01
7.060782039682200661e+01
5.726227891119494018e+01
6.043285871769697337e+01
6.551420315295493424e+01
6.642971039545646761e+01
6.378406703104855779e+01
6.738086380088930127e+01
6.847409923860814729e+01
6.838096168739023994e+01
6.854195322321379535e+01
8.455480884733754010e+01
6.599560582035660161e+01
6.262818675219978815e+01
6.735959131411154033e+01
7.326424217453569554e+01
6.520859194796652503e+01
6.592590916566500425e+01
6.822876391184779266e+01
6.779295414531762276e+01
7.520968591525198121e+01
6.511824332824946282e+01
6.690109255939213995e+01
6.910843091926875559e+01
6.844286417339117179e+01
8.588057228822984257e+01
8.435199534974711355e+01
8.563033005032271205e+01
6.334810120743498629e+01
6.427491126338463800e+01
6.854085218151229242e+01
6.695451609652310765e+01
3.760267584990947398e+01
4.794103838188840427e+01
7.382134466803159967e+01
6.585984740735597143e+01
6.936232944854982918e+01
1.079737576059872168e+02
4.569260215621791588e+01
7.940883365639109570e+01
1.299978463377588582e+02
6.784576023112956022e+01
5.499585959148321734e+01
4.910482622291179666e+01
7.279748463026217564e+01
3.779857617106222278e+01
4.042211530845583667e+01
6.547148054637324321e+01
5.870545131732744437e+01
6.536433450753969510e+01
6.979309271188624564e+01
6.506886858655464323e+01
7.151482182487784200e+01
