5.778159735381615292e+01
8.527158923706217308e+01
7.256091091470848653e+01
4.753643992503670290e+01
4.460943834100724104e+01
7.680414132050859166e+01
6.632332675508017417e+01
9.095808105209695782e+01
7.279099055912566030e+01
6.658895094992128350e+01
4.438377017837987637e+01
6.036610842093249119e+01
5.802100475120965939e+01
6.355904961631195960e+01
6.968785448305737873e+01
6.554636407592603575e+01
1.498912164282087645e+02
3.957487461107536575e+01
3.681327822801147676e+01
3.681327822801147676e+01
6.722998380339286939e+01
6.655199531552428027e+01
4.451585867884408998e+01
6.589207397655859211e+01
4.438723553031904601e+01
4.469913725276337146e+01
5.218366382613012888e+01
6.393945285044282656e+01
6.404663612797153860e+01
6.526519105635637175e+01
5.981669945032604119e+01
6.619435558090114569e+01
6.856398712355613156e+01
6.857877945187384228e+01
6.762238416630093241e+01
6.373151298785584373e+01
6.953623838589413708e+01
6.642331144650653130e+01
7.138361669470593540e+01
6.833873923713579757e+01
7.351450989819460347e+01
6.674137092233559088e+01
6.650295332682088656e+01
6.728161161450873351e+01
7.639599858249124509e+01
4.680999839033583498e+01
6.811970329293630755e+01
6.856398712355613156e+01
7.761788215848548589e+01
6.513619132181607085e+01
3.678619572867444276e+01
4.487476538510074420e+01
3.951664212986356972e+01
5.523495398991863681e+01
5.692699962452424245e+01
6.335986531336306626e+01
5.865406064620471938e+01
4.967167312235643806e+01
6.383399830498828464e+01
4.451585867884408998e+01
5.084009463659316452e+01
7.279099055912566030e+01
4.609375725310461291e+01
6.721395098794431533e+01
4.975142300778212245e+01
6.335986531336306626e+01
6.589472077250128734e+01
6.066876825659979744e+01
7.214566257152978324e+01
6.680042586156446305e+01
6.943352579346495190e+01
6.630625995484159318e+01
6.257801376259279635e+01
6.513619132181607085e+01
6.591779359032136654e+01
6.630941910380182946e+01
6.529377031964639855e+01
6.653903180376561011e+01
4.266462977699659120e+01
4.668700567774457255e+01
5.625192252629032907e+01
4.572633744760764074e+01
5.780332469982527499e+01
6.537685344885781547e+01
6.476571509660078618e+01
6.367561827711431732e+01
5.594937910673139925e+01
5.878432149065793766e+01
6.830600947681504920e+01
7.576352911196518392e+01
6.658792230513270738e+01
6.523291727011019248e+01
7.409591272838112275e+01
7.176883535553893978e+01
6.300865096500520224e+01
6.706685483994134245e+01
7.752321673862854823e+01
7.117459266893764891e+01
3.622936384632025408e+01
4.600168041146476128e+01
6.329480911363202011e+01
3.529876482255023973e+01
3.529876482255023973e+01
6.040825731569032797e+01
7.025517617766243461e+01
6.859444692908010666e+01
6.905023808706408772e+01
7.270096459735476913e+01
4.173051329161339851e+01
4.609799663627713073e+01
4.521074412723186953e+01
6.388515595241096889e+01
7.028249114052171365e+01
5.442642412705308175e+01
5.354776048411495992e+01
7.055532175528965411e+01
6.701363054402575870e+01
5.282401328029375520e+01
5.580294105108259828e+01
5.111623794084830052e+01
6.118908460368378144e+01
6.341868698366702262e+01
6.778341906291741736e+01
4.704798647871406558e+01
5.987763384603435668e+01
6.394341891572131686e+01
5.815582722592181852e+01
6.607321309572866141e+01
6.615172787540389265e+01
6.658895094992128350e+01
7.130687190047672175e+01
6.722260191377017691e+01
6.715536486672033334e+01
6.589207397655859211e+01
6.723520445861630890e+01
7.213336523466198003e+01
6.861542380655373563e+01
6.307576879366764899e+01
7.648395389249678544e+01
6.737521492258859723e+01
6.338924047538762352e+01
7.084779852597289107e+01
8.178909224536764100e+01
7.187079833993755074e+01
7.497752105137381307e+01
9.596772799063569437e+01
6.796544387891697170e+01
6.796544387891697170e+01
7.339743606475671811e+01
8.362269065859501893e+01
1.130543974449126665e+02
8.426117776388196035e+01
6.045867433062613117e+01
6.646408331346475507e+01
6.518389881469090597e+01
4.508775436696242167e+01
6.400920243395782450e+01
6.700544248712509443e+01
6.833550279072478872e+01
6.750277613231675389e+01
6.833213998796183830e+01
6.081976197785048299e+01
6.703801163087494785e+01
8.624362827212866023e+01
7.178137046202881777e+01
6.680042586156446305e+01
7.021837784819190631e+01
5.531465198594045063e+01
5.343382261735845162e+01
6.335986531336306626e+01
7.230700899825609440e+01
6.720042270679593344e+01
6.578124303311035703e+01
6.796544387891697170e+01
6.746858283461254757e+01
6.650190060255623337e+01
6.490258281953255448e+01
6.417107656704349949e+01
6.713274713892808165e+01
7.094231348791238645e+01
7.200309944952523722e+01
4.929827307942253611e+01
7.019595106378996263e+01
4.555134304879952367e+01
5.084220996292005879e+01
3.948527330445564587e+01
4.777036403188022717e+01
6.115247287116724806e+01
6.090040619807261635e+01
5.254627535245208492e+01
6.717324702767152189e+01
5.746811716760780087e+01
4.483758006525570039e+01
4.953073394937079854e+01
6.074315486311902390e+01
6.368940703532405934e+01
6.837896900529682398e+01
4.855162407346086439e+01
4.855162407346086439e+01
6.653522876278493925e+01
6.328091525831411701e+01
6.707642867846493573e+01
6.270078215506139685e+01
6.254448446355464597e+01
6.492037166425161843e+01
6.790655086950411601e+01
7.353337712781140567e+01
7.382087413045815083e+01
6.643974258762767704e+01
6.907315157904051262e+01
7.010845758630884461e+01
6.895217077120268812e+01
6.767165809743499949e+01
6.593881715018790146e+01
6.572379570847094499e+01
6.796189664330559310e+01
1.004694139122734384e+02
7.200309944952523722e+01
7.076029676001650159e+01
7.076029676001650159e+01
7.178137046202881777e+01
7.466933885421190098e+01
7.029087377875745801e+01
6.736215814461756679e+01
6.674137092233559088e+01
6.398832133584591730e+01
6.817670838683008583e+01
6.630716672636164333e+01
6.718870548474801296e+01
6.328091525831411701e+01
6.387825570248593010e+01
6.825440753032492580e+01
7.236526343798971084e+01
6.650190060255623337e+01
7.028021062508084071e+01
8.264240360489856130e+01
7.787808263453293023e+01
7.056655255210989708e+01
8.722770197794422131e+01
6.713377578371665777e+01
7.376576672534258705e+01
7.882101768177801659e+01
7.876531386404403179e+01
7.091204603735997125e+01
8.025515357015817131e+01
8.669803343525870787e+01
7.178137046202881777e+01
8.191612616100668731e+01
7.603558587412646830e+01
1.006347896807579758e+02
7.292171084068390030e+01
6.290536533762635685e+01
4.277366986100665969e+01
4.277366986100665969e+01
4.957052344691840773e+01
6.045777237837384632e+01
6.400306092359102195e+01
6.511011020951828243e+01
7.029087377875745801e+01
6.850166272990472294e+01
6.941148360162519282e+01
5.784354127458688311e+01
6.455091162787294934e+01
7.529735287522514398e+01
6.822762896637235031e+01
8.217270303723250890e+01
8.637397409224514888e+01
8.637397409224514888e+01
6.470235584370176696e+01
3.564980681474690982e+01
6.640073237548214991e+01
6.326163174215707130e+01
7.159214730701128815e+01
6.963977036860100611e+01
5.866694702862807986e+01
6.639277663167243304e+01
7.852968032928257003e+01
6.486468835314522607e+01
6.645967689862600025e+01
6.819561539042358334e+01
7.046458273456497068e+01
6.341868698366702262e+01
6.955332324370490937e+01
7.660491365993095769e+01
7.662571365993095185e+01
7.055532175528965411e+01
9.852627868120583798e+01
9.650011316442369491e+01
5.548134154381725835e+01
7.066422891308043575e+01
6.261368273908320248e+01
6.991171226691641039e+01
6.897834132264307527e+01
6.523362293178549010e+01
6.911942405813678647e+01
6.496841783505360013e+01
6.539985588070940992e+01
7.390877230418816168e+01
6.895890781714331297e+01
7.529735287522514398e+01
6.713209576454293881e+01
7.986287196821307077e+01
7.311653187120228381e+01
7.024060212040893703e+01
6.963164072513154679e+01
8.136443149337664238e+01
6.869539044847090281e+01
1.040223762562240353e+02
6.589207397655859211e+01
8.508954754437782242e+01
7.070448631232862624e+01
6.291513213456212839e+01
5.885528968523891535e+01
6.731644264923042442e+01
6.510626266398887196e+01
5.675653856011147980e+01
6.515912866493758315e+01
7.186007384305482049e+01
6.500412741779592807e+01
6.977624859949568759e+01
6.817855507022770212e+01
7.370394213801560568e+01
6.586118158359742836e+01
6.985422106516564611e+01
7.133522697565862813e+01
6.742722275286685374e+01
8.519246195246824982e+01
6.543193096236771567e+01
6.742700913747549407e+01
7.542925127839976085e+01
6.646408331346475507e+01
6.154692766699072592e+01
7.293255901596077706e+01
6.415114686900784591e+01
6.837896900529682398e+01
6.308784924460839250e+01
6.431126132468692447e+01
7.192512164121340845e+01
7.852983891336847933e+01
6.322803916331753271e+01
7.302333749972605403e+01
8.720008078158031140e+01
7.392530455539149159e+01
6.858931740865781990e+01
8.759874821369936626e+01
9.039195753383833676e+01
7.595442593068923998e+01
7.128480110523921098e+01
7.499990437965985279e+01
1.004694139122734384e+02
5.798612278252096530e+01
6.331471090556163261e+01
5.960089511191510070e+01
6.200987834570551627e+01
6.428008183245628970e+01
8.661760129200681035e+01
7.002738552376858649e+01
6.851078039037739131e+01
1.004694139122734384e+02
1.123324258313927260e+02
4.704798647871406558e+01
4.957705785882007632e+01
3.800011422882974443e+01
3.800011422882974443e+01
4.487756489636655033e+01
4.704798647871406558e+01
4.704798647871406558e+01
5.945208093337482325e+01
6.869539044847090281e+01
7.499990437965985279e+01
7.260038633210919556e+01
6.240623461333639455e+01
6.544294808401488694e+01
6.720981389968957842e+01
7.158081068060580776e+01
7.502533885421189552e+01
6.202631300384880575e+01
4.704798647871406558e+01
7.542658762903728586e+01
7.817230599313006678e+01
1.028123590793724418e+02
9.076217789167169769e+01
1.341407951374468439e+02
6.722260191377017691e+01
7.333067111839783081e+01
6.895217077120268812e+01
6.930652770958779740e+01
6.400920243395782450e+01
6.464586038807533441e+01
6.856398712355613156e+01
5.146889407226233715e+01
7.395433352360755919e+01
4.747140781214743299e+01
6.309733401209360437e+01
8.058693092385739476e+01
1.151559971517129100e+02
7.936126338324582719e+01
3.837846263642504141e+01
6.963251026180314796e+01
4.126276727163163116e+01
4.297284197910833825e+01
3.991064056369918944e+01
8.849940254307072962e+01
4.975281950402513331e+01
5.396375205772142891e+01
1.381545487767846794e+02
6.485381059700151241e+01
5.158179105419714716e+01
3.352520416275808657e+01
7.395433352360755919e+01
3.800054098186591034e+01
4.726677296237375003e+01
7.289766690782110459e+01
3.836528509345836113e+01
5.131962323242581192e+01
5.895042487122070440e+01
4.065664240095620130e+01
3.287429452716872902e+01
4.429176259082042577e+01
5.242568502661035268e+01
3.431534269463811171e+01
4.937118120703945578e+01
1.016841923091076865e+02
7.567953413493742687e+01
5.726215619547291169e+01
4.444047811433803474e+01
6.720890113497820550e+01
4.247439599738288507e+01
3.771455478445878384e+01
5.474568894734952096e+01
5.879263373326705988e+01
5.390047162855073992e+01
6.400306092359102195e+01
4.561926569402520215e+01
5.696157988449705556e+01
4.340909523403217918e+01
6.589207397655859211e+01
4.451585867884408998e+01
4.753643992503670290e+01
6.680042586156446305e+01
4.680999839033583498e+01
4.950512919144138380e+01
4.579762568199998896e+01
5.250799515640007797e+01
6.185960391303562744e+01
6.086787396634465352e+01
6.339276269829787935e+01
6.155589711242113538e+01
5.438749993592057308e+01
6.680042586156446305e+01
7.093890043819132529e+01
6.713274713892808165e+01
6.713274713892808165e+01
5.396375205772142891e+01
6.723520445861630890e+01
4.561713417618153699e+01
6.185941407335741360e+01
7.306523738789452693e+01
6.231664906102287915e+01
4.561926569402520215e+01
6.400572044207275724e+01
4.565126334244678219e+01
7.179723338586494208e+01
6.472635363314533663e+01
7.150977263503345682e+01
7.357773895996837155e+01
6.796544387891697170e+01
7.311653187120228381e+01
6.961229590933862710e+01
6.511431440383549329e+01
6.905144470114866806e+01
6.390440902283510383e+01
6.753029367836475672e+01
6.723520445861630890e+01
7.865985771393614812e+01
9.563470285781454550e+01
1.034724327781514290e+02
7.046020237756492577e+01
6.720890113497820550e+01
7.474001299948817234e+01
6.796544387891697170e+01
1.069045033410941414e+02
7.200109356320076870e+01
5.313089065021583224e+01
6.767479837818473243e+01
6.907241096125902402e+01
6.743652055275032353e+01
6.889984351665475515e+01
7.356356946811891362e+01
6.941226146107337058e+01
6.781242003412191366e+01
6.545476329630476187e+01
6.585100517509128792e+01
5.677692053990158172e+01
6.571606110374018783e+01
6.619155028419856990e+01
7.284887027569678253e+01
4.634999439524783327e+01
6.841117797076778118e+01
6.870276638628045873e+01
6.812738709608312604e+01
5.635535464494383007e+01
6.281655688126579662e+01
5.669605767842425337e+01
6.528340385797909562e+01
6.464364034733262088e+01
7.200736591844434997e+01
6.781685042455454493e+01
6.631951900121570986e+01
7.022499903220145256e+01
7.376390340348474695e+01
7.086236227590131875e+01
7.214838582570899916e+01
6.694203269168507120e+01
6.776691201048788571e+01
5.755838673746495004e+01
6.942164568751167053e+01
6.497757643819338114e+01
6.546361753756650614e+01
6.974367346601539452e+01
4.758064047316162259e+01
4.797615080694441758e+01
5.903687023096438224e+01
5.493574546769893630e+01
6.969524535823268252e+01
5.994272024665265519e+01
4.541656417389312850e+01
5.259515046993149667e+01
6.045657808571459668e+01
6.524003701160938817e+01
6.550926830271721713e+01
7.175828113807088471e+01
7.227316507704475157e+01
6.906423651440077549e+01
6.709339408627600676e+01
6.989868312371281434e+01
6.989868312371281434e+01
7.168838111108115640e+01
6.719492011576555512e+01
6.910397460108177370e+01
6.763901299923998067e+01
6.468660405396801139e+01
6.865251406773408860e+01
6.804299626106171672e+01
7.469980336700463397e+01
7.107762161511269028e+01
6.970388489433426571e+01
7.836042165382673375e+01
7.897965000204514752e+01
7.483802643256814235e+01
7.461781911674533774e+01
1.006045536750166036e+02
5.111515046993150690e+01
4.712263842082651166e+01
5.982601768384951413e+01
6.745802856555572191e+01
6.694179242267161101e+01
7.236556020989549154e+01
6.606423369013842262e+01
6.311241004980884384e+01
6.629304308696787018e+01
6.180974682459923031e+01
6.537387003440784383e+01
7.010449523728877352e+01
5.546554495290048692e+01
6.095997270652358679e+01
6.892960239060009542e+01
6.540024282557931201e+01
6.594683184383880814e+01
6.770328239508323520e+01
6.756261747251519978e+01
6.670589980874753167e+01
6.812107221679539748e+01
8.674253467035799758e+01
6.438688879992163550e+01
6.782960465887225610e+01
5.904490293569578796e+01
7.070349767581761569e+01
6.574412498703969732e+01
6.646461851851603342e+01
7.119473115835732813e+01
7.053547459591982260e+01
6.451876317023344143e+01
6.617897944214810479e+01
6.905747916907304784e+01
7.647004069624904332e+01
6.837706164462575487e+01
7.967746646467037408e+01
7.911160174708476234e+01
8.253556729368411027e+01
5.414516078863051973e+01
6.474136803923467198e+01
6.946335330563171340e+01
7.061182290289646346e+01
4.201457102458826398e+01
4.876609607296099824e+01
7.144182536725161015e+01
6.516674026147461518e+01
6.924291725966862998e+01
7.169627204928806918e+01
6.755792197981111258e+01
5.077109801678709999e+01
8.101407456717748801e+01
1.261347199160321537e+02
6.426781928275755718e+01
5.669264103852547265e+01
5.279768548627771452e+01
7.803568169958803935e+01
3.914819679642277350e+01
4.018367796678789006e+01
6.121116330031896524e+01
6.495478079341889099e+01
6.899664124163405177e+01
7.082326172741319681e+01
6.894391308437050725e+01
6.680984741011143058e+01
7.592476256228353293e+01
