7.572923271672685530e+01
7.281979867827034525e+01
1.243979773908144040e+02
8.328667261480572392e+01
7.839015094900989311e+01
1.049606146127777606e+02
8.069537585339314489e+01
1.175331499172164058e+02
9.365859830634136074e+01
9.392703464541600056e+01
7.663522127881836354e+01
7.054367435051814539e+01
9.553164179598462624e+01
1.055602883434594048e+02
8.995997162621229393e+01
8.406256820844743061e+01
8.406256820844743061e+01
9.317007711375772772e+01
1.171240755115107248e+02
9.189266850058123737e+01
1.187756747174658329e+02
1.009015282176940786e+02
1.022699961447410004e+02
1.131668927823375128e+02
9.487310867286595339e+01
1.032454894241228516e+02
9.602775021390701227e+01
9.548766753790576445e+01
9.764240673507694623e+01
1.110991309201478714e+02
1.265664510677754606e+02
1.133306647110230472e+02
1.051808481457175901e+02
1.033971717238711676e+02
1.105772251444495140e+02
1.136616138329659549e+02
1.028118906227971934e+02
1.034389188514905840e+02
1.023121576749440749e+02
9.645810511233500506e+01
1.058331514624207585e+02
9.785738633732073311e+01
1.129485487204956513e+02
1.060854376746752621e+02
8.371599783961451635e+01
1.221297014233172149e+02
1.265664510677754606e+02
8.707989035096196062e+01
1.195149506306823639e+02
1.128575331904796428e+02
8.407660317414780593e+01
9.929919418825738830e+01
1.131617659639053244e+02
9.908343522193034403e+01
1.062133071608336081e+02
9.239844054621231351e+01
8.531092769225477923e+01
8.705660614410795972e+01
9.487310867286595339e+01
9.189266850058123737e+01
9.170428139585033023e+01
9.448533972803670622e+01
1.175331499172164058e+02
9.190394794181737836e+01
1.241363989514232600e+02
9.892216547415003447e+01
1.062133071608336081e+02
9.907186980599576032e+01
9.993588766982439608e+01
1.160397151407508147e+02
1.201141319548820405e+02
1.085341559145818735e+02
9.468361941016269157e+01
1.053409145487056264e+02
1.128575331904796428e+02
1.103147660341603284e+02
1.003428322808742479e+02
9.597384014742122815e+01
1.071855074429178813e+02
9.250839820444696215e+01
1.085075965812493877e+02
1.039035107661222952e+02
9.398514460571779239e+01
1.003794277824154904e+02
1.133716222526088728e+02
9.784367062238467838e+01
9.872614009730027362e+01
1.096523142997046563e+02
1.060622876581386294e+02
1.243647101134012587e+02
9.365859830634136074e+01
1.327965382017391391e+02
1.068871956632742268e+02
1.138480415437616813e+02
1.094164817062941637e+02
1.093145887003822025e+02
1.020689748747849421e+02
1.080609039892349585e+02
1.026518184038248194e+02
1.026518184038248194e+02
1.032305902502269674e+02
1.077282852740049748e+02
1.041606508706014012e+02
1.186769114004669206e+02
1.094352715311442950e+02
1.036776768797327861e+02
1.057151363666864796e+02
8.511107173603140552e+01
1.140362683417354646e+02
1.196920194821485381e+02
1.233823160199401059e+02
1.097627490327775206e+02
1.122042808252142123e+02
1.264777574453436415e+02
1.017062200276518524e+02
1.053538041951237005e+02
1.038550829334983092e+02
1.029264131484084004e+02
1.201141319548820405e+02
1.177876512468134962e+02
1.171270997573561345e+02
1.315262292741846011e+02
1.109901508638833150e+02
1.095531212756739734e+02
1.161591234766476930e+02
1.005911071597884927e+02
1.132706140402275423e+02
1.079051240166760834e+02
1.243099406369541100e+02
1.184143254476727236e+02
1.028937512927532367e+02
1.182878083069676052e+02
1.054031551056900184e+02
1.112591982870363836e+02
1.187970524435382202e+02
1.162322585103062380e+02
1.147496946476763782e+02
1.091031322280802982e+02
1.115171139713828268e+02
9.667539779070473571e+01
1.211260930445361197e+02
1.085645658382423875e+02
1.217671435028231741e+02
1.217671435028231741e+02
1.211234103245061249e+02
1.237502089729406123e+02
1.176365869371619368e+02
1.148325044380236903e+02
1.054249916793354913e+02
1.186297796648567129e+02
9.333383541080965529e+01
1.216152645023396417e+02
1.025428747749189426e+02
1.306635905297321187e+02
1.081408188473473331e+02
1.222427514728458533e+02
1.204317106039378587e+02
1.191137047495633965e+02
9.892545828165006583e+01
1.214828540490757973e+02
1.122043299407067423e+02
1.270474720869363807e+02
1.201141319548820405e+02
1.300699588306469821e+02
1.097958237877892458e+02
1.113955916608025376e+02
1.062133071608336081e+02
1.238481484983631731e+02
1.242406900219894936e+02
1.160681790505754947e+02
1.190405055626258104e+02
1.217671435028231741e+02
1.100053745881219385e+02
1.177901948996136667e+02
1.103660201564000971e+02
1.109508702275913521e+02
9.632198098313779155e+01
1.176957208335148977e+02
1.197114933404069603e+02
1.138988160920034574e+02
1.147790798259200500e+02
1.105856840592449259e+02
1.024427412592995239e+02
1.171360855565719703e+02
1.350417564451665271e+02
1.218534725680560342e+02
1.107633175152224396e+02
1.224528064523269393e+02
1.267031398017613100e+02
1.181462008995120243e+02
1.034606963536755586e+02
1.264182313962107287e+02
1.168221559189384919e+02
1.274892486001397174e+02
1.274892486001397174e+02
1.203731826246130510e+02
1.189540145234624902e+02
1.175189457530070172e+02
1.198635614634033288e+02
1.218616163412193458e+02
1.067470214557303905e+02
1.248704595370656705e+02
1.225962394371048703e+02
1.272216088366251654e+02
1.182875075046240028e+02
1.228804985458105676e+02
1.148822122675720578e+02
1.191448250163414571e+02
1.440246416487526062e+02
1.154973440131141160e+02
1.176410502164783622e+02
1.099013614687448950e+02
1.155306539507882775e+02
1.225684482985551682e+02
1.352052081833120951e+02
1.058331514624207585e+02
1.197114933404069603e+02
1.198582003167155108e+02
1.198582003167155108e+02
1.270474720869363807e+02
1.357163245273653445e+02
1.344148234562505309e+02
1.217531584642376572e+02
1.189245479664467098e+02
9.645810511233500506e+01
1.254027838425582502e+02
1.034151963890276846e+02
1.164693591067166523e+02
1.205092262358307522e+02
1.189540145234624902e+02
1.150841739441040517e+02
1.229643573545002653e+02
1.127172190376468421e+02
1.177901948996136667e+02
1.241716605065049635e+02
1.223531828456431469e+02
1.317736672733402941e+02
1.256289916146608192e+02
1.132576403052056406e+02
9.659041732221241716e+01
1.201971961454165694e+02
1.159423647950295475e+02
1.084816085832976142e+02
1.240369499841404775e+02
1.171936050285130051e+02
1.272892556395933923e+02
1.250228344247335883e+02
1.208692235956794718e+02
1.198774867360438918e+02
1.201434153872650086e+02
1.020449526409621228e+02
1.278534591264555047e+02
1.278534591264555047e+02
1.169410361261498963e+02
1.281000500636438062e+02
1.205646101678934912e+02
1.237874748362999355e+02
1.221297014233172149e+02
1.344148234562505309e+02
1.280784852099526177e+02
1.289892920830008904e+02
1.177115044290286505e+02
1.221493645451716645e+02
1.235948891086768526e+02
1.330129277102222147e+02
1.220228886892326869e+02
1.281296257245778065e+02
1.289742043225310795e+02
1.289742043225310795e+02
1.293118243996800061e+02
1.273221269110287324e+02
1.331428781199620630e+02
1.294422465145206615e+02
1.395160313111597645e+02
1.299537561031124540e+02
1.378861111551749730e+02
1.165865425438819614e+02
1.326448523934839443e+02
1.397511099899443536e+02
1.312834167307753717e+02
1.266464132574944017e+02
1.202874879652047468e+02
1.357626764161030906e+02
1.177876512468134962e+02
1.272426340024668576e+02
1.384791642314912110e+02
1.383064702587972477e+02
1.264777574453436415e+02
1.134961264687606786e+02
1.132778132040733539e+02
1.359448946729863792e+02
1.297476254163342446e+02
1.250019530922824629e+02
1.315931965383596207e+02
1.295835153461365508e+02
1.329645922023467222e+02
1.243613112743079370e+02
1.324495814724751881e+02
1.260268173546668748e+02
1.143886195465007489e+02
1.545052786846996185e+02
1.351050987603098861e+02
1.364344136726988665e+02
1.292957610990878550e+02
1.386588087518244379e+02
1.391383988700054033e+02
1.392929664017296432e+02
1.313551362509372211e+02
1.187756747174658329e+02
1.391905285447762992e+02
1.288661839857331870e+02
1.265664510677754606e+02
1.516452920987806010e+02
1.209918149915367707e+02
1.284828691375017513e+02
1.409679043334720632e+02
1.323095897554642022e+02
1.373018486880934006e+02
1.174458988233875090e+02
1.313884241572091298e+02
1.047360342813811656e+02
1.374965970232947257e+02
1.241363989514232600e+02
1.244638564262278209e+02
1.456052525919093341e+02
1.260894041076504664e+02
1.416874274902218360e+02
1.330699136487583019e+02
1.460466311038647689e+02
1.414488097314180095e+02
1.195836758482732591e+02
1.423627812411396576e+02
1.366670194477664495e+02
1.281176673416801464e+02
1.380411599606118784e+02
1.412390848959807670e+02
1.550193064112449974e+02
1.313551362509372211e+02
1.269872487806619716e+02
1.261371940483562639e+02
1.359180630337205571e+02
1.337812644341991586e+02
1.233630859686553123e+02
1.306628910920843794e+02
1.337653654497587752e+02
1.399192545816489144e+02
1.321695499168598928e+02
1.292200375897652691e+02
1.335773895178524810e+02
1.386742269093249433e+02
1.417753133168548629e+02
1.250496924240599697e+02
1.233616454617422562e+02
1.202705188368752260e+02
1.571688501132710485e+02
1.352052081833120951e+02
1.295281143392559215e+02
1.319541775227605171e+02
1.213361860768171994e+02
1.393297891602035747e+02
1.291468550439838339e+02
1.352052081833120951e+02
1.509096211772110792e+02
1.315262292741846011e+02
1.440781139048147281e+02
1.592026893399081473e+02
1.597608529839498601e+02
1.597608529839498601e+02
1.568842268445869479e+02
1.315262292741846011e+02
1.315262292741846011e+02
1.425456077133802921e+02
1.313551362509372211e+02
1.571688501132710485e+02
1.396392433314259165e+02
1.607076925721164571e+02
1.432551540735562412e+02
1.384110386731641995e+02
1.406781254722705228e+02
1.460260662246443530e+02
1.459405356585314166e+02
1.219831771547984260e+02
1.315262292741846011e+02
1.389130868875068643e+02
1.241328427459803123e+02
1.604051430128220659e+02
1.640694582480127224e+02
1.516452920987806010e+02
1.327319411507468487e+02
1.448567232777994604e+02
1.243099406369541100e+02
1.287152480672947661e+02
1.315262292741846011e+02
1.566506203613308230e+02
1.440246416487526062e+02
1.374069634303263285e+02
1.595632582421072527e+02
1.306635905297321187e+02
1.265664510677754606e+02
8.555682760685877497e+01
8.522750709234493627e+01
1.279053775304467848e+02
9.418414426536193673e+01
6.932701221130690783e+01
1.175189500911973823e+02
5.755639228349037495e+01
9.272281451985926992e+01
1.374034564826755798e+02
9.337674522173105629e+01
8.976007061009340759e+01
1.104969681147283467e+02
9.111902678789228105e+01
9.578585933477866377e+01
9.686834219290562942e+01
5.342293929551095744e+01
1.222343878458691080e+02
1.035279915893344338e+02
1.222794046653682045e+02
1.279053775304467848e+02
6.890626853710112698e+01
9.302513250276301449e+01
1.031315965144358131e+02
7.886971277289137561e+01
1.603364635971652490e+02
6.932701221130690783e+01
9.139453495282813833e+01
6.860744627373679805e+01
8.934327232001544417e+01
9.262538079529092272e+01
8.531092769225477923e+01
9.333383541080965529e+01
8.588748585586162676e+01
9.867153223969648934e+01
9.080784924736360608e+01
8.924707416024470774e+01
7.922485135762970287e+01
1.007316456062102219e+02
5.572967040675264627e+01
9.272281451985926992e+01
5.606930595703067155e+01
1.313490409693677918e+02
1.383973088062575130e+02
8.639191559825617617e+01
1.141798720399285401e+02
1.138340491435927504e+02
1.022405676996279738e+02
1.092829383701176482e+02
9.908591524622696056e+01
1.205646101678934912e+02
1.221426687395531872e+02
1.353381567895838771e+02
1.000521124449132344e+02
1.187756747174658329e+02
9.189266850058123737e+01
8.328667261480572392e+01
1.201141319548820405e+02
8.371599783961451635e+01
8.372041029941308921e+01
8.301827351613624728e+01
1.006733216472933208e+02
1.044619409296777235e+02
1.024583357390230560e+02
1.189591595827899226e+02
1.201141319548820405e+02
1.068230096995422116e+02
9.632198098313779155e+01
9.632198098313779155e+01
9.686834219290562942e+01
1.028937512927532367e+02
9.177935387237410225e+01
9.794546543378325509e+01
8.206992590443053359e+01
1.221426687395531872e+02
9.631563575898582030e+01
8.406004477712912148e+01
1.171499928164239606e+02
1.347493919090589145e+02
1.217671435028231741e+02
1.292957610990878550e+02
1.149095674479993505e+02
1.185142139754140373e+02
1.269963829375070077e+02
1.319992130158933321e+02
1.400485040056511821e+02
1.571688501132710485e+02
1.028937512927532367e+02
1.034537676147272833e+02
1.486418830819729919e+02
1.166122037369640481e+02
1.127539703460244596e+02
1.084816085832976142e+02
1.138340491435927504e+02
1.282838960497475682e+02
1.217671435028231741e+02
1.631085707961918558e+02
1.119048034037757873e+02
1.162914640262882244e+02
1.165185816839975388e+02
1.134653835326693780e+02
9.982039446307574337e+01
1.017072370827277439e+02
1.081123932529968386e+02
1.106506167928867796e+02
1.168346670169534036e+02
1.107582549774634231e+02
9.632626394388401536e+01
1.183073068225939437e+02
1.090780109248456426e+02
1.075006797930510487e+02
1.141327567264343372e+02
1.159980739524232973e+02
1.145484148816186121e+02
1.141559460522027081e+02
1.079817485625902123e+02
1.257130525967381800e+02
1.213499616602302069e+02
1.157370641966254965e+02
1.171728823466082616e+02
1.143116000227263953e+02
1.269781094162602528e+02
1.143098130981412055e+02
1.131647645641624962e+02
1.122598229177722686e+02
1.246648037248141918e+02
1.105049815567909945e+02
1.247702758145463520e+02
1.103969693560944023e+02
1.225970897227292653e+02
1.199843333064717541e+02
1.291477184504945797e+02
1.287256217154650813e+02
1.265320193331060210e+02
1.238771972498798846e+02
1.223155545593592279e+02
1.171914888526350467e+02
1.161246594554657605e+02
1.308981696110020891e+02
1.212213486862308827e+02
1.255220517573199572e+02
1.272526325576572361e+02
1.141894957785657851e+02
1.284148274679865551e+02
1.241584275335289789e+02
1.225615605767164880e+02
1.245679208170527517e+02
1.233167773889751260e+02
1.270521106676442855e+02
1.301447401300806064e+02
1.237498977561829179e+02
1.201639906727053670e+02
1.190535060209223417e+02
1.207239268558808760e+02
1.207239268558808760e+02
1.425438156000051890e+02
1.220294141393208207e+02
1.198924970403550532e+02
1.235110096360434397e+02
1.154235351778494731e+02
1.146266740581970538e+02
1.259407518961043451e+02
1.325682356730586093e+02
1.271674684785282210e+02
1.289744663743451838e+02
1.185730669219130959e+02
1.269833830229583356e+02
1.252603225785042014e+02
1.241358425274679291e+02
1.234233273876232602e+02
1.290425518269609029e+02
1.288519128950298125e+02
1.276255228668490247e+02
1.319887900643020942e+02
1.249122554018584736e+02
1.280900835060409690e+02
1.289207926862553961e+02
1.309590294153679224e+02
1.408411801358229241e+02
1.282676948216001449e+02
1.308358309818598002e+02
1.263733823791757231e+02
1.355455298958289347e+02
1.237889409920654487e+02
1.327491785842128991e+02
1.292447292120764075e+02
1.327971676431444052e+02
1.285113456355552728e+02
1.358803520214130458e+02
1.339715297299855479e+02
1.361927273467529744e+02
1.404670674010380651e+02
1.503965481857419206e+02
1.319102009358787768e+02
1.365584456072558623e+02
1.379039576223239294e+02
1.355310880166235847e+02
1.458374934726053027e+02
1.303500856578029357e+02
1.395059991289255663e+02
1.338277596563244174e+02
1.365907618270687465e+02
1.382368686126780517e+02
1.302796295550325851e+02
1.346616286057823686e+02
1.325848348234671334e+02
1.379893893462741516e+02
1.344762205144860161e+02
1.284819631795527357e+02
1.405757542218589151e+02
1.301069470076838286e+02
1.406349787022981559e+02
1.497650187927640104e+02
1.430288000159574722e+02
1.398947171305124471e+02
1.449470628246835133e+02
1.455946363256777261e+02
1.503965481857419206e+02
1.394745319728960453e+02
1.246337146488579037e+02
6.783126856140205518e+01
1.358132648146458052e+02
1.239751693336841356e+02
1.087737805427001945e+02
5.890615549131952378e+01
1.368568673883441420e+02
1.175679607531792925e+02
9.908771771355297631e+01
1.193921271709184992e+02
1.087849852715678338e+02
1.177397362321237608e+02
1.188515809058136625e+02
1.230097387962580626e+02
1.307890006773012033e+02
