8.269352832334814707e+01
7.588298353632870885e+01
1.252914073874809446e+02
7.928518803405333415e+01
8.312349855674796117e+01
1.039516596929043430e+02
1.088630670903762052e+02
1.070129870260850424e+02
9.352695930460834006e+01
9.489450223558057473e+01
8.599980179866331298e+01
8.226623303487374983e+01
7.133536865982495101e+01
1.016568196048538937e+02
9.337863165293587997e+01
9.150316662891513886e+01
9.373562125076404072e+01
8.033156652628093752e+01
8.033156652628093752e+01
9.708298551370495488e+01
1.128100505943201028e+02
9.295272142785937319e+01
1.193803652101630206e+02
1.117878429442685615e+02
9.337253052114330387e+01
9.205446552374077385e+01
1.011400306808394731e+02
9.511358477969196201e+01
9.637912915085665588e+01
1.015171470914842189e+02
1.088023565242142325e+02
1.250116809609001649e+02
1.151731807024699776e+02
1.088988729506680357e+02
1.056707092958610588e+02
1.056402334522478554e+02
1.146525313224050251e+02
1.040552736557479392e+02
1.047462499246632888e+02
9.635123540234701522e+01
1.059781111636530113e+02
9.332487645878887861e+01
1.063456665574878883e+02
1.028187935610161361e+02
7.972285785376828926e+01
1.198104199353257684e+02
1.250116809609001649e+02
8.040075079175224460e+01
1.179627222853497841e+02
1.106189761439284212e+02
8.409460818988841879e+01
1.020939387374803857e+02
8.614541809855745669e+01
1.133998455650484232e+02
9.686184982256575893e+01
1.084897442333457747e+02
9.343628208850336136e+01
8.555951113536512764e+01
9.328086385447663531e+01
1.060589889149062799e+02
9.295272142785937319e+01
9.319622632982014920e+01
9.873703205576381947e+01
1.070129870260850424e+02
1.009791452901076241e+02
1.084897442333457747e+02
9.941105263796458757e+01
1.011002998300875220e+02
1.101654750043361872e+02
1.217239442220511592e+02
1.095402927383481568e+02
9.277956987236485986e+01
1.068398243752430545e+02
1.106189761439284212e+02
1.092760676932648209e+02
1.023094198037469198e+02
9.644900663108086292e+01
1.106984230351179690e+02
9.397887505521420337e+01
1.083399118427662700e+02
9.892548955042261127e+01
8.734179952837845917e+01
9.197125048655144042e+01
1.056554325184185075e+02
1.134372196089505707e+02
9.625300867129418236e+01
1.067031413640911097e+02
1.122927419677597101e+02
1.077826672566440180e+02
1.241739141443003831e+02
9.352695930460834006e+01
1.128907814259139286e+02
1.074910116083304530e+02
1.299996683335516252e+02
1.151645254927204434e+02
1.137947645114980446e+02
1.117034525809095271e+02
1.070876050720301009e+02
1.081357072059572602e+02
1.019575610018213041e+02
1.019575610018213041e+02
1.044672389927996505e+02
1.072901494028877067e+02
1.037776711310646220e+02
1.165482802483968214e+02
1.097382883307584223e+02
1.014002036074517861e+02
1.138358638656608122e+02
8.635430926677736352e+01
8.635430926677736352e+01
1.134469665989842326e+02
1.223603975911550066e+02
1.243868132428237061e+02
1.131821995533943124e+02
1.138812391017914507e+02
1.241436001096130184e+02
1.224452610252054825e+02
1.117926660785104787e+02
1.048494390168325054e+02
9.841964104625793652e+01
1.217239442220511592e+02
1.243500456166279093e+02
1.192783275753932486e+02
1.368474995257435864e+02
1.104234238957824061e+02
1.131849587889161484e+02
1.170924653223775351e+02
1.038835193725157353e+02
9.489450223558057473e+01
1.108340017387835132e+02
1.168544495536533248e+02
1.193803652101630206e+02
1.054132949756841811e+02
1.210460368552123498e+02
1.106466820341120467e+02
1.099678059198668620e+02
1.209854688216026375e+02
1.194313248046029940e+02
1.086782635782261508e+02
1.144023777260980097e+02
9.777545269113964821e+01
1.234397118682713455e+02
1.098218978791557703e+02
1.104465791271362889e+02
1.199781553994759520e+02
1.199781553994759520e+02
1.219700563351078131e+02
1.214700246714633067e+02
1.126184180369026109e+02
1.145154663368271741e+02
1.023768309511210077e+02
1.155890796780753789e+02
1.287260541051886094e+02
9.144911624943782158e+01
1.193505185828379780e+02
1.065251796512681750e+02
1.457182815792919541e+02
1.110632568912379128e+02
1.243402539118013550e+02
1.247288758906200457e+02
1.158667137148754733e+02
9.601241353305593407e+01
1.127323484294249312e+02
1.202213645982309629e+02
1.202213645982309629e+02
1.217239442220511592e+02
1.287978345953307837e+02
1.065003945891221662e+02
1.098170522789125982e+02
1.084897442333457747e+02
1.258057890157519125e+02
1.238937972060190020e+02
1.162377340704850042e+02
1.228940219011334420e+02
1.199781553994759520e+02
1.067393279128551029e+02
1.167150804781534532e+02
1.114782727729898681e+02
1.117307547830723564e+02
1.184012443933648058e+02
1.176852862214938398e+02
1.072052725194348000e+02
1.147143485865958610e+02
1.109320683783474237e+02
1.129231733810179321e+02
1.059873800628752178e+02
1.181184126613347019e+02
1.329241329286834912e+02
1.230491754360800343e+02
1.149283795972123841e+02
1.174579360565449235e+02
1.194831195070329244e+02
1.026011526596971208e+02
1.262353758485162700e+02
1.145070502986670675e+02
1.306623175304930271e+02
1.302060515823984019e+02
1.302060515823984019e+02
1.068516986615496762e+02
1.201329762934349930e+02
1.156020564693394448e+02
1.144574847154452328e+02
1.185224658786327012e+02
1.234265708165009130e+02
1.123218860199463194e+02
1.245132418811818837e+02
1.277222104107993488e+02
1.195656357995259071e+02
1.230377800872728216e+02
1.202420031309945045e+02
1.202424202785739737e+02
1.435550149143651879e+02
1.197447223510237961e+02
1.186768672960233886e+02
1.130904683460031492e+02
1.150007940202289518e+02
1.350545747100850917e+02
1.059781111636530113e+02
1.176852862214938398e+02
1.204240157276368137e+02
1.204240157276368137e+02
1.202213645982309629e+02
1.395115136242800986e+02
1.358232282290918533e+02
1.230548788372047397e+02
1.200456155342626232e+02
9.635123540234701522e+01
1.158025333134436039e+02
1.254943089443839739e+02
1.051543535212039870e+02
1.191002407966481513e+02
1.142525526726629579e+02
1.234753842563247446e+02
1.159877812689039445e+02
1.153639544786387177e+02
1.167150804781534532e+02
1.250685481037896807e+02
1.265141550544502849e+02
1.208969662153450457e+02
1.277392707749377792e+02
1.140003918190964782e+02
9.695973705662733266e+01
1.295016465993923305e+02
1.189101616370115977e+02
1.187060278599906837e+02
1.084987004709261385e+02
1.239523651655496508e+02
1.121964835560793574e+02
1.202213645982309629e+02
1.224541799646521412e+02
1.257145924324566977e+02
1.171840599525577886e+02
1.219383820598789185e+02
1.131277685734539205e+02
1.303582493845962063e+02
1.265093185119631585e+02
1.194677596110850715e+02
1.238549470144527760e+02
1.198104199353257684e+02
1.358232282290918533e+02
1.296622605783824440e+02
1.310300918345816683e+02
1.207354850583591599e+02
1.253234572057291416e+02
1.286515551765883174e+02
1.282107624523794698e+02
1.243579558966926015e+02
1.317038233617104481e+02
1.324112633060365738e+02
1.303869487997878309e+02
1.225605415984318967e+02
1.337750202181878478e+02
1.345394929939989481e+02
1.317807240957299939e+02
1.396828331557779848e+02
1.379501560158165603e+02
1.311689041097713471e+02
1.347728805165784252e+02
1.169701714170012679e+02
1.421264029542161893e+02
1.301172775249660560e+02
1.198892525744210928e+02
1.294068810409136461e+02
1.329776644638055814e+02
1.243500456166279093e+02
1.378036408717384234e+02
1.380036408717384404e+02
1.142567707627090527e+02
1.095898315903987736e+02
1.331944579066141614e+02
1.351147914284783553e+02
1.263584338445141384e+02
1.341409206288444409e+02
1.265534798494894915e+02
1.334561953221235058e+02
1.249677081122129181e+02
1.256308231287374042e+02
1.326832239686061712e+02
1.156316286839803098e+02
1.526788009600530813e+02
1.353946015840072050e+02
1.286515551765883174e+02
1.337859172919859816e+02
1.305315637121398993e+02
1.442010292697009675e+02
1.377805886801462805e+02
1.377211099520993116e+02
1.311279841971597193e+02
1.545389683912173382e+02
1.193803652101630206e+02
1.365747914895749773e+02
1.268283790405681515e+02
1.250116809609001649e+02
1.539548537580654113e+02
1.287086090189185938e+02
1.295945731931657861e+02
1.399549803282250480e+02
1.347413617299474140e+02
1.395902519900201924e+02
1.203656330726783636e+02
1.331400721242753775e+02
1.133392024592910161e+02
1.369991782472740738e+02
1.258118357542876993e+02
1.434119949575893145e+02
1.269475386562914707e+02
1.290959902923200673e+02
1.413411358331008216e+02
1.384086953779222995e+02
1.463826227432658698e+02
1.407248328331531013e+02
1.233467823650809123e+02
1.386632682421212053e+02
1.287260541051886094e+02
1.309804984539540555e+02
1.482827627078999910e+02
1.306623175304930271e+02
1.295666355429747512e+02
1.254176994953924549e+02
1.365552332146957895e+02
1.343735608613977490e+02
1.227370101477830673e+02
1.374072959202818538e+02
1.359002120183150168e+02
1.282916848809975079e+02
1.506277856337985668e+02
1.419279113803183350e+02
1.314995284580189718e+02
1.248387886125519657e+02
1.379867471491565709e+02
1.315785564876552201e+02
1.297435805819758059e+02
1.577245101799112490e+02
1.389716765319966214e+02
1.391177633593463838e+02
1.445192798009156263e+02
1.445192798009156263e+02
1.373925975193329805e+02
1.359169170621665330e+02
1.468813265302401021e+02
1.300503426461528989e+02
1.350545747100850917e+02
1.528738609168738662e+02
1.368474995257435864e+02
1.460459489616692679e+02
1.616114188335946267e+02
1.585086722392133538e+02
1.585086722392133538e+02
1.582061986391846347e+02
1.368474995257435864e+02
1.368474995257435864e+02
1.401484905404328742e+02
1.311279841971597193e+02
1.577245101799112490e+02
1.410480408277911692e+02
1.605702234999356222e+02
1.419670791227547682e+02
1.449698267484696146e+02
1.433342068246456904e+02
1.462345644411304590e+02
1.443772829106292761e+02
1.233294353487203949e+02
1.368474995257435864e+02
1.295995511263255366e+02
1.290376081056561191e+02
1.610613474789606130e+02
1.643641286003320943e+02
1.539548537580654113e+02
1.395437338173553599e+02
1.380082969835195854e+02
1.248764559912615653e+02
1.368474995257435864e+02
1.613909677963810054e+02
1.435550149143651879e+02
1.405704388490132430e+02
1.604210702735470591e+02
1.457182815792919541e+02
1.232588978510681841e+02
1.250116809609001649e+02
8.018217900634772377e+01
7.085368227433869492e+01
1.280470897704420850e+02
1.046193857605957760e+02
9.641029675628746531e+01
7.270486800477358713e+01
1.206961600747720809e+02
5.157339392530836619e+01
9.701548734270888019e+01
9.249517785212096044e+01
1.426900974918250427e+02
9.858406260113477515e+01
1.064833512088623735e+02
9.276354215500066402e+01
4.555602096863512429e+01
9.520500907492434806e+01
5.569686667743009423e+01
1.235174749937523018e+02
1.044402806504724879e+02
1.287816408505408674e+02
1.280470897704420850e+02
5.797762528290328277e+01
9.768781965428807723e+01
1.576078296438246866e+02
7.270486800477358713e+01
7.006128996074625093e+01
8.731852538121056284e+01
8.614541809855745669e+01
8.555951113536512764e+01
9.144911624943782158e+01
8.479759832175736278e+01
8.496969203134882775e+01
8.558592579758258978e+01
5.832516336464694717e+01
1.003343851407437626e+02
4.972365277323318367e+01
9.701548734270888019e+01
5.069025765282607665e+01
1.355704964910744081e+02
1.340405816728808190e+02
8.632021109892536970e+01
1.127346866743876319e+02
9.744373392888894614e+01
9.637853822116235847e+01
1.130678744104585292e+02
1.017999589564445841e+02
1.149414544178864617e+02
1.194677596110850715e+02
1.360432282290918522e+02
9.980896370548200025e+01
1.193803652101630206e+02
9.295272142785937319e+01
7.928518803405333415e+01
7.972285785376828926e+01
7.871824172953964194e+01
8.444965858925233704e+01
1.094021217071374679e+02
1.091127949912641526e+02
1.026225254256800667e+02
1.158420032429037150e+02
1.098372610253637447e+02
1.062303051541008188e+02
9.574453306122931906e+01
9.574453306122931906e+01
9.520500907492434806e+01
1.054132949756841811e+02
8.499087322723474358e+01
8.156016078706289818e+01
9.478105588912004009e+01
1.224631221756004891e+02
8.088537043172840413e+01
1.202373439561429791e+02
8.344324910379347671e+01
9.134120093250110983e+01
1.147775910188953077e+02
1.178493171608206325e+02
1.272121594292973583e+02
1.199781553994759520e+02
1.305315637121398993e+02
1.200374418238271090e+02
1.205164849651281429e+02
1.267815671792112795e+02
1.414571722719326772e+02
1.340447511679267905e+02
1.419329932464839601e+02
1.577245101799112490e+02
1.054132949756841811e+02
1.060276770628251199e+02
1.503419030271344923e+02
1.159103496183949602e+02
1.139933272250278407e+02
1.084987004709261385e+02
1.238510970548542929e+02
1.257991781012560040e+02
1.199781553994759520e+02
1.636604586718752330e+02
1.105950555733559071e+02
1.175048595897727068e+02
1.031282006131550588e+02
1.103993924508352791e+02
1.101634947166826208e+02
1.144451215804775188e+02
1.154951826384805145e+02
9.653148485703185600e+01
1.211960301521555152e+02
1.131941928658888799e+02
1.200412569741223763e+02
1.189586219829078004e+02
1.117324507683900947e+02
1.084707159335025040e+02
1.257109181955532620e+02
1.233487484980185229e+02
1.232929758842923746e+02
1.184377494619591005e+02
1.230622167745755888e+02
1.285949979858348229e+02
1.146990675206652099e+02
1.094185850703395886e+02
1.166998490183903243e+02
1.247122438375262305e+02
1.075715443453578786e+02
1.242733739539873596e+02
1.140848497509775257e+02
1.223996724803796212e+02
1.340369981390547025e+02
1.281834250223402307e+02
1.288669571456970289e+02
1.263856446910234297e+02
1.217833856706564575e+02
1.170475246193042835e+02
1.220365422916866720e+02
1.224703042042709029e+02
1.317500590516243903e+02
1.211337243975146976e+02
1.196379384694601953e+02
1.189357958385949701e+02
1.300202791610213069e+02
1.187220654226489387e+02
1.206608050029610126e+02
1.268525018341293276e+02
1.241999650203893566e+02
1.309927630021781226e+02
1.266904842155721411e+02
1.251998921524687489e+02
1.203145784491615728e+02
1.228024014453204131e+02
1.228024014453204131e+02
1.393736784895597793e+02
1.263789605108517122e+02
1.227571195424438883e+02
1.267102472263609059e+02
1.227470337094938913e+02
1.199292760506281752e+02
1.309910360968118255e+02
1.301062132461686076e+02
1.315575689288980925e+02
1.290200356523891969e+02
1.231617502424593908e+02
1.216866465602888496e+02
1.270584464600808730e+02
1.292296293568988688e+02
1.236106471875231279e+02
1.279352538398745196e+02
1.297234617368656302e+02
1.238752806216064357e+02
1.310953018706118769e+02
1.305786169202324345e+02
1.332095251691084741e+02
1.321542739222001046e+02
1.405965972496781262e+02
1.274007026233916804e+02
1.318941090431276848e+02
1.353641245219764642e+02
1.312475633069505250e+02
1.357805299301790285e+02
1.311027988044629637e+02
1.299987095431935415e+02
1.329483973360475204e+02
1.347542441059665634e+02
1.352226557920533878e+02
1.382795426047985643e+02
1.381168347693165970e+02
1.387368729444277164e+02
1.526895702704829034e+02
1.312636514503245166e+02
1.318043918060635065e+02
1.367361524094194465e+02
1.329492352292446640e+02
1.482634841415654705e+02
1.290768192635756861e+02
1.307030154059852407e+02
1.394083939483659265e+02
1.345034525182580296e+02
1.401548157094865701e+02
1.262828065117733303e+02
1.338333742487798190e+02
1.368941431112771738e+02
1.311457083933033516e+02
1.501237858386123776e+02
1.389574296853304247e+02
1.363569683884443577e+02
1.389553061721377389e+02
1.391905387042887696e+02
1.396480972004686407e+02
1.350683689939130829e+02
1.369036230294641427e+02
1.575086393413480437e+02
1.443627478710440641e+02
1.440604132531974813e+02
1.473879113059071813e+02
1.416531796028417034e+02
1.526895702704829034e+02
1.361489257239437620e+02
1.039048890753210230e+02
1.213135559799324170e+02
6.318826193663986146e+01
1.392549287767940029e+02
1.218624970564869017e+02
1.069292375892309082e+02
6.156489303205826502e+01
1.365367321590865686e+02
1.110517542273525464e+02
1.021041962410226631e+02
1.246216743551612893e+02
1.106862292141235997e+02
1.252908671936566805e+02
1.187557747586175054e+02
1.270295728560027442e+02
1.304093231522909093e+02
1.306868203016558425e+02
