7.352902408345468643e+01
7.048613319271257183e+01
1.260486891572330421e+02
8.560296027292541510e+01
7.435195205163881838e+01
1.056670430040954329e+02
1.207304505921668465e+02
7.534663445615362320e+01
9.541699818372937614e+01
9.480200907318865688e+01
8.152166135044791417e+01
7.441992295985917849e+01
7.624450306594152948e+01
9.511053021646475258e+01
1.037958175641274750e+02
9.408328852035796785e+01
9.398037549100568810e+01
1.091104629941993807e+02
8.026334089605367694e+01
8.026334089605367694e+01
1.162533216128586275e+02
9.581159597287135909e+01
1.006802914427981790e+02
1.051135570174241707e+02
1.152331056044731099e+02
9.674907074835911658e+01
1.023297436281678046e+02
9.731271489297783717e+01
1.118944923080202187e+02
1.166897992159560289e+02
1.033907228492330717e+02
1.139988844648392785e+02
1.144140230723014469e+02
1.183299065919432707e+02
1.188360689890660353e+02
9.799266692315514149e+01
1.033443104396690018e+02
1.032455450263073686e+02
1.028243100060708883e+02
9.689495117871621233e+01
1.066202600870906565e+02
1.228928860547758006e+02
1.312357953376119042e+02
8.489579332341210716e+01
1.213353300179406347e+02
8.477970999832932364e+01
9.445892710535845538e+01
8.644359459174626181e+01
1.170564745936666924e+02
9.873941794837188013e+01
1.054843084182551678e+02
9.316051696640016644e+01
9.166656794024679300e+01
9.718270119198956536e+01
1.117686963300771197e+02
9.581159597287135909e+01
9.581159597287135909e+01
9.608704240759360005e+01
1.207304505921668465e+02
8.384367045531203644e+01
1.220614930468113073e+02
9.496840072814089240e+01
1.054843084182551678e+02
1.056021365535885934e+02
9.914536401879544769e+01
1.168777888790226029e+02
1.197300054401999319e+02
9.761426296943832881e+01
1.058493629762528059e+02
1.155180859559722819e+02
1.073293679453074390e+02
9.633586894754725449e+01
9.892709041678190829e+01
1.149639432026864085e+02
9.737967690275078780e+01
1.165674678226603191e+02
1.047574925020825987e+02
8.925461844750768137e+01
8.887520212344890069e+01
1.038395020984313959e+02
1.138695504309516338e+02
9.689838041204289709e+01
1.010905085034542026e+02
1.076122853946846050e+02
1.092311151306244739e+02
9.541699818372937614e+01
1.165707706974541225e+02
1.017967769768258535e+02
1.373666495712754454e+02
1.081745583198777183e+02
1.171542206003780535e+02
1.095978251894045741e+02
1.105468189556079750e+02
1.040003880790305573e+02
1.120580727851005918e+02
1.156496931876219207e+02
1.021001379083834308e+02
1.021001379083834308e+02
1.010884150358298399e+02
1.110505301622944074e+02
1.065794071193977004e+02
1.093176585968557788e+02
1.014472295645681186e+02
1.102745352397529075e+02
8.666848194532417438e+01
8.666848194532417438e+01
1.161595428248971587e+02
1.247948215002438417e+02
1.252131095879015419e+02
1.146105416614411041e+02
1.191332942320233172e+02
1.252359776757459713e+02
1.253047589455692901e+02
1.048266474241153503e+02
1.074452760320907743e+02
1.045590482185748442e+02
1.051806979088618590e+02
1.197300054401999319e+02
1.189406165569466651e+02
1.323019263724095254e+02
1.132087959005584281e+02
1.172469152313091882e+02
1.075234247020700877e+02
1.156322518288563685e+02
9.480200907318865688e+01
1.055908693657648882e+02
1.269632600176603319e+02
1.201638517674079765e+02
1.216153730161778412e+02
1.067596451153643358e+02
1.208858213830872046e+02
1.063406496770247003e+02
1.111117343529371198e+02
1.260310357982484391e+02
1.168479795883668402e+02
1.124698993189220175e+02
1.097915700865465851e+02
1.156802052528157958e+02
1.235502000980060728e+02
1.135536494012403352e+02
1.123207657824752772e+02
1.218299429738887056e+02
1.218299429738887056e+02
1.227347677289891408e+02
1.281662383533079606e+02
1.207425673239831667e+02
1.179982963684582415e+02
1.043375967076175215e+02
1.192156944361723845e+02
1.272062828916745332e+02
1.253401296885024294e+02
1.042338710105503452e+02
1.329232945682647085e+02
1.145037225937420544e+02
1.216630326166861238e+02
1.220998600319362737e+02
1.212044178182705423e+02
1.239600391760977942e+02
1.075630150113785533e+02
1.243802036816282026e+02
1.243802036816282026e+02
1.197300054401999319e+02
1.310749397877795843e+02
1.109666881391846260e+02
1.054843084182551678e+02
1.276045437001898364e+02
1.218500316190617099e+02
1.167587549337451094e+02
1.177775665183131650e+02
1.218299429738887056e+02
1.077959565166467826e+02
1.193409233246979255e+02
1.125907654213992117e+02
1.130551550323563674e+02
9.893465764651918448e+01
1.170102769568922696e+02
1.192327189537252394e+02
1.150871248591780756e+02
1.142082177126368236e+02
1.137370734978315028e+02
1.053194046222122608e+02
1.186801703737938709e+02
1.245611577580957885e+02
1.144038469936224516e+02
1.263253620247770073e+02
1.270756823567531058e+02
1.210451272317863811e+02
1.045294383115640358e+02
1.138839148877509615e+02
1.302591566391314757e+02
1.195254984970513021e+02
1.287821091131496871e+02
1.287821091131496871e+02
1.078275651040056573e+02
1.235511581788547062e+02
1.181201886093706008e+02
1.236788808879857271e+02
1.092184593887871529e+02
1.266858095274733955e+02
1.242422184313791291e+02
1.301598734751838151e+02
1.189685146667979154e+02
1.187048540929033607e+02
1.172634320545639355e+02
1.224572758357035411e+02
1.413538583577951329e+02
1.230673717401813860e+02
1.054599643199021273e+02
1.131792818568442556e+02
1.180860794411037915e+02
1.391619485105239562e+02
1.028243100060708883e+02
1.192327189537252394e+02
1.212347477070797055e+02
1.212347477070797055e+02
1.243802036816282026e+02
1.400501922439089810e+02
1.381612020388583630e+02
1.211712004751643548e+02
1.224074839249264812e+02
1.179936830187931918e+02
1.247535964750139073e+02
1.000509741413310536e+02
1.140265263879740303e+02
1.166367614103239418e+02
1.235511581788547062e+02
1.165658718389313719e+02
1.186708497017779820e+02
1.156183600815573556e+02
1.141258265190054146e+02
1.193409233246979255e+02
1.255728898443033046e+02
1.247006063202846633e+02
1.248807667472929097e+02
1.318987274604817230e+02
1.180037868544840336e+02
1.112308167806462507e+02
9.881288178505378994e+01
1.248583986536812631e+02
1.185753308535727228e+02
1.151131148923598460e+02
1.090587608403870092e+02
1.265993731221596619e+02
1.135195786268061227e+02
1.243802036816282026e+02
1.247098870240077986e+02
1.244211383501254460e+02
1.180517218179174108e+02
1.192991813358782736e+02
1.237224669360865619e+02
1.054000717405222076e+02
1.301287757798163511e+02
1.301287757798163511e+02
1.261965349795474651e+02
1.292685651826247977e+02
1.227917880286085364e+02
1.253096731223647424e+02
1.228928860547758006e+02
1.292161681850878381e+02
1.311404198480938135e+02
1.207656555830290728e+02
1.204397047079951477e+02
1.271560992170137467e+02
1.321140417369971942e+02
1.250790755151785874e+02
1.321797374653438055e+02
1.327647034645603412e+02
1.251476965290618466e+02
1.394262895681345640e+02
1.373652293061561807e+02
1.293294253770928322e+02
1.402796877969934428e+02
1.326638903190535075e+02
1.316751664658193306e+02
1.136488201930113178e+02
1.283373226494357766e+02
1.264134162010176539e+02
1.305757582999241890e+02
1.173699103950000904e+02
1.373539089160978506e+02
1.289776402948047007e+02
1.293820948235454296e+02
1.357519226252303781e+02
1.353719226252303827e+02
1.252359776757459713e+02
1.287741977634194939e+02
1.192960878010694330e+02
1.336823975121038188e+02
1.238944949859897804e+02
1.283948951283796305e+02
1.324846310228730601e+02
1.217943952520538318e+02
1.335781034407622485e+02
1.551514231983620959e+02
1.354653678857307000e+02
1.271560992170137467e+02
1.257776096821885545e+02
1.346650025855246895e+02
1.322581772880606650e+02
1.360299072357517218e+02
1.334464423854574306e+02
1.378723353297050380e+02
1.302591566391314757e+02
1.522947473188561958e+02
1.393424647553582076e+02
1.279976975456191752e+02
1.312357953376119042e+02
1.506992742389613227e+02
1.217373990946763911e+02
1.301242344825409987e+02
1.378760846253185832e+02
1.352320678601874420e+02
1.367013690478639489e+02
1.210147203132445100e+02
1.308634060896308426e+02
1.089298388176055283e+02
1.398252952686403887e+02
1.220614930468113073e+02
1.290213094911622136e+02
1.445097621826379566e+02
1.264770265067189570e+02
1.293292243697610502e+02
1.337918921715707938e+02
1.424899625296329475e+02
1.422460935160486883e+02
1.189154062552267135e+02
1.406689017518436629e+02
1.379859636390515618e+02
1.272062828916745332e+02
1.318010087507342405e+02
1.401651417725470878e+02
1.471341827713740997e+02
1.302591566391314757e+02
1.376469898445866704e+02
1.242427827801169116e+02
1.320362790091211309e+02
1.317714625685871965e+02
1.236434222335516750e+02
1.373196907172641090e+02
1.334068612918603662e+02
1.350447580426452134e+02
1.501580855247245836e+02
1.449032759485950237e+02
1.336024934889015299e+02
1.246482434244771440e+02
1.427104186362713563e+02
1.408181219242174222e+02
1.428786268403440260e+02
1.301332495815107109e+02
1.268968277724415543e+02
1.229550602835471551e+02
1.589388507777271684e+02
1.391619485105239562e+02
1.378681706756351844e+02
1.306445816266169686e+02
1.475117630311253833e+02
1.475117630311253833e+02
1.240836827361046346e+02
1.303737144417523268e+02
1.373255039254608789e+02
1.378578874688994631e+02
1.299921902191624099e+02
1.391619485105239562e+02
1.512299196525424350e+02
1.323019263724095254e+02
1.405351523230222313e+02
1.626961701668450644e+02
1.613748272913081792e+02
1.613748272913081792e+02
1.500396592983806840e+02
1.323019263724095254e+02
1.323019263724095254e+02
1.439610841049405963e+02
1.589388507777271684e+02
1.412143287067052313e+02
1.575180803007764894e+02
1.417842544088173327e+02
1.382794796719900035e+02
1.417932610570241820e+02
1.456918986874759412e+02
1.438790707723317439e+02
1.248903144347524687e+02
1.323019263724095254e+02
1.287291036520544196e+02
1.284946247595218836e+02
1.562837680538597169e+02
1.635960036811909788e+02
1.506992742389613227e+02
1.419843306541363006e+02
1.432872443586506677e+02
1.269632600176603319e+02
1.371198182729949622e+02
1.323019263724095254e+02
1.413538583577951329e+02
1.399928566871008968e+02
1.665534478080219571e+02
1.329232945682647085e+02
1.257396882880454143e+02
1.312357953376119042e+02
8.458983293254385671e+01
8.562684897131738637e+01
1.275042380239792976e+02
1.017643924830865529e+02
9.748501125492060737e+01
6.399377786009075209e+01
7.204980994585591247e+01
9.916140392368313883e+01
8.530910739974501666e+01
1.360943820497786021e+02
9.214860893581413848e+01
8.442221322407657169e+01
1.109871045166941741e+02
9.218263107144363744e+01
5.433220632886200008e+01
9.458204604170740026e+01
5.379465159450185752e+01
1.204195355994147292e+02
1.075916247774474783e+02
1.306594144642411095e+02
1.275042380239792976e+02
6.906056167404562984e+01
9.135119481124971230e+01
6.824675889789435246e+01
1.567951972229039939e+02
6.399377786009075209e+01
8.469800608905340766e+01
6.939668238734398642e+01
8.728847493468866503e+01
8.644359459174626181e+01
7.748889305970591579e+01
8.485340072232564523e+01
8.396400898076407771e+01
9.970477370197531286e+01
9.144822496376558263e+01
1.067250072370060821e+02
9.916140392368313883e+01
5.666995647269208547e+01
1.306246473578894154e+02
1.339189423210690961e+02
8.667796207797057662e+01
1.112109611519323806e+02
9.798043469273100925e+01
9.694392615729745444e+01
1.035807586548586983e+02
1.105137349488908427e+02
1.012533998455111828e+02
1.136210860620015524e+02
1.227917880286085364e+02
1.225808896525430640e+02
1.382596147372710504e+02
9.773765705246646007e+01
1.216153730161778412e+02
9.581159597287135909e+01
1.197300054401999319e+02
8.529475703240265716e+01
8.524294471154553321e+01
8.238312444900149956e+01
1.107738091433737821e+02
1.048876691431196235e+02
1.012231424342440675e+02
1.202599410407486147e+02
1.054931023729426016e+02
1.197300054401999319e+02
1.083911258243921480e+02
9.893465764651918448e+01
9.893465764651918448e+01
9.458204604170740026e+01
1.067596451153643358e+02
8.199924704420817534e+01
8.221476802138678863e+01
9.833266001157636538e+01
1.236503648675130762e+02
8.411639665901276430e+01
1.225808896525430640e+02
9.336582605484800013e+01
8.566199133344561290e+01
9.777191243653351194e+01
1.166258576308773343e+02
1.251741874063428384e+02
1.218299429738887056e+02
1.322581772880606650e+02
1.121631050691867983e+02
1.226806407936384602e+02
1.219983928785665768e+02
1.307451960001661462e+02
1.296093010882988210e+02
1.589388507777271684e+02
1.067596451153643358e+02
1.029416860805616096e+02
1.483628699024124558e+02
1.161721477494219386e+02
1.090587608403870092e+02
1.266671115233529861e+02
1.218299429738887056e+02
1.600295877754066396e+02
1.120648722496535470e+02
1.149506219333329966e+02
1.203771498417255827e+02
1.154724454433662260e+02
1.071052653886361128e+02
1.073247228913535025e+02
1.041174371517239337e+02
1.138816542402386744e+02
1.136483166954523796e+02
9.939960739058966510e+01
1.202563475690754871e+02
1.110753267469907826e+02
1.085549268791740047e+02
1.177946507054165011e+02
1.172196791962514624e+02
1.169412223094916925e+02
1.176595539823012615e+02
1.137619821708500893e+02
1.257747293351634568e+02
1.218519169104490913e+02
1.240194804129754118e+02
1.142720379769329213e+02
1.187126126863827551e+02
1.160375232347276722e+02
1.307498105897644223e+02
1.146722934471620761e+02
1.143992998572319664e+02
1.152991678678217085e+02
1.268467674859496270e+02
1.148669980300340256e+02
1.237685170594765083e+02
1.154374039936024019e+02
1.197560016748010980e+02
1.251464695578036697e+02
1.316735516233759427e+02
1.268748702769529473e+02
1.270834805736779032e+02
1.205811878927433298e+02
1.242815738112450674e+02
1.156362481516661944e+02
1.190000146016646738e+02
1.199486991986530882e+02
1.209636655771451501e+02
1.244274318474022465e+02
1.253073923920243544e+02
1.171542797243726852e+02
1.303315705959876141e+02
1.260712684173318792e+02
1.227297500352637911e+02
1.228766817290466946e+02
1.292594956310427676e+02
1.240611620469306189e+02
1.226596322933622645e+02
1.204882839319195114e+02
1.228754598098512076e+02
1.228754598098512076e+02
1.384735252867912436e+02
1.252998714070117785e+02
1.237343028752451630e+02
1.245802103274018151e+02
1.185143311750682074e+02
1.215511415422503205e+02
1.179820881363505123e+02
1.312886741948428266e+02
1.272587944917549834e+02
1.329883155211708186e+02
1.250908753378594156e+02
1.289724353173834572e+02
1.237767034967058208e+02
1.221001961079050773e+02
1.267872046709501319e+02
1.246700183371477806e+02
1.248074164406331050e+02
1.223819234270854253e+02
1.304782372626542895e+02
1.255227061507397508e+02
1.284603041728522328e+02
1.294321809184586698e+02
1.272208532806642722e+02
1.309257917401150166e+02
1.325564754707522468e+02
1.300174106444474091e+02
1.329549370368815744e+02
1.295472697966827127e+02
1.309259326278097717e+02
1.269893966792879780e+02
1.274738205646326463e+02
1.317757039366889273e+02
1.295862260101851859e+02
1.342729491524538332e+02
1.309592653177043076e+02
1.329471966172972373e+02
1.372954872024052690e+02
1.371650748778545790e+02
1.496947019087598960e+02
1.279154461138295886e+02
1.323145480193624337e+02
1.339167819392707202e+02
1.311218024338886039e+02
1.401347739840616953e+02
1.290326611299582567e+02
1.341850293680062691e+02
1.328707981554907747e+02
1.410206405841795174e+02
1.388473114108093966e+02
1.274442961216741139e+02
1.320635757655885811e+02
1.307335287004787290e+02
1.301144217299536763e+02
1.491221869154554440e+02
1.377091384524952389e+02
1.290663256544846149e+02
1.248141165992513351e+02
1.348030924604079246e+02
1.355135827015224663e+02
1.372212975004407554e+02
1.330519084514394876e+02
1.377407490743072742e+02
1.590745031858018308e+02
1.422162284736608626e+02
1.429781557952517517e+02
1.443203299543819753e+02
1.402421734123839201e+02
1.496947019087598960e+02
1.392006051414887793e+02
1.041539092017374344e+02
7.769584680341247918e+01
1.336964451132423619e+02
1.217996788465721636e+02
1.088745179659469358e+02
6.277551496455854618e+01
1.354279358862571030e+02
1.153501806700437839e+02
9.851401098962938363e+01
1.212710931442521769e+02
1.114536249934618297e+02
1.244609374310482508e+02
1.185009845731793661e+02
1.230690930939016141e+02
1.281409522907572978e+02
