7.557916563838506363e+01
1.249474299333918452e+02
8.142715715254018960e+01
8.338532000487060714e+01
9.267986953084692914e+01
1.102515005385911451e+02
8.783634191644019040e+01
1.069602327398806807e+02
9.826293209005389429e+01
8.719043453703528712e+01
9.306804490674268493e+01
7.384581887110442722e+01
9.759640276436539352e+01
1.044775881494141743e+02
9.279511266993307572e+01
9.245504042356336072e+01
9.704069658537591181e+01
8.110768731816332888e+01
8.110768731816332888e+01
9.425842411145667654e+01
1.083441393362558927e+02
8.767490644374439057e+01
1.181795080306836923e+02
9.625746220846082224e+01
1.065241260416792386e+02
1.107455422775470737e+02
9.619267765108401136e+01
9.593482050822686347e+01
1.094600402886154029e+02
9.773404812562296229e+01
9.745625785484449466e+01
9.919398608208231849e+01
1.282906264061249999e+02
1.122402337075526333e+02
1.067308701428430737e+02
1.036145718546362815e+02
1.090649225091895431e+02
1.048955927322482040e+02
1.043459235588205161e+02
1.038366480684111366e+02
1.019299578847108023e+02
9.631234280280244775e+01
1.064786385057401503e+02
1.065204655627112800e+02
8.194966903865889662e+01
1.150856784138092195e+02
1.282906264061249999e+02
8.094788976353451915e+01
1.161005462236086316e+02
1.094156572202181081e+02
8.414316502005478071e+01
9.764562000401738828e+01
8.825229593232990055e+01
1.102341489009219089e+02
1.010061730654921490e+02
1.089194323923448451e+02
9.516994965749091762e+01
8.284541790928091132e+01
9.692631607799528126e+01
1.098927864766625220e+02
8.767490644374439057e+01
8.746796899367205924e+01
1.069602327398806807e+02
8.773245987281060820e+01
1.212421108417969009e+02
9.885540108826870664e+01
1.089194323923448451e+02
1.011752588344159562e+02
1.024906286440154446e+02
1.145648039649016425e+02
1.142297091626599581e+02
1.131931638647326963e+02
9.639683371288387548e+01
1.079319156768738850e+02
1.094156572202181081e+02
1.117486596595058330e+02
1.071917141035515471e+02
9.524061946600426154e+01
9.920997194704588651e+01
1.024047498579502502e+02
8.693684258925395625e+01
1.121279840958508913e+02
8.638760262197057216e+01
9.514258493602349631e+01
1.014014789793441480e+02
1.048979578745073269e+02
9.710759941438453779e+01
1.056249596766265881e+02
1.094507901791613449e+02
1.079565569412844752e+02
1.241464490915439995e+02
9.777836387924804740e+01
1.103996626275326491e+02
1.055026478648058230e+02
1.268697344968560401e+02
1.096213440586530936e+02
1.099168125204440969e+02
1.172203879818947172e+02
1.077478655238311518e+02
1.102404941109122944e+02
1.055576052258236501e+02
1.060936338127532395e+02
1.038721268266403968e+02
1.095272660965445937e+02
1.065691912556470697e+02
1.160086003942920740e+02
1.035259698886771105e+02
8.500166876279097039e+01
8.500166876279097039e+01
1.110759556285429142e+02
1.206656837350917328e+02
1.245481938443091678e+02
1.125472661805427350e+02
1.143129452348204609e+02
1.267313554200463415e+02
1.231092917221419754e+02
1.053346672090679874e+02
1.102407136982372151e+02
1.046153126512624141e+02
1.015989169272223762e+02
1.142297091626599581e+02
1.166523082393001687e+02
1.286952324700950498e+02
1.097983625757472197e+02
1.135177991966872355e+02
1.183590836062062124e+02
1.056232107743175419e+02
1.131515899913229504e+02
9.826293209005389429e+01
1.085298656747645936e+02
1.255020457406098586e+02
1.173846995016721309e+02
1.181795080306836923e+02
1.178162003275282785e+02
1.072861905830416305e+02
1.115220256012533042e+02
1.172871514688868331e+02
1.155271857912874367e+02
1.126021323274918302e+02
1.128426780293503668e+02
1.171976542728379940e+02
1.022053703049453617e+02
1.226649921370402154e+02
1.104399088915092904e+02
1.164314666818329016e+02
1.152369552167164528e+02
1.269860350388552064e+02
1.161635939464428162e+02
1.143172115377284399e+02
1.004678268531484093e+02
1.133994210176393551e+02
1.270694731194983547e+02
8.923922642578617115e+01
1.233048192047847351e+02
1.024779190479870152e+02
1.356189209359743018e+02
1.105575555154409528e+02
1.228430071761428763e+02
1.221883185080446026e+02
1.194040817791629792e+02
9.452548182674524924e+01
1.271820740044321383e+02
1.095794006024586622e+02
1.195290272094431288e+02
1.195290272094431288e+02
1.142297091626599581e+02
1.309417579183904650e+02
1.119190583890779180e+02
1.139709126159253429e+02
1.089194323923448451e+02
1.233978403079953381e+02
1.150793823516465437e+02
1.191315590753773961e+02
1.152369552167164528e+02
1.145573169195695442e+02
1.115772926022041815e+02
1.115396100544887474e+02
9.920670725560117376e+01
1.180211193910086251e+02
1.159719392941767779e+02
1.063688644289512411e+02
1.150949671611523684e+02
1.119983703054689386e+02
1.144771411196001907e+02
1.023936783292647732e+02
1.190706211448552096e+02
1.298678152580209257e+02
1.171105400595006643e+02
1.200214950422160598e+02
1.268788862005231408e+02
1.146246594210991674e+02
1.042580381816435562e+02
1.294116689405594514e+02
1.202264919427624079e+02
1.307089123533082216e+02
1.080162578129486803e+02
1.292068021967929212e+02
1.292068021967929212e+02
1.054999168789711916e+02
1.168351237175773321e+02
1.174759278717347399e+02
1.143169973142302354e+02
1.173288575471918875e+02
1.106167202291396734e+02
1.253420562496180395e+02
1.276140624332826832e+02
1.213415557065200261e+02
1.217280189949518245e+02
1.152723029694405739e+02
1.222327801469447621e+02
1.168832718852848842e+02
1.176971196890152527e+02
1.116220677884981711e+02
1.137239454440389324e+02
1.202499525327835244e+02
1.358242448186161084e+02
1.064786385057401503e+02
1.159719392941767779e+02
1.226293470213064722e+02
1.226293470213064722e+02
1.195290272094431288e+02
1.416677388419859653e+02
1.352435765713382523e+02
1.201233156956980537e+02
9.631234280280244775e+01
1.168023603305260991e+02
1.235334330746765659e+02
1.152805500978862057e+02
1.136778342361379686e+02
1.211324480114741817e+02
1.174759278717347399e+02
1.165020771318438904e+02
1.250032368979061914e+02
1.134873722589560998e+02
1.166193813263855503e+02
1.145573169195695442e+02
1.182597241453924255e+02
1.220974899060491339e+02
1.303811031965377367e+02
1.152335729224391514e+02
1.110079125535738314e+02
1.004539420481912515e+02
1.233969522912746726e+02
1.212971384132865182e+02
1.174458953804719954e+02
1.216570429278260406e+02
1.132057878477132675e+02
1.195290272094431288e+02
1.222067755629916803e+02
1.235776875420480536e+02
1.231297878354420021e+02
1.179483773537207867e+02
1.215773647286668933e+02
1.042561467031587199e+02
1.300412718937625982e+02
1.300412718937625982e+02
1.178822009252758960e+02
1.261792102903959716e+02
1.164084222784476026e+02
1.272904477657317273e+02
1.150856784138092195e+02
1.352435765713382523e+02
1.287048462504835413e+02
1.194083729320354053e+02
1.226794917362533255e+02
1.373815816889102734e+02
1.338471023413894443e+02
1.238086076409762626e+02
1.305088053828193608e+02
1.305088053828193608e+02
1.312096845008036325e+02
1.223155128379470256e+02
1.374093296782759523e+02
1.353388029470567631e+02
1.322616650070870037e+02
1.433103641023303965e+02
1.338105698687798224e+02
1.310224363705189035e+02
1.144846218167076302e+02
1.278299873676528762e+02
1.384462875267218749e+02
1.322240430167404952e+02
1.223083220590528839e+02
1.201667955980410909e+02
1.384259540249827296e+02
1.166523082393001687e+02
1.269522745851732708e+02
1.378345694720571259e+02
1.376409186784063081e+02
1.267313554200463415e+02
1.135096469724771993e+02
1.131252306357324784e+02
1.358596325240205545e+02
1.320296971204422789e+02
1.256910621052382879e+02
1.377368729314495681e+02
1.280581012863767398e+02
1.317830110661218725e+02
1.278829282256910034e+02
1.311829827030355489e+02
1.337909465273064598e+02
1.146640935681777336e+02
1.522809228392206933e+02
1.333900676104855165e+02
1.373815816889102734e+02
1.292827262429244115e+02
1.369712587682336107e+02
1.357363222677350052e+02
1.343909394413680616e+02
1.355005756081894503e+02
1.382464617922178434e+02
1.317375713083882260e+02
1.561574778254690727e+02
1.181795080306836923e+02
1.296359285808090362e+02
1.282906264061249999e+02
1.527693438432951893e+02
1.175914044594554611e+02
1.317561149794981361e+02
1.406462893827194023e+02
1.373686698821342986e+02
1.401338144100064653e+02
1.182159329470320159e+02
1.332393251125216977e+02
1.055262567209026372e+02
1.393400245291410329e+02
1.212421108417969009e+02
1.460476752397625830e+02
1.268975051281054647e+02
1.304079358976663912e+02
1.403748830894989510e+02
1.395094953311684662e+02
1.414113589649562073e+02
1.199979209674281577e+02
1.376997194397289377e+02
1.348772757623950440e+02
1.270694731194983547e+02
1.429538316661291901e+02
1.537738105935432884e+02
1.307089123533082216e+02
1.323771291827207222e+02
1.243454756386282583e+02
1.334900446363506887e+02
1.392068666243864925e+02
1.395265649060397095e+02
1.344434927632210304e+02
1.343410974774637907e+02
1.513810654550167953e+02
1.425226390916034518e+02
1.355978346359965201e+02
1.223843605665480823e+02
1.384632921463687865e+02
1.238303578377840921e+02
1.199539591431137495e+02
1.190559133492798907e+02
1.561967402183462639e+02
1.358242448186161084e+02
1.357438416075373198e+02
1.352114850385384273e+02
1.485303167807023783e+02
1.485303167807023783e+02
1.178604783173022952e+02
1.298045330156331829e+02
1.392820824924066585e+02
1.450108588029356440e+02
1.276619690790964370e+02
1.358242448186161084e+02
1.556059075034299894e+02
1.286952324700950498e+02
1.457299889816482619e+02
1.522269286752822666e+02
1.522269286752822666e+02
1.624109262376820197e+02
1.286952324700950498e+02
1.286952324700950498e+02
1.395957427127056008e+02
1.317375713083882260e+02
1.561967402183462639e+02
1.417117416861111678e+02
1.663555147831751242e+02
1.472803511625903639e+02
1.456555311103669510e+02
1.431522405735577763e+02
1.495014641804702364e+02
1.445617534984974668e+02
1.317194830094018130e+02
1.327269833411292268e+02
1.617326833528684062e+02
1.679259953854673597e+02
1.527693438432951893e+02
1.553315095392869409e+02
1.255020457406098586e+02
1.286952324700950498e+02
1.630715532749692613e+02
1.546902729131309115e+02
1.335072510951673905e+02
1.356189209359743018e+02
1.206189398992174659e+02
1.282906264061249999e+02
8.295534756427048251e+01
7.605563911337463878e+01
1.337071239659350113e+02
9.893527400974662100e+01
9.877508506747813044e+01
7.361684533235950312e+01
1.209013447221129809e+02
5.414395073253557200e+01
9.059934970786929398e+01
1.375955252809164335e+02
9.550997089518170924e+01
8.846607561393510366e+01
1.022877114678646819e+02
9.481739360175862430e+01
9.126568796058263899e+01
5.008050932390294463e+01
8.973022202629083210e+01
5.418914097077145442e+01
1.050122866746232262e+02
1.244845424780713614e+02
5.695870990064013739e+01
9.343851722790024894e+01
9.034861363939639034e+01
7.130503746990521563e+01
1.540818859566593062e+02
7.361684533235950312e+01
9.236515460451759907e+01
6.971718051146061157e+01
8.601945637796147537e+01
8.825229593232990055e+01
8.284541790928091132e+01
8.923922642578617115e+01
8.628371185069487126e+01
9.572802453066005057e+01
8.278126523420655758e+01
6.863182249500179921e+01
9.599177599556080054e+01
4.617178914127721612e+01
6.926507436800076789e+01
1.379500593636781218e+02
1.395702347985131837e+02
8.412819939722790252e+01
1.065346595238044642e+02
1.099790986069349970e+02
1.004457634587298571e+02
9.343886122843272801e+01
1.075468902940534548e+02
1.123048495747332680e+02
1.164084222784476026e+02
1.203457652010897334e+02
1.356807194284811260e+02
9.864757910037508282e+01
1.181795080306836923e+02
8.767490644374439057e+01
8.142715715254018960e+01
1.142297091626599581e+02
8.194966903865889662e+01
8.203359841207114300e+01
8.447493967835522710e+01
1.001963911647781629e+02
1.016577054386936823e+02
1.056134400750187439e+02
1.150999835829255034e+02
1.065997274802431747e+02
1.142297091626599581e+02
1.024014107283206840e+02
9.920670725560117376e+01
9.920670725560117376e+01
8.973022202629083210e+01
1.015280825035815866e+02
8.495173646575427995e+01
1.004440520426429799e+02
1.238644901034690093e+02
8.431997801057391939e+01
1.203457652010897334e+02
9.560106392952216936e+01
8.303681306035787202e+01
9.396825692583944090e+01
1.138202000621192980e+02
1.175981913901887026e+02
1.276206861083183099e+02
1.152369552167164528e+02
1.119417989145689205e+02
1.245055838213017267e+02
1.321528018149773231e+02
1.432877611241978570e+02
1.015280825035815866e+02
9.960042424375214409e+01
1.501613349926074932e+02
1.207076068876401109e+02
1.132508706097286506e+02
1.053844251170071971e+02
1.099790986069349970e+02
1.263611591798665614e+02
1.152369552167164528e+02
1.647429320034737259e+02
1.083042929596616659e+02
1.187375091983083877e+02
1.134724837410635132e+02
1.060462617758589090e+02
1.008132667132774714e+02
1.040858935054095582e+02
1.136967407332296176e+02
1.101781717757714603e+02
1.096751035832367052e+02
9.977951016670846229e+01
1.168630171826026043e+02
1.090759591701724389e+02
1.089510451161401363e+02
1.127538491856969216e+02
1.195239619981799848e+02
1.187215110912106439e+02
1.114101772369734249e+02
1.086752971168772888e+02
1.267373257616422961e+02
1.185909733274839795e+02
1.249407109649109628e+02
1.175042265641094588e+02
1.121952890054403156e+02
1.256275367902105842e+02
1.093963692195082729e+02
1.131529628417648894e+02
1.127578512968901094e+02
1.243248271022018514e+02
1.130325639280903545e+02
1.141783583709243715e+02
1.257479724106657528e+02
1.216388809904847363e+02
1.276697042911678892e+02
1.292468341100854445e+02
1.204030814484878391e+02
1.244929919998154872e+02
1.199070857296775898e+02
1.193958464113093072e+02
1.187735699370698796e+02
1.312371516052592710e+02
1.269406074164953111e+02
1.325747611013786980e+02
1.176029784959697366e+02
1.280306374609312456e+02
1.210335981290785128e+02
1.237602814236121986e+02
1.251208408397712049e+02
1.324375859719278878e+02
1.228550490541090880e+02
1.203977672954679861e+02
1.174062626859684997e+02
1.222932878509514865e+02
1.222932878509514865e+02
1.404934357236176652e+02
1.207149525563684875e+02
1.235898162985136537e+02
1.171370292342533332e+02
1.192234975529167968e+02
1.184009272295367055e+02
1.261537650261724224e+02
1.316965615614269893e+02
1.211848657337062463e+02
1.266556422121649348e+02
1.208511561003661114e+02
1.203555479922579963e+02
1.278489849566559684e+02
1.237610591180776538e+02
1.266910830131176340e+02
1.263085754047127125e+02
1.288609404912342598e+02
1.231956945372619856e+02
1.297256152673529073e+02
1.315376029906612416e+02
1.282730764017584590e+02
1.360462267970615073e+02
1.345675214850434998e+02
1.332061912174655447e+02
1.437243798466690805e+02
1.287235691516366956e+02
1.259486810219111845e+02
1.327916610183683019e+02
1.322651072118587479e+02
1.380131275033542977e+02
1.306128390528947421e+02
1.366360931555927039e+02
1.312788702951915809e+02
1.386695629502786744e+02
1.349551132891068050e+02
1.397807925116906347e+02
1.389707979265184861e+02
1.502195202874400479e+02
1.351916375983097112e+02
1.427359015289424917e+02
1.386319444056620398e+02
1.370023691012215181e+02
1.465388834102928683e+02
1.302131294851659788e+02
1.332699167336255925e+02
1.396217477005839953e+02
1.361770146536395032e+02
1.376334433806524089e+02
1.376094895547257693e+02
1.289347300099500160e+02
1.353548235130191415e+02
1.382078858467955627e+02
1.361944488439668817e+02
1.488535393924058496e+02
1.373216943842742523e+02
1.321424448843592074e+02
1.365500097320325494e+02
1.368867773019272818e+02
1.395684451472515377e+02
1.350848566747720270e+02
1.480444179834402973e+02
1.550792454624315724e+02
1.451493959380003957e+02
1.411562292466578015e+02
1.487643807482761531e+02
1.464594177312450256e+02
1.502195202874400479e+02
1.387980101507411348e+02
1.083027389938410181e+02
1.228773959585014808e+02
7.086064582367151843e+01
1.415354076188057206e+02
1.124927969062748474e+02
6.789602256533646596e+01
1.347871570836635442e+02
1.102114604140975445e+02
9.655774103177688517e+01
1.176707344162041693e+02
1.187451352222070682e+02
1.258426033710289147e+02
1.175037743632376390e+02
1.223813427715321751e+02
1.238598790986310831e+02
1.320323241778391719e+02
