7.958914940403369087e+01
7.701660450574819095e+01
1.259917875297187493e+02
7.975877377841358395e+01
8.601115473353553398e+01
9.722894020700948658e+01
1.128567346969046810e+02
8.152091731683532316e+01
1.071571314517083096e+02
9.556514094998397013e+01
9.536627772878941300e+01
8.110678987429409403e+01
7.915587119890545864e+01
7.821973904722509019e+01
1.010150380991472332e+02
1.001320293336441694e+02
9.029769868404358135e+01
9.297239470759504343e+01
9.690419493971576514e+01
7.798607448497305938e+01
7.798607448497305938e+01
1.021290717710330114e+02
1.056000718492640971e+02
8.601850616117835102e+01
1.171815642749711373e+02
9.671026114629546555e+01
1.022576550043218901e+02
1.094967497087791628e+02
9.291794046186657852e+01
9.308470516774893611e+01
1.101034790575676681e+02
9.541520136733420543e+01
9.549598304915011227e+01
9.802513383136177083e+01
1.061436179640891453e+02
1.267661037234996826e+02
1.164661090417990579e+02
1.035922740219107823e+02
1.091946789554995547e+02
1.096668505058773775e+02
1.075059870344461075e+02
1.060201369847426207e+02
1.072630881275293575e+02
1.074170726703178644e+02
9.621188297754383711e+01
1.083782980003973222e+02
9.490646857470706266e+01
1.094267005294084072e+02
1.077568709985757778e+02
8.230335470210872018e+01
1.173820406694777034e+02
1.267661037234996826e+02
1.191207333321978865e+02
1.099637854958898515e+02
8.548467388268559830e+01
1.016760223440643500e+02
8.955775252886191140e+01
1.144291629807055131e+02
9.851627419880556147e+01
1.062166470116153789e+02
9.531358883817665628e+01
8.160063087500184054e+01
9.185616135884484379e+01
9.291794046186657852e+01
1.093314110703222042e+02
8.601850616117835102e+01
8.625216952751499377e+01
8.280774732709951991e+01
1.071571314517083096e+02
8.246735725582075816e+01
1.207735250590431235e+02
9.947368454965105400e+01
1.062166470116153789e+02
1.014295175610308632e+02
1.018235292142478272e+02
1.081880517075365162e+02
1.163246566056046305e+02
1.074907509401355981e+02
9.489901336253409170e+01
1.049637536846591814e+02
1.099637854958898515e+02
1.095752316534327377e+02
1.009369908925026209e+02
9.959202211322451603e+01
9.687697729754989950e+01
1.029237109520539946e+02
8.613796046265409245e+01
1.174043009078562250e+02
1.108545935540488614e+02
9.097733513494529234e+01
9.387860412332024396e+01
9.838249073677296508e+01
1.067527395114144753e+02
9.702190161271002466e+01
1.098136402258537032e+02
1.093251795797838923e+02
1.075017079106100937e+02
1.223326724148578251e+02
1.131840757723921485e+02
1.030341832399748228e+02
1.317481403337929464e+02
1.085277343276243727e+02
1.120429856890876152e+02
1.056058051837884193e+02
1.091050891355063328e+02
1.090404274800250590e+02
1.025233749891017681e+02
1.025233749891017681e+02
1.068297921811832225e+02
1.074638896953643581e+02
1.161520721537787750e+02
1.075929376153830503e+02
1.031303430471480453e+02
1.151293343955847490e+02
8.331375152750555912e+01
8.331375152750555912e+01
1.113861479921960012e+02
1.244954136846816084e+02
1.240096091729664494e+02
1.127702729598895246e+02
1.194619140862573090e+02
1.248106059654724191e+02
1.247360879982995385e+02
1.075214717965038318e+02
1.077605124219694943e+02
1.064763236291693858e+02
1.013232799882797366e+02
1.163246566056046305e+02
1.213872918455789431e+02
1.178244780892278811e+02
1.253351697714525130e+02
1.094979104806885744e+02
1.118544505635470472e+02
1.128824719944248045e+02
1.029672082390539458e+02
1.134922962552188750e+02
9.536627772878941300e+01
1.104552085559558066e+02
1.267862461359475503e+02
1.171815642749711373e+02
9.915241672763059455e+01
1.207843353925530181e+02
1.058135041041569480e+02
1.250499872883342078e+02
1.110388822507514419e+02
1.150026704252582590e+02
1.107729355077022291e+02
9.915927475001963387e+01
1.169858411529731939e+02
1.113243746653768227e+02
1.156613731400725982e+02
1.156613731400725982e+02
1.164629600964472758e+02
1.073787847876195229e+02
1.092164633164042584e+02
1.089860321820865039e+02
1.254838743192153601e+02
8.932971164901124439e+01
1.185790276023600143e+02
1.035832754425505300e+02
1.385539489620209110e+02
1.100135457064163944e+02
1.191204838806370958e+02
1.175334220752571355e+02
9.147306872543016709e+01
1.196601837423456516e+02
1.086474816571827660e+02
1.202119653272750526e+02
1.202119653272750526e+02
1.163246566056046305e+02
1.314031472126369522e+02
1.107048548346246264e+02
1.106412009884707714e+02
1.062166470116153789e+02
1.251480285481975443e+02
1.141531997350889043e+02
1.206895417303260700e+02
1.156613731400725982e+02
1.110449708565302416e+02
1.145731936886015632e+02
1.110641831244656146e+02
1.117678547716141679e+02
9.640951979439421393e+01
1.193132193040858908e+02
1.187936261933998452e+02
1.101576220972516893e+02
1.147338304736055505e+02
1.125011177148943773e+02
1.127019144475589769e+02
1.001987943322589985e+02
1.144158918306858368e+02
1.363914905102235195e+02
1.154788718756508814e+02
1.206584858585316482e+02
1.210776212166539523e+02
1.102126698405944154e+02
1.273444401444235581e+02
1.137229445512986103e+02
1.280522195688101590e+02
1.160786284939907915e+02
1.243858241786537491e+02
1.243858241786537491e+02
1.043278763998158354e+02
1.154202283990383364e+02
1.196636876681324537e+02
1.186956766757806747e+02
1.195147409902724007e+02
1.207334686574897518e+02
1.082015471874982211e+02
1.248928675087497453e+02
1.187675256546442029e+02
1.202600073936922200e+02
1.225121614392483593e+02
1.216424425221728995e+02
1.089839326003585143e+02
1.114733938819908445e+02
1.107841331187545677e+02
1.152670357076566887e+02
1.413199802463498429e+02
1.083782980003973222e+02
1.187936261933998452e+02
1.209977330745622908e+02
1.209977330745622908e+02
1.202119653272750526e+02
1.378709297211320575e+02
1.407135817565870184e+02
1.218111032614977347e+02
1.172197142661012066e+02
9.621188297754383711e+01
1.208070804153562534e+02
1.217185443056447554e+02
1.140586266928003312e+02
1.193456423549170893e+02
1.196636876681324537e+02
1.162469854222965608e+02
1.152524419309994101e+02
1.167097765783629768e+02
1.145731936886015632e+02
1.242918460034088355e+02
1.227512469395598487e+02
1.236573967811062715e+02
1.307580441324035974e+02
1.102457106945411596e+02
1.093675911216448071e+02
9.610537879542189899e+01
1.268425203636305554e+02
1.182542379063696671e+02
1.169491271872554279e+02
1.113306644845625470e+02
1.154485378550661778e+02
1.202119653272750526e+02
1.212125343427778432e+02
1.203057036271195841e+02
1.129740731463420502e+02
1.214057618770354878e+02
9.865937467931946969e+01
1.251426316903908429e+02
1.200854149707938205e+02
1.261995422992863212e+02
1.203687294013451776e+02
1.200568748948791722e+02
1.173820406694777034e+02
1.407135817565870184e+02
1.290816384238629269e+02
1.325013898666949785e+02
1.244640135312082094e+02
1.248860041173421536e+02
1.220690320625894145e+02
1.308669328684576953e+02
1.325553029881796760e+02
1.325553029881796760e+02
1.224895834776346675e+02
1.363371517867270768e+02
1.343501245818264920e+02
1.315704036761849238e+02
1.396970713887309046e+02
1.426801986599346037e+02
1.376992323242980945e+02
1.352177106519813492e+02
1.142569048227260140e+02
1.242540199400762759e+02
1.368991773335083622e+02
1.267733033962016265e+02
1.231905149864577851e+02
1.260613712350678384e+02
1.127465774747060294e+02
1.398386474591306694e+02
1.213872918455789431e+02
1.294302527494775177e+02
1.341641696391978655e+02
1.338959771509349537e+02
1.248106059654724191e+02
1.063577573959972966e+02
1.391411528050126947e+02
1.343203831358526941e+02
1.282317942158513802e+02
1.332575067779558253e+02
1.274343206604742420e+02
1.321314735277218233e+02
1.236432765540095744e+02
1.281880546415773381e+02
1.275844389571485209e+02
1.156696592904908698e+02
1.540321925950775039e+02
1.402145020579097263e+02
1.203829575980049782e+02
1.313845775540744967e+02
1.346783034509270180e+02
1.330713097190219401e+02
1.424151649484699078e+02
1.379040780989792836e+02
1.290862941840097733e+02
1.509977392419774844e+02
1.171815642749711373e+02
1.365663486330217893e+02
1.267661037234996826e+02
1.276338654170950377e+02
1.366550861157555232e+02
1.361116881877791798e+02
1.412054653385215488e+02
1.192973401701389946e+02
1.383054756701457393e+02
1.393204464931059192e+02
1.207735250590431235e+02
1.213929519368108174e+02
1.463863984166201817e+02
1.254646630460572396e+02
1.332007851214602567e+02
1.405087434584188486e+02
1.397571624669750747e+02
1.509246953959268751e+02
1.403943366124310046e+02
1.211696698296496066e+02
1.420171244771100874e+02
1.377072687481964408e+02
1.254838743192153601e+02
1.318907900803232565e+02
1.416966476041067153e+02
1.499852235676479495e+02
1.280522195688101590e+02
1.378621019965729602e+02
1.307820287515982045e+02
1.392423872791923714e+02
1.224989146551636310e+02
1.366124839895444154e+02
1.317054427965093737e+02
1.270421907138405118e+02
1.509387349238336924e+02
1.404821432991300867e+02
1.385132861874924117e+02
1.374738098770950216e+02
1.371396923829383923e+02
1.335968770417942153e+02
1.310487273783940338e+02
1.213624345155135700e+02
1.168073317562906510e+02
1.621013680145485694e+02
1.413199802463498429e+02
1.362281582062863663e+02
1.359707579142342695e+02
1.469969794115730224e+02
1.469969794115730224e+02
1.215372291450836997e+02
1.347657783973092194e+02
1.377154736860499327e+02
1.424332377846409941e+02
1.327815220795594939e+02
1.413199802463498429e+02
1.470684273816786174e+02
1.580051312870579636e+02
1.438181863877521778e+02
1.586772276928510053e+02
1.253351697714525130e+02
1.450233088087776707e+02
1.290862941840097733e+02
1.621013680145485694e+02
1.415010419473929346e+02
1.610138365181009590e+02
1.378998721796392033e+02
1.450541480975083459e+02
1.494051687679160523e+02
1.414345819480785735e+02
1.270770992734933316e+02
1.253351697714525130e+02
1.233834703259171306e+02
1.631786592181957189e+02
1.541769301051320440e+02
1.446555458821568436e+02
1.533478814052270991e+02
1.267862461359475503e+02
1.367596435801810912e+02
1.253351697714525130e+02
1.554853474603233394e+02
1.395064946374450017e+02
1.614327433263029832e+02
1.385539489620209110e+02
1.267820922172057152e+02
1.267661037234996826e+02
8.120432738320971566e+01
8.091537108150986057e+01
1.302964137563725728e+02
9.765865239396705988e+01
9.154561066868689068e+01
6.714930180780221747e+01
1.145565248472400839e+02
5.958872836052825761e+01
8.092325773581134740e+01
8.447116526928749636e+01
1.421532899442289022e+02
9.216081683106692424e+01
8.720940605498903153e+01
1.020049693088408276e+02
9.270341806671517304e+01
9.055073540932116316e+01
5.231810149118773268e+01
8.720929073574475865e+01
4.727102752429381383e+01
1.166024999281244021e+02
1.274907199882426312e+02
1.302964137563725728e+02
9.327235332748746544e+01
8.878882725213313165e+01
7.069528101991323865e+01
1.616070265285836172e+02
6.714930180780221747e+01
9.227258525370919529e+01
7.044681030661848808e+01
8.162815179752337258e+01
8.160063087500184054e+01
8.932971164901124439e+01
8.164600382947264734e+01
9.428754610881347276e+01
8.599634260883662762e+01
8.603000597517326753e+01
6.810871597734039540e+01
4.756870697092028877e+01
8.092325773581134740e+01
5.320103254539830573e+01
1.250157291723759982e+02
1.331120360885959144e+02
8.372672841044018810e+01
1.098915605685310766e+02
1.133799625632368304e+02
1.016472662474517108e+02
9.286588426451555733e+01
1.016200818989115930e+02
1.020682437215970992e+02
1.131533092254756241e+02
1.153176254293389746e+02
1.415130262010314652e+02
8.601850616117835102e+01
7.975877377841358395e+01
1.163246566056046305e+02
8.230335470210872018e+01
8.135263248088980959e+01
8.057086326732684256e+01
9.999909540889569826e+01
9.625492446450159889e+01
1.077795097165482190e+02
1.014676251735486687e+02
1.182930091233282894e+02
1.062004442640258759e+02
1.163246566056046305e+02
1.038819929414693348e+02
9.640951979439421393e+01
9.640951979439421393e+01
8.720929073574475865e+01
9.915241672763059455e+01
8.153454933940525962e+01
8.244380046441597187e+01
9.541761310623007830e+01
1.169410835008563510e+02
8.299659951022344728e+01
1.153176254293389746e+02
9.635796826549105276e+01
8.180709112681984152e+01
9.642507608280723730e+01
1.089052540703028029e+02
1.128799992228901630e+02
1.156613731400725982e+02
1.330713097190219401e+02
1.104312896130940658e+02
1.182164235573455784e+02
1.239126719455628347e+02
1.338228796764583137e+02
1.326997770817429796e+02
1.437151724546458524e+02
1.621013680145485694e+02
1.462990633015202491e+02
1.117383000880281685e+02
1.147803686312169873e+02
1.113306644845625470e+02
1.133799625632368304e+02
1.297899513453432121e+02
1.601048155689486236e+02
1.087068183524988854e+02
1.140698177024190727e+02
1.170907736339118230e+02
1.161548225161589585e+02
1.039089203803082597e+02
1.123057742747920713e+02
1.164162969535135943e+02
1.117153116017087768e+02
1.145533641525592259e+02
9.554279209803618755e+01
1.201432865188245245e+02
1.138805679589896442e+02
1.113246400182449207e+02
1.163830373151569262e+02
1.155164043161922223e+02
1.158258372056129701e+02
1.113497222273024931e+02
1.278079963932346317e+02
1.189562210661095918e+02
1.227293904728458784e+02
1.195010387003720922e+02
1.192766094716266991e+02
1.174069272048402865e+02
1.256932964455171344e+02
1.114626937302349461e+02
1.165051946654247388e+02
1.210481773663437366e+02
1.203697446298822058e+02
1.122865915631111875e+02
1.222065902440500196e+02
1.292381019526800685e+02
1.275879248979560714e+02
1.190417404908461236e+02
1.210031617039508518e+02
1.167522044411477538e+02
1.176344154133843602e+02
1.219585331634757779e+02
1.354017637052978387e+02
1.190214901260226554e+02
1.247358775736576746e+02
1.251309763518199958e+02
1.167972190829131307e+02
1.274700013697360532e+02
1.214027051240269941e+02
1.208839622481950613e+02
1.241481598695073671e+02
1.215074567493913804e+02
1.213666453291048981e+02
1.213824595279395169e+02
1.213824595279395169e+02
1.423372831943053143e+02
1.285975246776060317e+02
1.187707377673656168e+02
1.222606516804106747e+02
1.185172595970160501e+02
1.195870561938828871e+02
1.225881666588193610e+02
1.294197964247198058e+02
1.249462773201710775e+02
1.284611222187528199e+02
1.229117192314740663e+02
1.277982040321756045e+02
1.246478111562767310e+02
1.214108088578040849e+02
1.241783503752549507e+02
1.207198658007259979e+02
1.274944874529017227e+02
1.247348642626326836e+02
1.266501135409299224e+02
1.291530498664394031e+02
1.245523697461129728e+02
1.285447042904798991e+02
1.346897865465280972e+02
1.328778108878087494e+02
1.326567827002635056e+02
1.387406716653591445e+02
1.339577947853561284e+02
1.329873253685807981e+02
1.320632006495046085e+02
1.357208289032867299e+02
1.281411428658616387e+02
1.318947490736980512e+02
1.279530610334225145e+02
1.304038917093802468e+02
1.323500604951515243e+02
1.385053851008460128e+02
1.298717951168792410e+02
1.406772748831631361e+02
1.423937998100860511e+02
1.394617064447538723e+02
1.368731417747676460e+02
1.370015513726746121e+02
1.432329410093187789e+02
1.277132478600621113e+02
1.365587536071484180e+02
1.369782575574287193e+02
1.396265169952462202e+02
1.437474211560842718e+02
1.424785806963528216e+02
1.390502367202109326e+02
1.366817381751878315e+02
1.343299883062961442e+02
1.498558098032056591e+02
1.384368297867019635e+02
1.317922186537061009e+02
1.290204385503502920e+02
1.397162480884733498e+02
1.395149286917113614e+02
1.421844986746881716e+02
1.371524031868412692e+02
1.418298746677801319e+02
1.518415255908684003e+02
1.455771485617694623e+02
1.426690363226666989e+02
1.451328320144185682e+02
1.453575944973082983e+02
1.525805851706784040e+02
1.455291443431227663e+02
1.084814574549587718e+02
1.212909842338985555e+02
6.960502894943624597e+01
1.409155548145478747e+02
1.235363559600523615e+02
1.395476825311785092e+02
1.074576220160267752e+02
1.004327072358349255e+02
1.226536663212519471e+02
1.128689856784298371e+02
1.213191640148227179e+02
1.148838453907394666e+02
1.192430728273001961e+02
1.279526792180100472e+02
1.291073453675275289e+02
