7.222611759927517028e+01
7.202864112043576483e+01
1.299034639651783891e+02
1.184820285256788708e+02
7.628023972522387908e+01
1.126166153764854556e+02
9.250479773971983377e+01
9.210138805998134615e+01
7.976681660001804630e+01
7.196240935312702902e+01
7.210666703290584678e+01
9.597730346823824732e+01
1.039840360014414671e+02
9.718947125555349942e+01
9.587739686870270361e+01
8.844175078373191923e+01
1.011484474948507568e+02
1.090119391378112255e+02
9.276221829024289889e+01
1.204712333254292815e+02
1.006818276480314864e+02
1.083329477265175029e+02
1.139012112489339614e+02
9.484315417446693175e+01
9.365642158687907681e+01
1.055983827026600181e+02
9.294741183642321403e+01
9.714319390108516927e+01
1.098085903674558494e+02
1.279457935591642013e+02
1.165596210714203664e+02
9.787880626762820668e+01
9.588011595544719512e+01
1.099399528343342070e+02
1.096641049114986686e+02
1.089281804010566361e+02
1.001221828271784489e+02
1.043624273282645731e+02
9.417496942505852076e+01
1.042204887917037581e+02
9.676281458878565900e+01
1.075512556605198284e+02
1.030071754429703930e+02
8.442169443356657155e+01
1.241011635750043069e+02
1.279457935591642013e+02
8.508663027501305010e+01
1.209928116132731333e+02
1.105558027223262201e+02
8.534841293755881964e+01
9.419830180370593098e+01
8.767864251539235454e+01
1.118108118369232074e+02
9.044829578572219475e+01
1.063072073605370633e+02
9.612783558758323466e+01
9.658184453586069651e+01
9.479209167446691708e+01
1.015850301021737323e+02
9.276221829024289889e+01
9.593656485333946193e+01
1.126166153764854556e+02
8.398557630905617089e+01
1.211003964260118693e+02
9.419830180370593098e+01
1.063072073605370633e+02
1.046046285539018612e+02
9.688211927122638656e+01
1.173027896147620766e+02
1.065076118656687925e+02
9.332000352235628782e+01
1.032579781783030484e+02
1.105558027223262201e+02
1.077291695635028503e+02
9.440967768458176579e+01
1.028900814352133466e+02
9.600356549256571270e+01
1.066484269108322991e+02
9.272121209064439995e+01
1.058420535970761591e+02
1.016425529798616907e+02
9.110444503121070170e+01
8.646718693890798590e+01
9.903872979880043204e+01
1.076910708595724770e+02
9.602330607155481346e+01
1.048090273733170932e+02
1.081113921864731395e+02
1.044467997889610587e+02
1.244314572698645236e+02
9.250479773971983377e+01
1.125957365865284885e+02
1.097993595298580800e+02
1.301152283435504273e+02
1.061670839960837753e+02
1.103681615415477069e+02
1.159664468973103482e+02
1.066871822389837803e+02
1.020579486683020605e+02
1.062415338160566591e+02
1.075268379535056056e+02
9.743153119356942682e+01
9.743153119356942682e+01
9.998152589651540723e+01
1.072326597321249437e+02
1.037507428167509715e+02
1.175770673605665309e+02
1.163183388704259471e+02
1.026619773169564098e+02
1.075055719023008436e+02
8.731332064630079515e+01
8.731332064630079515e+01
1.141389293819294295e+02
1.240811485911251424e+02
1.110287504939136198e+02
1.082648522005755325e+02
1.272998067440204863e+02
1.273012970442677556e+02
1.025194642781709433e+02
1.033726688629044190e+02
1.045689170750905248e+02
1.103344743874634872e+02
1.196842263873374321e+02
1.303395162534582425e+02
1.102495886704729315e+02
1.102295391718935349e+02
1.174879318247326268e+02
9.919028539205586981e+01
1.142508166847116513e+02
9.210138805998134615e+01
1.070219999026307249e+02
1.326724620706482369e+02
1.180260411138488195e+02
1.204712333254292815e+02
1.011117394583104527e+02
1.157172886313953626e+02
1.054333188352134982e+02
1.118673853695985088e+02
1.221026114671514620e+02
1.079260860363551302e+02
1.060324724240309564e+02
1.047874111430027853e+02
1.180350793498076314e+02
9.942779542988944286e+01
1.223449289374600255e+02
1.090791167825262562e+02
1.124883843808651989e+02
1.233975329741063405e+02
1.233975329741063405e+02
1.214111076598887138e+02
1.264418054139464260e+02
1.136949360572129990e+02
1.014571584804985065e+02
1.183955698978711837e+02
1.257284299830386942e+02
9.343175020646681617e+01
1.187234414987300966e+02
1.029756372364826831e+02
1.213783813705081798e+02
1.217495852743353311e+02
1.191106615442119505e+02
1.003240589533249931e+02
1.258677837791730241e+02
1.255723352273732161e+02
1.255723352273732161e+02
1.211722921098253636e+02
1.280721975582899006e+02
1.095570945365519577e+02
1.114531933251603419e+02
1.063072073605370633e+02
1.261208879070100011e+02
1.222263400971570917e+02
1.138934151049797379e+02
1.233975329741063405e+02
9.760729201197635518e+01
1.181904936946264399e+02
1.117755566729722432e+02
1.125843589096442514e+02
9.625995723118191449e+01
1.178715236696407089e+02
1.215761577120291577e+02
1.097369168687171026e+02
1.127747683469538060e+02
1.099451403869548898e+02
1.142033886988948552e+02
1.058380126794872069e+02
1.197436388798125932e+02
1.353307425984401675e+02
1.264664432675033652e+02
1.109244115243442934e+02
1.204635363234087748e+02
1.253031307665197431e+02
1.150214109762975738e+02
1.024820970468928323e+02
1.238591413824408960e+02
1.117932502978621017e+02
1.294674328735569020e+02
1.119808387411938924e+02
1.273793303939131079e+02
1.273793303939131079e+02
1.017415102005589915e+02
1.237704948561225962e+02
1.214110618590071766e+02
1.200244601491428398e+02
1.228919743715537010e+02
1.048790183551436570e+02
1.222071253575394394e+02
1.225030489542099303e+02
1.297176039786189392e+02
1.166389265528267174e+02
1.162349695930080742e+02
1.115858204648491210e+02
1.231226944899041484e+02
1.491790698974073166e+02
1.220428751525786737e+02
1.219316373150394668e+02
1.084783823317586098e+02
1.386122923874468995e+02
1.042204887917037581e+02
1.215761577120291577e+02
1.214221022470465954e+02
1.255723352273732161e+02
1.415898657113531272e+02
1.236675547965971305e+02
9.417496942505852076e+01
1.149133828151676227e+02
1.237546940699387648e+02
1.040454652285428097e+02
1.139232901837877137e+02
1.172632852530859537e+02
1.214110618590071766e+02
1.171427038722498679e+02
1.192536584528119477e+02
1.092425866461457673e+02
1.181904936946264399e+02
1.196130224079501971e+02
1.250110550429187839e+02
1.170467666720414286e+02
1.316078406254987101e+02
1.158195748038513671e+02
1.108221750543548580e+02
9.643408561060647344e+01
1.244392274708162063e+02
1.195582343666991960e+02
1.191237194371842634e+02
1.034524562948658399e+02
1.270750432700025385e+02
1.159749371824468653e+02
1.255723352273732161e+02
1.237633521681291029e+02
1.222559648164134956e+02
1.215046540721588570e+02
1.212223778477417682e+02
1.189488113748513740e+02
1.011000925581443255e+02
1.271620544484178481e+02
1.271620544484178481e+02
1.242033013144752118e+02
1.293857864123002059e+02
1.229632628270731090e+02
1.218316727007319571e+02
1.380733638160183148e+02
1.277148036636572499e+02
1.295573777051308184e+02
1.202107081728944422e+02
1.224096958948088911e+02
1.313754649559661516e+02
1.322717581559988957e+02
1.241269923808034861e+02
1.306560192756793128e+02
1.311588520463119494e+02
1.311588520463119494e+02
1.292165590422767707e+02
1.293437390398740376e+02
1.370177800836806625e+02
1.326139171083244150e+02
1.278061618954571088e+02
1.369639122242109863e+02
1.400901976795630901e+02
1.327785814148433019e+02
1.317833331596202413e+02
1.087332321598216680e+02
1.310182369892682175e+02
1.365168518340345827e+02
1.394287983984484640e+02
1.233086099383523333e+02
1.288507409296876460e+02
1.191430200668373658e+02
1.370997378845748358e+02
1.286352555278906493e+02
1.351763835260260862e+02
1.343008725908827898e+02
1.272998067440204863e+02
1.185233786030945282e+02
1.089227805817904056e+02
1.348235936035891882e+02
1.332237940851248084e+02
1.275536681884681229e+02
1.357707360006739350e+02
1.338785557025723847e+02
1.253927689798228471e+02
1.294671232853413301e+02
1.135401489595345907e+02
1.507891419553765218e+02
1.386895516022621280e+02
1.313754649559661516e+02
1.272237529929044797e+02
1.347987601241825359e+02
1.308721459074656934e+02
1.371551945856877808e+02
1.364880049679367460e+02
1.390072075467538184e+02
1.295408580934982297e+02
1.485466979900820661e+02
1.204712333254292815e+02
1.383612674043085349e+02
1.279497531358491358e+02
1.500558903557616759e+02
1.191713653697318307e+02
1.300232039876387944e+02
1.415169970705646563e+02
1.353564608077575144e+02
1.349645674849794545e+02
1.205094621243685111e+02
1.345566256844145130e+02
1.045352548198830362e+02
1.380401649898643939e+02
1.211003964260118693e+02
1.245808975102686844e+02
1.420361005741576719e+02
1.281269094412194818e+02
1.287814879347948249e+02
1.367248060866753576e+02
1.441415509834183979e+02
1.351036395406291035e+02
1.414330095627433366e+02
1.342032235576981236e+02
1.257284299830386942e+02
1.362444835961881608e+02
1.423855596582118039e+02
1.423451841685500199e+02
1.294674328735569020e+02
1.248257696103817977e+02
1.265325737458246493e+02
1.339214151580094097e+02
1.312317902524037549e+02
1.244459254797662169e+02
1.352581762294080079e+02
1.352607764446224792e+02
1.300523829599080159e+02
1.475590228539005295e+02
1.401869192723148956e+02
1.292605267719407323e+02
1.416302742632113052e+02
1.383351806577202012e+02
1.441269588171356020e+02
1.270388054176778070e+02
1.187540522402012471e+02
1.248136356105332396e+02
1.532753394343681350e+02
1.386122923874468995e+02
1.372417824165122227e+02
1.342023688842313334e+02
1.325126054278040897e+02
1.248662273474721900e+02
1.317107049785977324e+02
1.418532886030965585e+02
1.308638982867423977e+02
1.386122923874468995e+02
1.470074293631209912e+02
1.303395162534582425e+02
1.403055854904735611e+02
1.501685647252508033e+02
1.341867291823964194e+02
1.303395162534582425e+02
1.303395162534582425e+02
1.417186274418624237e+02
1.295408580934982297e+02
1.532753394343681350e+02
1.389480957794814060e+02
1.551192675385296411e+02
1.420336424235748609e+02
1.437977772443115327e+02
1.451643556722983419e+02
1.481230130045320266e+02
1.258247827419146176e+02
1.303395162534582425e+02
1.321843257888379242e+02
1.330496361472907552e+02
1.585073179878543215e+02
1.500558903557616759e+02
1.422852559960392966e+02
1.491918526801889300e+02
1.326724620706482369e+02
1.200897659425266681e+02
1.303395162534582425e+02
1.580213178360400548e+02
1.491790698974073166e+02
1.665851243723870709e+02
1.244554853180869003e+02
1.279457935591642013e+02
8.754336902367099071e+01
7.201464929050845853e+01
1.284557016814010240e+02
9.813124453776853784e+01
1.163181399492358139e+02
6.197797707412761525e+01
8.634997014093747225e+01
9.820167132734640347e+01
1.360697994699491460e+02
9.772929632407938527e+01
8.068564421844578760e+01
1.077187205425076684e+02
9.470211239216442323e+01
9.978907028532756840e+01
5.244202396720974235e+01
6.028740211511208713e+01
1.230637241086923126e+02
1.067687942491696731e+02
1.198459982938096573e+02
1.284557016814010240e+02
5.695118213118786343e+01
9.297216632768602551e+01
9.466242115759226294e+01
8.011184741138961840e+01
9.557911489276447981e+01
9.465729456340848458e+01
7.278372923072242884e+01
8.767864251539235454e+01
9.343175020646681617e+01
8.640710532707046809e+01
9.729535828640737805e+01
9.036059271722444919e+01
9.046059271722444350e+01
7.584411490012041668e+01
9.952742812021712382e+01
5.057796182360458204e+01
8.634997014093747225e+01
5.914509618931283086e+01
1.391136918322907547e+02
8.619695481633462464e+01
1.157290285732629513e+02
1.109929266753663200e+02
9.490270961349898471e+01
1.054534687398331840e+02
9.791820228674147586e+01
1.165667486619369697e+02
1.229632628270731090e+02
1.211721530949114083e+02
1.384125126225674194e+02
9.867079825500410095e+01
1.204712333254292815e+02
9.276221829024289889e+01
8.842551797820021875e+01
1.211722921098253636e+02
8.442169443356657155e+01
8.566175417805983727e+01
8.537316680372296673e+01
1.043437196345595623e+02
1.006678575824071089e+02
1.042576863193247334e+02
9.643668467284953749e+01
1.077263976578385467e+02
1.211722921098253636e+02
9.625995723118191449e+01
9.625995723118191449e+01
1.011117394583104527e+02
8.001664492990073541e+01
8.625338333235836785e+01
8.531134256321502107e+01
1.223777405272802667e+02
1.211721530949114083e+02
9.115159655540735173e+01
8.683462607468233330e+01
1.013606314279016232e+02
1.148913068987666577e+02
1.140038991817320237e+02
1.278696028994606309e+02
1.233975329741063405e+02
1.308721459074656934e+02
1.099958219701463520e+02
1.216104691587945297e+02
1.335615459458974215e+02
1.319720265734472378e+02
1.395337337234873871e+02
1.532753394343681350e+02
1.011117394583104527e+02
1.069284504184982154e+02
1.440336684996814540e+02
1.115626038919120759e+02
1.169092100259839810e+02
1.109929266753663200e+02
1.293502170865602352e+02
1.233975329741063405e+02
1.561845542557041426e+02
1.138270675258108184e+02
1.146190441000040181e+02
1.184776934684645937e+02
1.133633824091777882e+02
1.036885904644867367e+02
1.035281491091128174e+02
1.056462477218681499e+02
1.102299821094076293e+02
1.226506694154600865e+02
1.123681155808723986e+02
9.860720619726416203e+01
1.224165982807815851e+02
1.125767968428700527e+02
1.053942477059190992e+02
1.115901952991276858e+02
1.121225437213862222e+02
1.134631080685527280e+02
1.124332096631592179e+02
1.064146630174753057e+02
1.243653832792738712e+02
1.240466197258426035e+02
1.134852270597614421e+02
1.164111715835444869e+02
1.167776153170457718e+02
1.198744069589019858e+02
1.135420461980433657e+02
1.081874605719184217e+02
1.162464606427860758e+02
1.255394606353587221e+02
1.099509342515958252e+02
1.253472742230747343e+02
1.218015694310210222e+02
1.238434807140976091e+02
1.302736940903087941e+02
1.271054716479586233e+02
1.278835639500876198e+02
1.192682625157966498e+02
1.168658268794417125e+02
1.169117706127221936e+02
1.169277194228906325e+02
1.300778147635614346e+02
1.101753864093414705e+02
1.272915352450988422e+02
1.254961295257167393e+02
1.165624834980691986e+02
1.294383152160808663e+02
1.223662318760213878e+02
1.208939183426922312e+02
1.269147866191764393e+02
1.243035832908732630e+02
1.243033669259207272e+02
1.302343734039230014e+02
1.235610437586488644e+02
1.210703633142448155e+02
1.207351219129945719e+02
1.220593213430170749e+02
1.388803168677946758e+02
1.275213868152677890e+02
1.251022981821158311e+02
1.191673417394782319e+02
1.171835365228509573e+02
1.267077766654769420e+02
1.272708316823144798e+02
1.324417217578474322e+02
1.238176704307628029e+02
1.268930675096183052e+02
1.187450706510997236e+02
1.177104295935165652e+02
1.276249258250433485e+02
1.235959081933651902e+02
1.220017581590994951e+02
1.221114706245244150e+02
1.294019709476042408e+02
1.268840697140145721e+02
1.234331687664452062e+02
1.263896322613699823e+02
1.263683542835610183e+02
1.265495003626951984e+02
1.333061689642439944e+02
1.309110379582115797e+02
1.278746653227204035e+02
1.342153031167183315e+02
1.304156414494048875e+02
1.308490581026427435e+02
1.176657843053995407e+02
1.354186311187365845e+02
1.281839664220613599e+02
1.335990932163919922e+02
1.298712524242637016e+02
1.303477250117450410e+02
1.344983973221027327e+02
1.312929213440141041e+02
1.365452452451415297e+02
1.329397259697013567e+02
1.382024196655949027e+02
1.497904993377794369e+02
1.295023433516283262e+02
1.325105327339759924e+02
1.333040314218844458e+02
1.335801515452357933e+02
1.402220434339586745e+02
1.304577687357836737e+02
1.310535337900858224e+02
1.384456821258721391e+02
1.417567155297055876e+02
1.353676208129273562e+02
1.273217192977217280e+02
1.326825971950564167e+02
1.333899226653106211e+02
1.357683738037835610e+02
1.483824977818639468e+02
1.369832684344029587e+02
1.341033475350562298e+02
1.292662615314339973e+02
1.368671761416739798e+02
1.398071144018083487e+02
1.324932509836368979e+02
1.344720525490056673e+02
1.478757316359006495e+02
1.427560275406856931e+02
1.398577890611437056e+02
1.497904993377794369e+02
1.169482218356322250e+02
1.210837475637841294e+02
6.379237921927799704e+01
1.354965521389146943e+02
1.273712162447921514e+02
1.067995661442901394e+02
7.646506366700216972e+01
1.398739203350060052e+02
1.219931078363868551e+02
1.252207484871289012e+02
1.188969278887732060e+02
1.214442020392178421e+02
1.330603666421315268e+02
