7.042937768568609158e+01
7.702393994269374389e+01
1.260826586640738327e+02
8.254008342059418624e+01
8.034081956331331753e+01
9.385937976743001343e+01
1.150082397462337696e+02
7.713105059718064638e+01
1.121419448292706846e+02
9.823025818743873572e+01
1.000552423037563869e+02
8.212557432049908357e+01
7.336521101901939801e+01
9.611589396129434704e+01
1.012636719847566980e+02
9.413648981001833249e+01
9.088003623953407839e+01
9.877560797545453397e+01
8.187552024733167855e+01
8.187552024733167855e+01
9.953143431868001301e+01
1.123712492776314207e+02
1.189118418220009801e+02
9.635039159559130439e+01
1.109402601131448307e+02
1.116183300636672726e+02
9.519999704595196022e+01
9.474178809072806473e+01
1.058051301697271498e+02
9.649401199522517913e+01
9.587610018593201744e+01
1.010102104605495157e+02
1.089619721404002775e+02
1.216056469973505898e+02
1.202213149631587044e+02
1.047140111992187030e+02
1.040539301021743199e+02
1.078069958812866247e+02
1.130015765862621606e+02
1.051038931228273725e+02
1.024541734187885993e+02
1.022138104059509800e+02
9.779974339394013327e+01
9.221187265402002708e+01
1.094092509008342660e+02
9.977493579613590668e+01
8.878767543761429692e+01
1.209016936539950535e+02
1.216056469973505898e+02
8.444597676031517608e+01
1.214666838317944979e+02
1.173714289728143001e+02
8.297664825572860536e+01
9.354017211361377804e+01
8.817608517400071833e+01
1.134726003664114273e+02
1.025625467627197622e+02
9.511224479285357347e+01
8.881927241515623450e+01
9.407844162621857720e+01
9.519999704595196022e+01
1.059939933862514323e+02
1.004766404148133887e+02
1.003544181925911687e+02
9.331191435290395475e+01
8.440404899975352748e+01
1.202658260557105052e+02
9.406420191056200508e+01
1.143598293262180476e+02
1.061458624094472611e+02
9.975109367969220386e+01
1.124667837773482120e+02
1.141193007036114579e+02
1.079483764573656543e+02
1.048382306889800191e+02
1.061440189265146046e+02
9.784873909524156943e+01
1.003206606224681110e+02
1.110473261238421969e+02
1.101348067041237755e+02
1.046676246509130124e+02
9.194936353088824887e+01
8.822853680316973168e+01
1.064785678621337865e+02
1.022727128654644417e+02
1.046988334131398801e+02
1.210736849739576684e+02
9.823025818743873572e+01
1.187139498035316763e+02
1.080441284523126910e+02
1.266488143524178298e+02
1.090132515085318943e+02
1.106436029798345118e+02
1.100314116002009115e+02
1.045090466051395168e+02
1.113532367664233078e+02
1.116582622137324137e+02
1.023448194386864571e+02
1.023448194386864571e+02
1.040527052046541741e+02
1.060621048205733956e+02
1.192489961823933555e+02
1.147796665373801659e+02
1.033604199939270671e+02
1.100807715388472161e+02
8.963145359152397873e+01
8.963145359152397873e+01
1.228651137934752029e+02
1.260655023914064827e+02
1.116730701338897660e+02
1.122063113354888770e+02
1.242169994517930434e+02
1.027328307360213131e+02
1.086001559673030670e+02
1.037297054582157614e+02
1.009761215440890822e+02
1.141193007036114579e+02
1.174212699193476794e+02
1.169659475032995033e+02
1.275064201155688295e+02
1.119542635333451273e+02
1.126515810901298664e+02
1.043510157731022190e+02
1.116341070749625430e+02
1.000552423037563869e+02
1.094261557538364542e+02
1.286778138301968397e+02
1.170093008352048116e+02
1.189118418220009801e+02
1.056242642428122167e+02
1.228766178994577274e+02
1.077181435477456688e+02
1.091119246665259652e+02
1.226936350006734671e+02
1.173135551255893461e+02
1.126081826375319963e+02
1.102616348990379436e+02
1.107372423596662543e+02
1.038563379957709003e+02
1.197116452884583708e+02
1.062415992698113172e+02
1.093670266608194623e+02
1.188887261956570995e+02
1.188887261956570995e+02
1.208703106797721034e+02
1.261743797869162051e+02
1.164789677947720747e+02
1.054508356869607582e+02
1.182250518258415894e+02
1.248931277298717362e+02
8.947850734277093920e+01
1.218539652260701303e+02
1.062049018609877464e+02
1.376366195517803703e+02
1.107918625997922106e+02
1.192671980370681410e+02
1.179379483461861184e+02
1.185027510974354641e+02
9.622458057902296957e+01
1.266620396532824486e+02
1.133883949096298096e+02
1.245462098224663805e+02
1.245462098224663805e+02
1.141193007036114579e+02
1.315569058707734484e+02
1.066565451994838583e+02
1.265171278266097374e+02
1.241301407168057267e+02
1.164108078668669890e+02
1.168105214799773677e+02
1.188887261956570995e+02
1.096893754957015545e+02
1.139332623523753938e+02
1.117011268665957573e+02
1.122078797831035217e+02
9.787466416493704457e+01
1.190965308153756013e+02
1.198972422893257885e+02
1.086307130975793598e+02
1.118585076627816051e+02
1.123548269727073148e+02
1.105177043417320988e+02
1.038247551919545089e+02
1.218804860185162084e+02
1.315205464689927908e+02
1.219620456304524794e+02
1.141307490275012384e+02
1.229919635636036475e+02
1.238416320620506497e+02
1.141079531550867898e+02
1.020742296449593880e+02
1.214639049681901639e+02
1.182266620991320565e+02
1.244321697497057073e+02
1.129176731350384557e+02
1.279542169275102026e+02
1.279542169275102026e+02
1.085481409503458394e+02
1.188660701619986213e+02
1.199663410754904618e+02
1.157739617251612430e+02
1.198906264635988492e+02
1.274444771739251223e+02
1.209006476492357649e+02
1.212822992236755226e+02
1.288639946568611947e+02
1.207439894668962097e+02
1.188261594443775095e+02
1.157343703392649132e+02
1.195580636934105598e+02
1.438670411101727780e+02
1.147704044426654093e+02
1.111119302926070702e+02
1.130770938525817115e+02
1.193798568475519488e+02
1.354428221589906229e+02
1.149402660561345755e+02
1.198972422893257885e+02
1.218317795138712540e+02
1.245462098224663805e+02
1.296623676004363119e+02
1.346071383983068586e+02
1.225038509654523722e+02
1.174948483733178648e+02
9.779974339394013327e+01
1.147028962209704730e+02
9.988146576241688024e+01
1.130924140496715182e+02
1.211397987416476951e+02
1.199663410754904618e+02
1.151507780112697645e+02
1.193400112183152544e+02
1.120329942732444124e+02
1.146704080193815400e+02
1.139332623523753938e+02
1.214152424866407358e+02
1.255319547716828907e+02
1.220712624440338345e+02
1.293318869395815227e+02
1.140754271672195301e+02
1.131410179138915453e+02
9.862577079204888264e+01
1.204644366502889596e+02
1.177994758181967967e+02
1.081622552516054441e+02
1.261428797373874460e+02
1.169554582530360420e+02
1.245462098224663805e+02
1.229143597124757719e+02
1.216785258417400541e+02
1.197845289868375716e+02
1.237950623565022568e+02
1.076779313708417334e+02
1.283208835941768768e+02
1.283208835941768768e+02
1.213432144571062139e+02
1.279183643186735679e+02
1.241645075666345406e+02
1.209016936539950535e+02
1.346071383983068586e+02
1.289768702109493574e+02
1.277107129195691329e+02
1.224919498898113659e+02
1.305689886216390789e+02
1.235758199696906843e+02
1.298811107217671861e+02
1.300647373384592242e+02
1.300647373384592242e+02
1.263243950463146348e+02
1.253454969145510631e+02
1.291709309819954683e+02
1.283443547422561437e+02
1.322995735067540579e+02
1.372644328768461435e+02
1.389879002269170485e+02
1.308065690993606154e+02
1.303455724297685663e+02
1.387092585733429928e+02
1.219861428724997836e+02
1.249015363223030590e+02
1.295675709150208945e+02
1.101980908685434173e+02
1.174212699193476794e+02
1.309694502150614426e+02
1.330969580169553126e+02
1.321394580169553024e+02
1.254188393534146115e+02
1.138643394430993823e+02
1.198783229590324879e+02
1.347407848691044592e+02
1.318662894848974929e+02
1.221933804800229808e+02
1.304765432514355155e+02
1.250029287900355257e+02
1.285866825435714986e+02
1.255406393291020066e+02
1.268873159698796087e+02
1.314953301363862295e+02
1.163146785734444677e+02
1.456530945384404845e+02
1.363399279164769382e+02
1.305689886216390789e+02
1.275930106969943978e+02
1.357428672790147743e+02
1.270866170021748189e+02
1.407615137714496427e+02
1.343725992994232001e+02
1.368295008623923366e+02
1.540211149212327655e+02
1.189118418220009801e+02
1.402073307226299335e+02
1.268214982706400775e+02
1.216056469973505898e+02
1.414701340102179472e+02
1.276724914738649090e+02
1.254726219889190020e+02
1.329019842145875714e+02
1.225646211123500393e+02
1.329076859854571069e+02
1.085087127093669608e+02
1.436745225049356520e+02
1.202658260557105052e+02
1.234917145345192893e+02
1.442750316322088509e+02
1.278075101292622548e+02
1.357569670077902231e+02
1.388063466721354189e+02
1.533828537420938005e+02
1.398457406449823850e+02
1.196831639160792236e+02
1.362883421351636173e+02
1.373274435252206729e+02
1.248931277298717362e+02
1.282949521816497054e+02
1.367799252902644866e+02
1.476478037826853438e+02
1.244321697497057073e+02
1.215436879511385655e+02
1.341514338986464736e+02
1.360910578939513869e+02
1.228518402826341287e+02
1.339827705380646705e+02
1.324032629100816507e+02
1.283877427206506923e+02
1.401495099120938335e+02
1.438076108889128477e+02
1.337581229472477844e+02
1.279745502505234924e+02
1.345843931887085034e+02
1.401306664363191885e+02
1.403468765098505173e+02
1.278970634186459705e+02
1.239374005383935611e+02
1.165997559574982319e+02
1.354428221589906229e+02
1.358620642051430139e+02
1.362258533939702829e+02
1.492172045240557168e+02
1.492172045240557168e+02
1.191726123097726884e+02
1.339052913027599345e+02
1.359216065498236219e+02
1.417744808881451775e+02
1.300464577579516003e+02
1.527059267091094625e+02
1.275064201155688295e+02
1.628355001123473755e+02
1.563866415330543873e+02
1.563866415330543873e+02
1.551073572327284182e+02
1.275064201155688295e+02
1.443919382837381136e+02
1.253311103627325167e+02
1.370222121129343407e+02
1.575246767562977652e+02
1.512384872020285513e+02
1.462478050352135597e+02
1.356399998713873458e+02
1.455964360977988008e+02
1.233576671203269370e+02
1.275064201155688295e+02
1.359241064479350882e+02
1.317275168924631714e+02
1.627183426136590469e+02
1.677394174192796186e+02
1.383585672406854314e+02
1.563711908797886849e+02
1.286778138301968397e+02
1.245772061110740765e+02
1.275064201155688295e+02
1.654153198358321504e+02
1.438670411101727780e+02
1.346683002988854128e+02
1.615628185327309154e+02
1.376366195517803703e+02
1.241689877207088557e+02
7.596978490938579398e+01
1.296382437055189030e+02
9.899054181397622187e+01
1.002422532478416599e+02
7.613399644448115566e+01
1.205896841475227461e+02
6.389581839167827582e+01
9.705303855590346984e+01
9.322903755797540271e+01
1.415809685509575786e+02
8.783860088172419012e+01
1.032577228098366646e+02
9.346648272234706667e+01
9.074397954995026794e+01
4.927808155002550450e+01
8.878823160168312256e+01
1.176563737439489898e+02
1.038667282729944645e+02
1.234694624525871660e+02
1.296382437055189030e+02
6.650240203411345874e+01
9.379064704376291672e+01
9.697452970857992227e+01
7.216479816342575759e+01
1.552744500794918565e+02
8.976811832114968581e+01
7.208843129371510372e+01
8.964328579006706832e+01
8.817608517400071833e+01
8.881927241515623450e+01
8.947850734277093920e+01
8.397237194783376424e+01
9.683378504231615125e+01
8.844085230942653197e+01
8.848457118716716252e+01
6.696682605871696126e+01
9.498529395411748055e+01
4.680761641293332787e+01
9.705303855590346984e+01
4.791579732326714236e+01
1.420796116374600615e+02
1.356129454545168755e+02
8.862861064087485374e+01
1.109388881818325387e+02
1.119488480690626204e+02
9.657280911781280963e+01
1.006568677313805011e+02
1.087043213228413094e+02
1.001043166463092859e+02
1.133232720145076371e+02
1.196337622374603029e+02
1.130871138228477832e+02
1.363875289534085766e+02
1.000219475022623499e+02
1.189118418220009801e+02
8.254008342059418624e+01
1.141193007036114579e+02
8.646264685441622078e+01
8.446626916304310839e+01
1.003785299656932750e+02
1.048178906493776452e+02
1.070511274250015390e+02
1.030676662695866526e+02
1.190562778630966818e+02
1.060615125033089328e+02
1.141193007036114579e+02
9.640008104497236729e+01
9.787466416493704457e+01
9.787466416493704457e+01
8.878823160168312256e+01
1.056242642428122167e+02
8.347887384838858793e+01
8.359694400978825968e+01
1.197813825990861147e+02
8.602881413592987769e+01
1.130871138228477832e+02
9.321417338786402240e+01
9.786778017066518487e+01
1.149989283099089050e+02
1.176406393286650740e+02
1.270521697897793274e+02
1.188887261956570995e+02
1.270866170021748189e+02
1.106413457994996605e+02
1.221223682819975380e+02
1.243955016340318167e+02
1.336741984976779918e+02
1.328771661269038304e+02
1.374023220483223895e+02
1.490120598969124330e+02
1.056242642428122167e+02
1.020474726545560600e+02
1.445773276209243079e+02
1.184701898230924115e+02
1.172918256509110790e+02
1.081622552516054441e+02
1.119488480690626204e+02
1.188887261956570995e+02
1.612961413436060525e+02
1.098188944852082614e+02
1.170377335631115585e+02
1.217186808694557101e+02
1.195357255487868713e+02
1.041910687214992492e+02
1.049308657109195337e+02
1.071517983528857201e+02
1.099083950876863298e+02
1.136503411681932789e+02
9.514684706651519264e+01
1.148333518572721061e+02
1.102827137849155577e+02
1.116771476562708045e+02
1.158127256197056880e+02
1.139223580923480625e+02
1.155395723754627824e+02
1.244313997388259736e+02
1.220653393474936195e+02
1.213386496122040228e+02
1.140237448141414660e+02
1.202017727749685605e+02
1.142259752538826660e+02
1.284144387885303900e+02
1.146650279015016736e+02
1.130796844266951240e+02
1.144421143746179439e+02
1.196835632148336401e+02
1.137076061930511628e+02
1.210670203417090676e+02
1.153636452313694178e+02
1.243972203240343930e+02
1.226415271707816288e+02
1.258571015686040795e+02
1.262437725019980803e+02
1.300030152809955837e+02
1.210394733928922335e+02
1.171904606794711441e+02
1.194716085026638268e+02
1.164445006370942792e+02
1.203359718313325430e+02
1.292825694547545368e+02
1.178244219256076235e+02
1.269057684789022318e+02
1.238156284990930374e+02
1.145215841817988576e+02
1.299018074457958960e+02
1.189976394655161585e+02
1.191386744984584567e+02
1.251160043840014140e+02
1.243823284235369755e+02
1.223996450717737901e+02
1.268173114451731749e+02
1.243129174386707376e+02
1.209703288114070432e+02
1.190035706757795424e+02
1.220020354635106088e+02
1.333908443047857588e+02
1.291745776917102546e+02
1.187826023803376074e+02
1.183446532255699850e+02
1.188259138541505280e+02
1.179831413110238429e+02
1.268250047486645258e+02
1.274821530672703886e+02
1.291967452420481948e+02
1.199101773956123083e+02
1.228766696099822298e+02
1.209929140280963509e+02
1.234859012051692844e+02
1.219732530426871335e+02
1.219130439106616564e+02
1.253422355873795908e+02
1.304184741124625475e+02
1.182952895920672631e+02
1.256305619927940569e+02
1.287660890369313904e+02
1.215899882213922041e+02
1.306804283062189711e+02
1.305608420477410618e+02
1.293898663019195681e+02
1.301820675882947569e+02
1.392072809772151345e+02
1.301389764894433654e+02
1.275286914327719785e+02
1.327009227875706188e+02
1.272563508269337973e+02
1.328638074344737277e+02
1.280101345480366888e+02
1.301478601917734466e+02
1.323590977154601660e+02
1.371374705319460645e+02
1.285788576636932419e+02
1.346512886300898799e+02
1.362544923129827055e+02
1.391652573260715258e+02
1.411749293449020115e+02
1.287456285013158777e+02
1.370297859429756500e+02
1.347614823246136666e+02
1.447130585214561904e+02
1.361394516960841372e+02
1.391621572088259313e+02
1.374991826187430490e+02
1.388975732344927110e+02
1.365979470748665392e+02
1.243648871098534414e+02
1.363649496379252071e+02
1.307218143362085243e+02
1.358350462735125461e+02
1.401555936805663407e+02
1.345918926860219074e+02
1.363407426108042273e+02
1.319458206462836074e+02
1.373066231085151117e+02
1.361565926162767539e+02
1.446468882758503014e+02
1.327490158770888229e+02
1.546321097285371309e+02
1.428434118840313261e+02
1.421646121978745612e+02
1.498072125706945883e+02
1.357891626160880492e+02
1.029671143327020673e+02
1.194070823171841766e+02
5.815347936148310026e+01
1.353220359874172232e+02
1.253632779938307209e+02
1.066664728466126064e+02
6.882847980787585129e+01
1.341510403618034672e+02
1.088593441722934330e+02
9.653879140478855447e+01
1.201031066736684778e+02
1.103174173858190841e+02
1.200559173811194000e+02
1.153910197136268465e+02
1.177982489585455426e+02
1.284460371610639697e+02
