7.825761230434494564e+01
7.430200499517822266e+01
8.233813904103902814e+01
8.233163588358443974e+01
9.532676646599747983e+01
1.080252921690610748e+02
8.009583564037023962e+01
1.043678779715278608e+02
9.270606424567209558e+01
9.323175963617583761e+01
8.399418466756506518e+01
7.882217981489347380e+01
7.698845910934474546e+01
9.479852530339931604e+01
1.062352821056570491e+02
9.306947063717359470e+01
9.307661082558762189e+01
1.064354651590088707e+02
7.974151841379344319e+01
9.446143372991960518e+01
8.813901433122703111e+01
1.172587227891790747e+02
9.634895989275183581e+01
1.070397334776856155e+02
1.115753454158034401e+02
9.144178848770833667e+01
9.032009521918871542e+01
9.357656561403426565e+01
9.626599475678068529e+01
9.578936437248965774e+01
1.068587340725611767e+02
1.347169066480860522e+02
1.093838849379529563e+02
1.091593264095298963e+02
1.160449533838019107e+02
1.095295754033957252e+02
1.057134805416378924e+02
9.807499097358515883e+01
1.011709619657033699e+02
1.040165396244280771e+02
9.494176250274411188e+01
1.020764169071904064e+02
9.254710200012570454e+01
1.103142564699551684e+02
1.074379088314063608e+02
8.265035674309163483e+01
1.190905314539253084e+02
8.141822228054948596e+01
1.220660071117310110e+02
1.113084235477233790e+02
8.498285197460397455e+01
9.669810061451593697e+01
8.598459689213721902e+01
1.165521760982301203e+02
9.445050800246865208e+01
1.107878779153541728e+02
9.457116976214790327e+01
8.345745212186719186e+01
8.868962750151057151e+01
9.144178848770833667e+01
1.078792303797266072e+02
8.813901433122703111e+01
8.826956988678259108e+01
8.748698847514415888e+01
1.043678779715278608e+02
8.387298765453328997e+01
1.233759608491257467e+02
9.697972644230620176e+01
1.149341445536145727e+02
1.078487393641894130e+02
9.039401428248621073e+01
1.042624306809155854e+02
1.113084235477233790e+02
1.019188287828384318e+02
9.697380985887096472e+01
9.416554967739259041e+01
8.717958396676226585e+01
1.142118738544287737e+02
1.045387258378005271e+02
8.971593211868523099e+01
9.064254422423542223e+01
1.017404743024897442e+02
1.125202985493187100e+02
9.664768793052007823e+01
1.037811395097417204e+02
1.083800864603496308e+02
1.082955117641049299e+02
1.279801333689807592e+02
9.270606424567209558e+01
1.130571177989244660e+02
1.076556639150983727e+02
1.284609218726371580e+02
1.119872449467367375e+02
1.132956613435827222e+02
1.134548520863563397e+02
1.084007122454621879e+02
1.052995975000316946e+02
1.107298274506949980e+02
1.051532631705248377e+02
1.013139037819071149e+02
1.013139037819071149e+02
1.010669864621216192e+02
1.107161343543736365e+02
1.106208035527154721e+02
1.183916341269440835e+02
1.168144643093974651e+02
1.017250364999725605e+02
1.096808055579409995e+02
8.439673701143011897e+01
8.439673701143011897e+01
1.129874182956432094e+02
1.230488924522186807e+02
1.240974622456468239e+02
1.100349550166711339e+02
1.295782360817332801e+02
1.257860036994952253e+02
1.045012563141727640e+02
1.063243782114464580e+02
1.016628092169131889e+02
1.080763916696646447e+02
1.149341445536145727e+02
1.270654417607097884e+02
1.192485967416342021e+02
1.105029246737604751e+02
1.114540272337843305e+02
1.169183670036191245e+02
1.064600877370439918e+02
1.124277383404323274e+02
9.323175963617583761e+01
1.324625868840124099e+02
1.206985044498605220e+02
1.172587227891790747e+02
1.033630770538025558e+02
1.216476330789924276e+02
1.075830294905817084e+02
1.119125996113272521e+02
1.107794662852307397e+02
1.102195640288634877e+02
9.480271330651277140e+01
1.242653587248158829e+02
1.129360516238473195e+02
1.098074064160728369e+02
1.179222267857637121e+02
1.179222267857637121e+02
1.218520692801614160e+02
1.308044529113046508e+02
1.124920484149958497e+02
1.195355188806113063e+02
1.122246819012021604e+02
1.267502632524435597e+02
8.881674982489315084e+01
1.277790001353270668e+02
1.017394312836818102e+02
1.428922849459748647e+02
1.107050906335756650e+02
1.261459443624628136e+02
1.255808589403946769e+02
1.143633881338039799e+02
9.296191807166111687e+01
1.210505485041868639e+02
1.082741999487518996e+02
1.217107334480857475e+02
1.217107334480857475e+02
1.149341445536145727e+02
1.130486657741218153e+02
1.132014623109183447e+02
1.107878779153541728e+02
1.256968861299688882e+02
1.210711783672954454e+02
1.159298222556528088e+02
1.179222267857637121e+02
1.069033912585688029e+02
1.137283869720762226e+02
1.129143089016007195e+02
9.479449048534208089e+01
1.162018779908467820e+02
1.207052676840924335e+02
1.101444065385996396e+02
1.130513960823099353e+02
1.113215652924794057e+02
1.180957472792920271e+02
1.375244086970796502e+02
1.253933183155293420e+02
1.154444398077262122e+02
1.215731869950065516e+02
1.290951978129035069e+02
1.144110712319098013e+02
1.039236412641858607e+02
1.264219110561850101e+02
1.156063125249894625e+02
1.350360921905334237e+02
1.147875295340187733e+02
1.274433496840900943e+02
1.053071548913108728e+02
1.162024094141731041e+02
1.200666003450964183e+02
1.195665126334972683e+02
1.178897676571331345e+02
1.268164465727238621e+02
1.114332063827058903e+02
1.317200970407758120e+02
1.245332785467255832e+02
1.304735058504095662e+02
1.245445903571171016e+02
1.194979743900254618e+02
1.146517348959787483e+02
1.252101919298034289e+02
1.499119743528415825e+02
1.217009413045561246e+02
1.224455796178553868e+02
1.186757763024855308e+02
1.154277036957740989e+02
1.189409929183270975e+02
1.383437593473404377e+02
1.207052676840924335e+02
1.204484183733653282e+02
1.204484183733653282e+02
1.443962540262027687e+02
1.381192563684742254e+02
1.253181839928808188e+02
1.191420664748302585e+02
9.494176250274411188e+01
1.157120195744801947e+02
1.257741233743945912e+02
1.073929629825884575e+02
1.155375767850961211e+02
1.200666003450964183e+02
1.145623277841461487e+02
1.218257713251228580e+02
1.115057164470202196e+02
1.172001534472079811e+02
1.291050782073849064e+02
1.270698173714704922e+02
1.145162393666102361e+02
1.266666634101356550e+02
1.158641585802041476e+02
1.142331785631846799e+02
1.107337634228778143e+02
1.214971844592685244e+02
1.195392709827282403e+02
1.217107334480857475e+02
1.229327596025237739e+02
1.252256754027027483e+02
1.226589356091583767e+02
1.235547556594533347e+02
1.217913257583680178e+02
1.278516830174234258e+02
1.278516830174234258e+02
1.197972316344229995e+02
1.253362506391904105e+02
1.207955670806936439e+02
1.254925440338173246e+02
1.190905314539253084e+02
1.381192563684742254e+02
1.264556868218937637e+02
1.193609500439563789e+02
1.198042868213223926e+02
1.320149657415945512e+02
1.276815702263271533e+02
1.248970065979578692e+02
1.325826402933124086e+02
1.276711677899886439e+02
1.276711677899886439e+02
1.290793401142355208e+02
1.288652290163344389e+02
1.371555681569748799e+02
1.335920123536728283e+02
1.360388235810739843e+02
1.413050104298717997e+02
1.347656843181052295e+02
1.356377933335695900e+02
1.184469145038660400e+02
1.317316238230200156e+02
1.379845559134653854e+02
1.341292913207716424e+02
1.236623769661398597e+02
1.264206310302858327e+02
1.233432098685077847e+02
1.393041870304698193e+02
1.270654417607097884e+02
1.272696880986155037e+02
1.330665585313905126e+02
1.328059263474824832e+02
1.295782360817332801e+02
1.090500537444215610e+02
1.404660718547038414e+02
1.287209239986922000e+02
1.299026995988792521e+02
1.365738091993703733e+02
1.305031007902417173e+02
1.343690661020393691e+02
1.325801980323621194e+02
1.251209148312384798e+02
1.299300077529674695e+02
1.241034247854957755e+02
1.320149657415945512e+02
1.353212164526970582e+02
1.391406252683012781e+02
1.278609249171318538e+02
1.381712026776532127e+02
1.405613668655872175e+02
1.390768144000465441e+02
1.373093962229872318e+02
1.569341434920364691e+02
1.172587227891790747e+02
1.264794292013053933e+02
1.306717144677084832e+02
1.347169066480860522e+02
1.562081183426304278e+02
1.352381823706453474e+02
1.386227646495089516e+02
1.393804905910889431e+02
1.407587048847450433e+02
1.190318457289165366e+02
1.391770812855419308e+02
1.099112399177453909e+02
1.233759608491257467e+02
1.222859884338221406e+02
1.318178731290487349e+02
1.329505269268047982e+02
1.385004599795607589e+02
1.321687121268826388e+02
1.459491179811775794e+02
1.386574872327527999e+02
1.236384273064917778e+02
1.405537236149683906e+02
1.379306331629134945e+02
1.355899344646631448e+02
1.416278100373648670e+02
1.418583167513247076e+02
1.350360921905334237e+02
1.357440631949835961e+02
1.285842669988632565e+02
1.361568058173623399e+02
1.293774778138355543e+02
1.209406643063367284e+02
1.394283421068734015e+02
1.411025017801171941e+02
1.528000231045351711e+02
1.407454563112160599e+02
1.416636576549331892e+02
1.372634301686963454e+02
1.398257618471528474e+02
1.408652974111418530e+02
1.280526496954836091e+02
1.211148667463890547e+02
1.291956814229683346e+02
1.596794894634154787e+02
1.383437593473404377e+02
1.375018450351365686e+02
1.399538054111024508e+02
1.452002270941974018e+02
1.452002270941974018e+02
1.250312501652974788e+02
1.374615371586408230e+02
1.398257287194790877e+02
1.456730144372056941e+02
1.334091476601401496e+02
1.383437593473404377e+02
1.586660287240925413e+02
1.406024059117753495e+02
1.446993068784530010e+02
1.692776919195439973e+02
1.648613143130800722e+02
1.648613143130800722e+02
1.523494624811977758e+02
1.406024059117753495e+02
1.406024059117753495e+02
1.445752357406281874e+02
1.373093962229872318e+02
1.596794894634154787e+02
1.561655142968395751e+02
1.457066240026154276e+02
1.335864865430907571e+02
1.510983225526431397e+02
1.277652155867948665e+02
1.406024059117753495e+02
1.368689524164873603e+02
1.255455062239939821e+02
1.583998002166792389e+02
1.692474585636252868e+02
1.562081183426304278e+02
1.430774378183747615e+02
1.531852245952126168e+02
1.324625868840124099e+02
1.301543918230186705e+02
1.406024059117753495e+02
1.688816739146012651e+02
1.499119743528415825e+02
1.380355860830714789e+02
1.605723939842881691e+02
1.428922849459748647e+02
1.243600228084919479e+02
1.347169066480860522e+02
8.095898571839171609e+01
6.659039194066889422e+01
1.353477178772245964e+02
1.026694074988592149e+02
9.701437350437372231e+01
6.738318898215810293e+01
1.180788265948068982e+02
5.274430357164569472e+01
8.763449790946674511e+01
8.568429360184244103e+01
1.407043131945872574e+02
9.575758861303388869e+01
8.510671531463430028e+01
9.141531226126815568e+01
9.023228668190679969e+01
4.730036185569117890e+01
8.734971375338403732e+01
4.794445478615901379e+01
1.213030000054402677e+02
1.025084783256442620e+02
1.270714079514155799e+02
1.353477178772245964e+02
5.924233928842470220e+01
8.846915288489296358e+01
9.507235838195627764e+01
6.965178547185067259e+01
1.617956775064787962e+02
6.738318898215810293e+01
9.595375354284323066e+01
6.839728691215805156e+01
8.470852351266900371e+01
8.598459689213721902e+01
8.345745212186719186e+01
8.881674982489315084e+01
8.422287410134293850e+01
9.814635139777499262e+01
8.319180338312685308e+01
8.277454147836495224e+01
6.809585802465807092e+01
1.002903796264418759e+02
4.728061712688403873e+01
8.763449790946674511e+01
5.315021482574031353e+01
1.349001082140151198e+02
8.253430466369567853e+01
1.102191114258948801e+02
9.803779325522350518e+01
9.604236243421107133e+01
1.116384618987027579e+02
1.020305692973606142e+02
1.119760946037176552e+02
1.207955670806936439e+02
1.401739436510775931e+02
1.378403310291077162e+02
9.674321124505037517e+01
1.172587227891790747e+02
8.813901433122703111e+01
8.233813904103902814e+01
1.149341445536145727e+02
8.265035674309163483e+01
8.312609554385133492e+01
8.007986278803383584e+01
1.025653115970109894e+02
1.028301643879214851e+02
1.047656057629180708e+02
1.049481133480692705e+02
1.164961647578488027e+02
1.049606128593959795e+02
1.149341445536145727e+02
1.044646515385905019e+02
8.734971375338403732e+01
1.033630770538025558e+02
8.393156429719469713e+01
7.885875218533885800e+01
9.361181477437060039e+01
1.235597936360458391e+02
8.433549864619563152e+01
9.464422809613748200e+01
8.298154479608031409e+01
8.866004981001559315e+01
1.151708727795561771e+02
1.165623640409850736e+02
1.271197855970772395e+02
1.179222267857637121e+02
1.278609249171318538e+02
1.139365596796403963e+02
1.209208863658219428e+02
1.232118911592602046e+02
1.360884446414616491e+02
1.353158481490103497e+02
1.389914439976059271e+02
1.596794894634154787e+02
1.033630770538025558e+02
1.041601180536167561e+02
1.134881546302526232e+02
1.159030870885788431e+02
1.107337634228778143e+02
1.102191114258948801e+02
1.240780759529682200e+02
1.179222267857637121e+02
1.688503755969767326e+02
1.090221545543712551e+02
1.147737201265113072e+02
1.104917904736649632e+02
1.036193199521344610e+02
1.079069178875235480e+02
1.090537460645197712e+02
1.124245941216322535e+02
1.136922888714393594e+02
9.951868477612721620e+01
1.209892887623589246e+02
1.120800662558280010e+02
1.131344252878309646e+02
1.167676469957633287e+02
1.186606160487041564e+02
1.151765471051646017e+02
1.143652142282033140e+02
1.134532652355387370e+02
1.281887279430306421e+02
1.219261006425562073e+02
1.242235129680833552e+02
1.180033173125938077e+02
1.213438178845799484e+02
1.147684469281307997e+02
1.212865709694993370e+02
1.100835906928071637e+02
1.230472550574577895e+02
1.116489807087627781e+02
1.224978875652765709e+02
1.146062980821499337e+02
1.258979066633814909e+02
1.226803969641259187e+02
1.296475767231405030e+02
1.272632184132502147e+02
1.229102908707233155e+02
1.167937857117859437e+02
1.202517848829061506e+02
1.330558192618292708e+02
1.188696063562057930e+02
1.273224660174319354e+02
1.298034230058313767e+02
1.212556000886625469e+02
1.183100945456179147e+02
1.215632688473543368e+02
1.283823567224893054e+02
1.280212265364107793e+02
1.261425981481487497e+02
1.291137490947045876e+02
1.229642211840963455e+02
1.192975959022763845e+02
1.194151984668052080e+02
1.229421277552136758e+02
1.229421277552136758e+02
1.409848161365869146e+02
1.284500217056124711e+02
1.229936352657397123e+02
1.258631448464665112e+02
1.215513891418177224e+02
1.190952178875529768e+02
1.190223458239197498e+02
1.285794325206371127e+02
1.314746204812363715e+02
1.213898786754508166e+02
1.277209234766045398e+02
1.227737429980849271e+02
1.198432867355190297e+02
1.228509854262596122e+02
1.273493486386252869e+02
1.247562955297088934e+02
1.247987766465140282e+02
1.319463300124378407e+02
1.230673210265964315e+02
1.270165506454035551e+02
1.236400391843056639e+02
1.309004538659686716e+02
1.353390133796588657e+02
1.327580031984912239e+02
1.334668232297252359e+02
1.321108144294525459e+02
1.276242312945285704e+02
1.307009800093090348e+02
1.357014265442889496e+02
1.253088258641814150e+02
1.338798692373698600e+02
1.319286232410602224e+02
1.307830445911059201e+02
1.323023151852385126e+02
1.353718383730512755e+02
1.390593077568992157e+02
1.367628852627131835e+02
1.327143460919081974e+02
1.524361841834177369e+02
1.331654671344684573e+02
1.383197306819018877e+02
1.402810385221286538e+02
1.338138603775958870e+02
1.321619502860473006e+02
1.313714652865906771e+02
1.367024337656530975e+02
1.320783028947791422e+02
1.443557058311586161e+02
1.380524535957905528e+02
1.240991222117142883e+02
1.284379436544463147e+02
1.361881237977284513e+02
1.331178860339636856e+02
1.498532468114344454e+02
1.383540182422223950e+02
1.317435099226421471e+02
1.309089648315532770e+02
1.387213445421485858e+02
1.359890903970155875e+02
1.392623115439464812e+02
1.370308407234342098e+02
1.434352803748241172e+02
1.450136736270692950e+02
1.398203134545183559e+02
1.436597563195782641e+02
1.524361841834177369e+02
1.360532355059044392e+02
1.048049836353583544e+02
1.193360093966512494e+02
6.641160316146550713e+01
1.406501410902325517e+02
1.248610800876666644e+02
1.057441186114920981e+02
6.204201520963648875e+01
9.288265777349070618e+01
1.218897065296205824e+02
1.086708444626796819e+02
1.200782764707017662e+02
1.190181836522322669e+02
1.181544482183470564e+02
1.202259962411421128e+02
1.279810523424056186e+02
