7.502534185969579994e+01
7.313441655717255685e+01
1.131638026968030459e+02
8.058066022581087395e+01
8.338989189247159572e+01
8.982413857226458731e+01
1.105025299366768223e+02
8.393153460461590498e+01
1.067331869888094644e+02
9.534207634491760075e+01
8.287673862969131733e+01
7.767367519302909784e+01
7.333194617215271194e+01
9.592242261092408739e+01
1.015695383728405687e+02
9.325971780733945593e+01
9.057331066677113540e+01
1.044675069496904456e+02
8.202952399563336883e+01
8.202952399563336883e+01
9.866712296323520093e+01
1.162417403755997043e+02
8.886908883275974347e+01
1.168618498576643248e+02
9.648673737432004316e+01
1.005335530880243766e+02
1.090684987575277347e+02
9.287157942584980219e+01
9.274248851675889682e+01
1.052615029496002279e+02
9.637520871159412650e+01
9.857148709916833695e+01
9.592970867924866241e+01
1.037643414025910715e+02
1.317894928184704781e+02
1.184478215525065110e+02
1.025243466838264794e+02
1.039252277014279144e+02
1.097758595034321019e+02
1.092467573260782814e+02
1.138308227725779602e+02
9.591534231364234131e+01
1.061447283194938080e+02
1.065218214243717370e+02
9.650782206118611839e+01
1.099446340895804752e+02
9.452122601067615904e+01
1.083744294301400259e+02
1.073816508228524924e+02
8.365828433917386064e+01
1.186271615147768159e+02
1.317894928184704781e+02
8.297043808748664162e+01
1.113423765232903548e+02
8.691607577315099320e+01
1.108403181219887585e+02
1.078539545992282029e+02
9.640410715288288657e+01
8.486169049516942664e+01
9.412661654928579935e+01
9.302157942584979367e+01
1.111438488455507496e+02
8.886908883275974347e+01
8.881267076553285733e+01
8.982692894049294807e+01
1.067331869888094644e+02
8.407261343669293296e+01
1.212105376846498217e+02
1.016847209870456510e+02
1.078539545992282029e+02
1.035613434215830893e+02
1.029486101760902983e+02
1.181574485559592205e+02
1.152216763969451279e+02
1.093687901385939654e+02
9.378823635611915677e+01
1.028387568962096026e+02
1.113423765232903548e+02
1.091196104591390963e+02
1.023992980650615721e+02
9.427477216453119979e+01
9.864989197436213431e+01
1.073746724825938372e+02
8.986970956613157568e+01
1.099956505843566816e+02
1.026297516952821525e+02
9.126717696897136989e+01
9.137605016896625898e+01
1.013379953080846718e+02
9.792778790218513052e+01
1.048535326702827177e+02
1.175936912974082276e+02
9.534207634491760075e+01
1.123208265814034661e+02
1.077656893807276504e+02
1.066166306805533566e+02
1.117565077598993639e+02
1.129555179640028939e+02
1.058210194481669220e+02
1.021010027162420926e+02
1.071472614992640473e+02
1.068161721734148699e+02
9.915616358415491050e+01
9.915616358415491050e+01
1.029233501161450164e+02
1.048055253737075390e+02
1.203133604499852396e+02
1.136120304727477333e+02
1.125196170073234612e+02
8.528573701442257970e+01
8.528573701442257970e+01
1.079495375675729179e+02
1.249883739205987041e+02
1.214016827070960858e+02
1.074306573235522109e+02
1.133011619948033228e+02
1.296843959581713932e+02
1.230395878615307197e+02
1.085223022786889686e+02
1.048962496796127226e+02
1.054233829069167570e+02
1.152216763969451279e+02
1.164703419313709531e+02
1.190107714957989913e+02
1.271063124004859475e+02
1.099849681305329199e+02
1.122689536051556161e+02
1.175215186079473426e+02
1.147075702583539112e+02
9.840841124125967099e+01
1.074530604118538122e+02
1.211263197327903782e+02
1.153939217170394755e+02
1.168618498576643248e+02
1.016676612918446381e+02
1.047883413106506367e+02
1.148218545129035988e+02
1.225856062859592583e+02
1.142217620027634837e+02
1.122043303648295165e+02
1.133435836327161468e+02
1.126976738440249193e+02
1.209789282875926091e+02
1.140844734138978112e+02
1.102290639582535619e+02
1.176837716362306878e+02
1.176837716362306878e+02
1.190320644117774691e+02
1.271655128505212531e+02
1.126399540455217618e+02
1.160710523624874355e+02
1.083133314256744200e+02
1.158923244576243974e+02
1.283570878939846125e+02
9.013977595708573176e+01
1.033834591608171962e+02
1.334879676588105326e+02
1.122437946600467313e+02
1.232573019478409577e+02
1.230279321246486290e+02
9.777098009172547677e+01
1.221872524404010107e+02
1.107763239015592376e+02
1.255170434667277561e+02
1.303665919339690049e+02
1.103360272088978604e+02
1.127570373843504257e+02
1.078539545992282029e+02
1.270926791892464394e+02
1.214349542761589333e+02
1.186553687393501804e+02
1.228510452687517187e+02
1.176837716362306878e+02
1.028540748380077758e+02
1.127615655792939151e+02
9.548605669966433140e+01
1.159642052460449122e+02
1.070437560541255664e+02
1.146760559206456378e+02
1.103707639842110666e+02
1.074862369378725191e+02
1.167188330452710545e+02
1.353073017774038931e+02
1.230185018257086824e+02
1.162580225887166137e+02
1.191670316551608835e+02
1.279426279366796564e+02
1.043908405862402446e+02
1.225722426010010508e+02
1.134921869754367378e+02
1.324667603121216075e+02
1.166000730657079458e+02
1.275187983253791515e+02
1.092958548056293182e+02
1.129563992747683869e+02
1.195171153291773720e+02
1.205471541679282552e+02
1.249943604781444151e+02
1.101093699054476218e+02
1.256373629535272869e+02
1.210079180948178390e+02
1.291623685597598978e+02
1.195849453515383658e+02
1.194751052723388227e+02
1.093964008571883824e+02
1.543973741795819024e+02
1.166003116898595238e+02
1.180556845331152545e+02
1.087820280626409186e+02
1.166484595076030786e+02
1.159204424061820475e+02
1.323402555343059817e+02
1.099446340895804752e+02
1.198429298524882824e+02
1.198429298524882824e+02
1.255170434667277561e+02
1.440878900754211429e+02
1.321599050518644844e+02
1.239683950761282460e+02
1.182748584671324750e+02
9.650782206118611839e+01
1.181800551224029050e+02
1.238135368717040166e+02
1.001506296230903388e+02
1.162805340471445987e+02
1.204743023254558381e+02
1.182999658048142777e+02
1.153889954805492266e+02
1.254606107070559773e+02
1.159413883909327438e+02
1.145682753150902471e+02
1.153764771543297911e+02
1.268010289314557610e+02
1.246178635720951320e+02
1.251402225651422953e+02
1.324292776815842956e+02
1.127257835704193951e+02
1.133003763941399029e+02
9.836239159600638970e+01
1.272777619157569973e+02
1.175283341593751203e+02
1.089837043595669144e+02
1.199136611027120836e+02
1.129509457749566792e+02
1.255170434667277561e+02
1.252697787265651215e+02
1.237190223905025448e+02
1.254502741793434808e+02
1.210096632435179771e+02
1.082633251234563261e+02
1.287555840396648534e+02
1.287555840396648534e+02
1.287516262637437308e+02
1.304123975449971340e+02
1.201776005689829105e+02
1.265057207846820972e+02
1.186271615147768159e+02
1.321599050518644844e+02
1.298402825230229212e+02
1.263868517553062247e+02
1.229339669455785611e+02
1.225740677753376673e+02
1.254279725903059273e+02
1.303218305844608551e+02
1.230706204446160541e+02
1.309240499931976558e+02
1.277805771740484175e+02
1.277805771740484175e+02
1.335808827096709877e+02
1.288127430620434950e+02
1.358108531779070915e+02
1.355245566322846571e+02
1.359641005971509458e+02
1.372373937673471858e+02
1.327755338735348403e+02
1.363608139763329063e+02
1.146985640616501314e+02
1.251032206131989000e+02
1.402603542038338560e+02
1.329111444783349611e+02
1.181098821414507682e+02
1.293114308747434791e+02
1.216945494022058654e+02
1.404127753530347036e+02
1.164703419313709531e+02
1.314766649017881264e+02
1.356051011097146954e+02
1.296843959581713932e+02
1.207893119321581423e+02
1.280390099773192674e+02
1.376900035252880912e+02
1.317301078253894104e+02
1.265395863123367093e+02
1.310329551989683523e+02
1.308027172355245682e+02
1.304501295839687032e+02
1.333017125786194299e+02
1.301411187648072030e+02
1.143623982507224781e+02
1.570486634439300531e+02
1.337710479578517209e+02
1.254279725903059273e+02
1.311907378322456736e+02
1.368740402727582932e+02
1.375125674983903821e+02
1.338012229924736971e+02
1.571785805548832116e+02
1.168618498576643248e+02
1.372852608376285843e+02
1.313604394503768162e+02
1.317894928184704781e+02
1.561329988995460099e+02
1.276248059470202918e+02
1.301560287900383912e+02
1.421074003316883250e+02
1.348408259621537013e+02
1.090068799961051695e+02
1.422518290019765459e+02
1.212105376846498217e+02
1.237819686211563663e+02
1.474391057860098613e+02
1.280307872827732467e+02
1.315768975094379130e+02
1.396240956750603175e+02
1.356468265531530903e+02
1.491606463104203328e+02
1.431774231836008937e+02
1.204655362415828250e+02
1.421249818422531064e+02
1.389066208936346811e+02
1.283570878939846125e+02
1.354894647663069804e+02
1.420753419038980212e+02
1.503897757410157681e+02
1.324667603121216075e+02
1.296633439808691719e+02
1.238736684087419491e+02
1.341457885256309055e+02
1.236982246368338139e+02
1.355891952101956690e+02
1.347587846170955856e+02
1.534893750178508185e+02
1.450333024642617374e+02
1.365870620775832833e+02
1.307962565599993923e+02
1.444828657782611572e+02
1.382150053706340032e+02
1.345270029293859579e+02
1.204715659480346233e+02
1.248661118500294123e+02
1.646337612072778143e+02
1.323402555343059817e+02
1.336242402147853454e+02
1.319015280303275404e+02
1.453204988905594632e+02
1.453204988905594632e+02
1.214529466669266924e+02
1.335846491569966759e+02
1.368346905750291285e+02
1.516831599158202835e+02
1.293905192203894217e+02
1.323402555343059817e+02
1.544052820817119311e+02
1.271063124004859475e+02
1.428987225795523273e+02
1.610177546015630128e+02
1.581516799408099416e+02
1.581516799408099416e+02
1.533092981089758382e+02
1.271063124004859475e+02
1.271063124004859475e+02
1.355618892828627509e+02
1.338012229924736971e+02
1.646337612072778143e+02
1.408596039730989276e+02
1.404382746613957522e+02
1.456265375030539531e+02
1.449584871969215385e+02
1.480779655771514172e+02
1.468167886854913320e+02
1.270407467407519846e+02
1.271063124004859475e+02
1.333171630506034546e+02
1.617328997658174785e+02
1.669887283378767506e+02
1.561329988995460099e+02
1.406409526645902872e+02
1.505961002668857986e+02
1.348800417755379044e+02
1.637165972330704733e+02
1.543973741795819024e+02
1.493447100733302193e+02
1.636989826340664820e+02
1.334879676588105326e+02
1.254994721836198295e+02
1.317894928184704781e+02
8.451006915022566091e+01
1.304270458609324805e+02
9.304636575105047314e+01
1.016168159592146765e+02
6.988133987539268333e+01
1.155906279600252020e+02
8.684528290634513326e+01
8.515533657126235312e+01
1.447076062987027854e+02
9.441718264797854943e+01
8.505127410349209072e+01
1.010556975292338251e+02
9.433302140644013889e+01
9.013276998520849759e+01
4.040657891344949348e+01
8.817379078986976992e+01
5.826825390661083048e+01
1.173404733369088575e+02
1.030606604518905129e+02
1.304270458609324805e+02
5.940820948569648152e+01
9.001914667295520189e+01
9.181831036850067562e+01
6.509909629775603435e+01
1.574871769244819006e+02
6.988133987539268333e+01
9.480114352167993275e+01
6.468863945257945147e+01
8.633319389473214756e+01
8.691607577315099320e+01
8.486169049516942664e+01
9.013977595708573176e+01
9.560340927161517754e+01
8.512797501107598919e+01
8.460797501107599317e+01
6.008207852012508710e+01
1.046265662089224833e+02
5.120117685980855526e+01
8.684528290634513326e+01
5.340753443035133330e+01
1.371707543181390463e+02
1.312404701221239520e+02
8.484508030376710508e+01
1.122063602011601091e+02
1.147300295343299155e+02
9.605850322100570793e+01
9.520166234599430766e+01
1.073022175863856660e+02
1.042724066376082135e+02
1.105694771249430914e+02
1.201776005689829105e+02
1.165289651663188124e+02
1.001933829987091968e+02
1.168618498576643248e+02
8.886908883275974347e+01
8.058066022581087395e+01
1.152216763969451279e+02
8.365828433917386064e+01
1.010247047928834121e+02
1.010226428965563059e+02
1.093469205472690220e+02
1.029770396425002872e+02
1.213759550590416865e+02
1.029204531387289592e+02
1.152216763969451279e+02
9.871303921328923536e+01
9.548605669966433140e+01
9.548605669966433140e+01
8.817379078986976992e+01
1.016676612918446381e+02
8.257684279635799385e+01
8.390491291380043037e+01
9.616934034758233452e+01
1.216345548416275051e+02
8.685117694417458267e+01
1.165289651663188124e+02
9.499643101826244163e+01
8.308203977763160708e+01
1.014169242712305703e+02
1.118747661271841594e+02
1.170640467593649845e+02
1.317250612707240407e+02
1.233947020563461763e+02
1.090325065088508296e+02
1.209305740881224693e+02
1.241469082385937526e+02
1.277523449124882831e+02
1.322240951166128013e+02
1.424212243914909948e+02
1.646337612072778143e+02
1.016676612918446381e+02
1.037406279341722382e+02
1.492752962644910895e+02
1.133502387243699161e+02
1.089837043595669144e+02
1.147300295343299155e+02
1.223983412207995514e+02
1.176837716362306878e+02
1.636903171138903872e+02
1.123584852172443362e+02
1.093709213805666565e+02
1.134297868692466125e+02
1.103494015905189514e+02
1.083166825725842699e+02
1.058595156968919753e+02
1.095047749381028126e+02
1.095307835234572167e+02
1.183760473983482200e+02
1.108056668774591316e+02
1.022310774629043806e+02
1.073749942889156443e+02
1.152787047652420256e+02
1.159791541846660436e+02
1.168675691634677207e+02
1.081714131495400579e+02
1.233211523485297221e+02
1.213289430136123741e+02
1.236923170587618301e+02
1.184034352630716000e+02
1.141998820296517039e+02
1.151766768524511377e+02
1.101311557719761538e+02
1.190422535553583145e+02
1.240556794082725958e+02
1.121281489158803168e+02
1.212972340575694687e+02
1.162111663670767712e+02
1.212725043404658010e+02
1.224125305826235888e+02
1.267859706252840652e+02
1.259850059233129258e+02
1.267889704584626713e+02
1.212290826522400096e+02
1.253070256231695652e+02
1.139589060152477487e+02
1.196526057597486528e+02
1.332768562154485039e+02
1.211184305179988456e+02
1.253147688827984183e+02
1.289873042492795889e+02
1.257492434963774315e+02
1.191191457129746851e+02
1.204049889679763510e+02
1.258610829989930977e+02
1.243428774836085324e+02
1.218237308424262864e+02
1.297103486159512897e+02
1.207563125664194246e+02
1.190078761068277799e+02
1.190007757341181218e+02
1.209339641627853581e+02
1.209339641627853581e+02
1.402805424886496439e+02
1.266226841356152022e+02
1.210778600439861634e+02
1.220458922394081185e+02
1.195314937994573086e+02
1.229905706103656655e+02
1.183749372028127027e+02
1.301348872544267863e+02
1.264589113224590164e+02
1.296100270749752497e+02
1.239938994257064593e+02
1.303562463628230148e+02
1.238332280766541089e+02
1.240659053562262102e+02
1.278027519873779170e+02
1.246463445042656986e+02
1.266834540226932262e+02
1.267203434806822173e+02
1.291293839557826288e+02
1.292746363504285796e+02
1.227480042442283690e+02
1.270461711270472875e+02
1.324757673429405997e+02
1.354268806076390774e+02
1.422563594065336190e+02
1.279170773235340732e+02
1.299868552765698837e+02
1.256094989382182661e+02
1.363778263583654393e+02
1.276556498692469432e+02
1.295765468461817704e+02
1.317125816459200962e+02
1.272370465500354015e+02
1.332747435092024659e+02
1.346621949846622783e+02
1.366342558679177159e+02
1.383637099997563098e+02
1.513729813758648959e+02
1.309369857648680124e+02
1.326142898423354382e+02
1.453048009365891744e+02
1.308819082492767905e+02
1.336662977635056961e+02
1.344017636689655717e+02
1.325844497684705061e+02
1.372645602466747334e+02
1.405591091388170639e+02
1.254865764759085351e+02
1.333537417719046516e+02
1.492623220890908726e+02
1.395493228637610343e+02
1.300063902113637369e+02
1.320819481539382991e+02
1.330752915815285178e+02
1.437433110205935805e+02
1.330761236937417493e+02
1.417841172122797957e+02
1.497175066429954313e+02
1.433621345530632709e+02
1.428270145275984930e+02
1.446678639495160041e+02
1.435650201543804769e+02
1.513729813758648959e+02
1.469962862180775858e+02
1.106386422720691201e+02
1.187935368212070841e+02
1.365550928207799757e+02
1.238496100646607374e+02
1.082267579250616478e+02
7.574456708216916923e+01
1.354099276325562755e+02
1.118152598852313986e+02
9.802990457192967710e+01
1.200537273603341930e+02
1.097705923775713330e+02
1.198369003822176211e+02
1.154932342502002456e+02
1.209779489785763928e+02
1.243972927056887130e+02
1.259151636745282730e+02
