8.331829844205850577e+01
1.272365284756931203e+02
7.984213767056689903e+01
8.393175418896964857e+01
9.872324099696491828e+01
1.137031456514617247e+02
8.539324199297115570e+01
1.113105072068703976e+02
9.529133820521701637e+01
9.560843029112554348e+01
8.420985083347322586e+01
7.382513526282015448e+01
1.073235449269755577e+02
9.239742947241656168e+01
9.963019226622596136e+01
9.999304658808034674e+01
8.212607684255809204e+01
8.212607684255809204e+01
9.798713088524722536e+01
1.175112893177157645e+02
9.290053491726588675e+01
1.210870148306537857e+02
9.651622213526886185e+01
1.067688888187804395e+02
9.513223719664175348e+01
9.382106583369568398e+01
1.100020219946977846e+02
9.824872444474146960e+01
9.896113529244591689e+01
1.018544390967056046e+02
1.068537772987660901e+02
1.255309905881025259e+02
1.128574017418177249e+02
1.089476591430129844e+02
1.081720570955147736e+02
1.071486181346215574e+02
1.074016021606278883e+02
1.033183985113626591e+02
1.040161631988477353e+02
1.046588564465734237e+02
9.880130203761254393e+01
1.088118549361920770e+02
1.001810561787390981e+02
1.071309744578329912e+02
1.091391126719259148e+02
8.095773282991918052e+01
1.255309905881025259e+02
8.513689289427881590e+01
1.206360975673853204e+02
1.098974146837374946e+02
8.526572816370632779e+01
1.030887179707885650e+02
8.605816806826400978e+01
9.531794839462253321e+01
1.088657330041367857e+02
9.292271497772452449e+01
8.539324950357885768e+01
9.198441720375157615e+01
9.522390386330842205e+01
1.020416744384927625e+02
9.290053491726588675e+01
9.333257552111804500e+01
1.113105072068703976e+02
8.603272371197346047e+01
1.242045885878277005e+02
1.088657330041367857e+02
1.066218513562418480e+02
1.032490168179716363e+02
1.112617344193541840e+02
1.176721097062625176e+02
1.099389045552679534e+02
9.359092860451616502e+01
1.069802110724160968e+02
1.098974146837374946e+02
1.111204251458876087e+02
1.026827279777119202e+02
1.007472250435660612e+02
9.795532215861334180e+01
1.084331717420707122e+02
9.249686858791763200e+01
1.050151381083841500e+02
9.269868043751124276e+01
1.072444024617115872e+02
1.140321207411604263e+02
9.510644738155735922e+01
1.021690186796130035e+02
1.133972027825634541e+02
1.064464087319846044e+02
1.280741795509371173e+02
9.529133820521701637e+01
1.139891999067025665e+02
1.089393215034847486e+02
1.332607587539787914e+02
1.088484569680545064e+02
1.101191984268609758e+02
1.184895952296394199e+02
1.127270732804651061e+02
1.066929482218336886e+02
1.104696826517885029e+02
1.062320627923851077e+02
1.120552398963859275e+02
1.008535311457660129e+02
1.061944839841489738e+02
1.044705452223523281e+02
1.126846702739058088e+02
1.153529457363039654e+02
1.015093052417643804e+02
1.093989683302605727e+02
8.310452319762684681e+01
1.109977361913749405e+02
1.246143645831273830e+02
1.187076734403248679e+02
1.262240628334530470e+02
1.271335262743134678e+02
1.077176976917173619e+02
1.088593537475702817e+02
1.047123113888329584e+02
1.176721097062625176e+02
1.184430547368686462e+02
1.189436838305884692e+02
1.344276385580747046e+02
1.120143687113520627e+02
1.156356231233071696e+02
1.063944048730117942e+02
1.129277300750820245e+02
9.560843029112554348e+01
1.049167252957088010e+02
1.275619875962056824e+02
1.180592944332796037e+02
1.210870148306537857e+02
1.102905943473117958e+02
1.210833238505557858e+02
1.124682665751259520e+02
1.112917894453225216e+02
1.224809821041138065e+02
1.137857618422319916e+02
1.115831547271543940e+02
1.097869537161943470e+02
1.135024525611403732e+02
1.032488641190021497e+02
1.114471854827681483e+02
1.107645282571981937e+02
1.230450419730995719e+02
1.215275996588806322e+02
1.258887555229699728e+02
1.123664307173738450e+02
1.163543368611367157e+02
1.027492906735084688e+02
1.183074378079329705e+02
1.267989298964893692e+02
9.598022763606283547e+01
1.145070765062756237e+02
1.303540919286548387e+02
1.171802014078024001e+02
1.212872417316893916e+02
1.180859371667779953e+02
9.525755379952278190e+01
1.214002950537610417e+02
1.117645126764775796e+02
1.236419496660937369e+02
1.236419496660937369e+02
1.176721097062625176e+02
1.316169142111670567e+02
1.093612167279729164e+02
1.103709893917332607e+02
1.088657330041367857e+02
1.279906827769090114e+02
1.271183851145206063e+02
1.191176753948844720e+02
1.190362255250233829e+02
1.098144517913593745e+02
1.145784176188679311e+02
1.104887658625716256e+02
1.096332311508657824e+02
9.987072556957824077e+01
1.202959052167637566e+02
1.042979091576150807e+02
1.149769143982956052e+02
1.136522731167617764e+02
1.131144433348229796e+02
1.029238090034404962e+02
1.339570753709421069e+02
1.249365526976853005e+02
1.128400746247915407e+02
1.265379996918795626e+02
1.170438140992038711e+02
1.049390604100282616e+02
1.235503045322884645e+02
1.159838827692538388e+02
1.288438226214385054e+02
1.096612759731877560e+02
1.286730364880460513e+02
1.286730364880460513e+02
1.059339120531822402e+02
1.190170492322819200e+02
1.201333308840530947e+02
1.165555012411168718e+02
1.222368314565973435e+02
1.241854720310679738e+02
1.094661907253042301e+02
1.218603259716817462e+02
1.222073681161923560e+02
1.311481989961239378e+02
1.192888532386371878e+02
1.210240465117648370e+02
1.173029702534790175e+02
1.203650468321223741e+02
1.448338443362142129e+02
1.190183309697878542e+02
1.156727150435233540e+02
1.126938478824783942e+02
1.127073787434345462e+02
1.177084956498125052e+02
1.088118549361920770e+02
1.202959052167637566e+02
1.203800139685370141e+02
1.203800139685370141e+02
1.236419496660937369e+02
1.369964221909638695e+02
1.182085622104097382e+02
1.186620940506490882e+02
9.880130203761254393e+01
1.146228292883597106e+02
1.190817604247863244e+02
1.027554234297779630e+02
1.140886621717546916e+02
1.218406722182795505e+02
1.201333308840530947e+02
1.202246739655441701e+02
1.157009337204447519e+02
1.175205999201870668e+02
1.145784176188679311e+02
1.163405126924572670e+02
1.269870447126554325e+02
1.209770026912536878e+02
1.338252991289678846e+02
1.182017953168494415e+02
1.126304785852035764e+02
1.005937324424542112e+02
1.227487948059987133e+02
1.200124807829370184e+02
1.194063675466874201e+02
1.085695993408173194e+02
1.277562276063803921e+02
1.236419496660937369e+02
1.164571813866398600e+02
1.175717693803199495e+02
1.159035702137466615e+02
1.209632176813757667e+02
1.096638010495167492e+02
1.290667626785222524e+02
1.290667626785222524e+02
1.153164703878642143e+02
1.242305773420686279e+02
1.240041123613339238e+02
1.369964221909638695e+02
1.296098656736510293e+02
1.270946213839963974e+02
1.185765979817820295e+02
1.233629881081239859e+02
1.319600156178523491e+02
1.282110406265497886e+02
1.314022285848990634e+02
1.269858032931274749e+02
1.269858032931274749e+02
1.315523385723892318e+02
1.296373904683251794e+02
1.368041233261566845e+02
1.335540258407101248e+02
1.299919780429044920e+02
1.365625166740639145e+02
1.393178037338876152e+02
1.334898397284871407e+02
1.364336199329705437e+02
1.112097486752230679e+02
1.295158454366532510e+02
1.387908624311057793e+02
1.327570386770623543e+02
1.182969518727433638e+02
1.316584989575337943e+02
1.121663032517679994e+02
1.369818084526881421e+02
1.184430547368686462e+02
1.258828955477834768e+02
1.256821359775301374e+02
1.262240628334530470e+02
1.133341957645200608e+02
1.107948500521105331e+02
1.372582704711056465e+02
1.333763339291712953e+02
1.297681390162092612e+02
1.303708831631570320e+02
1.199951869865383287e+02
1.335084431336264856e+02
1.193773102561794985e+02
1.508578208064637067e+02
1.381838684911851374e+02
1.319600156178523491e+02
1.338481471596707024e+02
1.393316921167052556e+02
1.296395377651771810e+02
1.341015699038758839e+02
1.397492189725383014e+02
1.354611012226374953e+02
1.288438226214385054e+02
1.525675201874571769e+02
1.210870148306537857e+02
1.405634487264846371e+02
1.246944055595834158e+02
1.255309905881025259e+02
1.526090490629540000e+02
1.178371756198140901e+02
1.270371825565963775e+02
1.401518472270587097e+02
1.372115900012962584e+02
1.374760078766361460e+02
1.192799364339809216e+02
1.326562823758762306e+02
1.127099929351169436e+02
1.429115501599748086e+02
1.242045885878277005e+02
1.201097104883062343e+02
1.400017569959230741e+02
1.238239020858073047e+02
1.301734450507327097e+02
1.367449845640608714e+02
1.405153006755511456e+02
1.457512921602833558e+02
1.196774510536575491e+02
1.376329204694218333e+02
1.267989298964893692e+02
1.300330031046621286e+02
1.382004929675808285e+02
1.304713020670564561e+02
1.264798663832722809e+02
1.381227629303176343e+02
1.237011630149286958e+02
1.373348685783720953e+02
1.390279750840365978e+02
1.384991264641014084e+02
1.514948963316273307e+02
1.412380003774143802e+02
1.360965099076030924e+02
1.251810877219674580e+02
1.417737762155022097e+02
1.443196859580565956e+02
1.463791010422690420e+02
1.317378099369439042e+02
1.224591543825011826e+02
1.212428738727535205e+02
1.567349832273761479e+02
1.402999023709146513e+02
1.355531213442783667e+02
1.475311360857458283e+02
1.475311360857458283e+02
1.261854155709559961e+02
1.316565379341913342e+02
1.412109475183462450e+02
1.437659163684551800e+02
1.402999023709146513e+02
1.514556448432500702e+02
1.344276385580747046e+02
1.472934310318333360e+02
1.627634028193156155e+02
1.608866235184118239e+02
1.608866235184118239e+02
1.578536176053123654e+02
1.344276385580747046e+02
1.344276385580747046e+02
1.288438226214385054e+02
1.567349832273761479e+02
1.459760012712842752e+02
1.549687672077008926e+02
1.425217134771030203e+02
1.466088281344570703e+02
1.386954946441584298e+02
1.464831217708170641e+02
1.529523010257287865e+02
1.259215539110746107e+02
1.344276385580747046e+02
1.403928785412409752e+02
1.323313322555191860e+02
1.587387554915123360e+02
1.596860950756176578e+02
1.526090490629540000e+02
1.425257070192327546e+02
1.492880497554006354e+02
1.275619875962056824e+02
1.326824009376318259e+02
1.344276385580747046e+02
1.599947412073243243e+02
1.448338443362142129e+02
1.358095172822335996e+02
1.597081656267495759e+02
1.303540919286548387e+02
1.236296370357346035e+02
1.255309905881025259e+02
8.075701419667689152e+01
7.232638634425057944e+01
9.973232899463195622e+01
9.835799087433147747e+01
6.527621725886281467e+01
1.195217423685643610e+02
6.511670469856076693e+01
1.248614527109413501e+02
8.363648614841426365e+01
9.776702691313489879e+01
8.901394977270201991e+01
1.088785157175919664e+02
8.613312592228032827e+01
9.129876696568547345e+01
4.872220262044086780e+01
8.802027675452816879e+01
4.699074429874472969e+01
1.221932104150885721e+02
1.033783020705989344e+02
1.225901528160031972e+02
1.237635566569326642e+02
6.321955854600845015e+01
9.745833743031315066e+01
9.683733543200619920e+01
6.916757484531269995e+01
1.581974622487341549e+02
6.527621725886281467e+01
9.050380891416546092e+01
8.719324325893805394e+01
8.605816806826400978e+01
8.539324950357885768e+01
8.335690302934128226e+01
9.737692175990594023e+01
8.495357249837287839e+01
8.423633452869587757e+01
6.981614409753879613e+01
1.024047429592468319e+02
5.015875937145790431e+01
5.253850513554809254e+01
1.378235626559820162e+02
1.374184950874468143e+02
1.134096681166866318e+02
1.125927799875262565e+02
9.565492498230271678e+01
1.017148589137700867e+02
1.031135903389788524e+02
1.173011850823868514e+02
1.242305773420686279e+02
1.196151674563894858e+02
1.361813691995108684e+02
9.780694182942220039e+01
1.210870148306537857e+02
9.290053491726588675e+01
7.984213767056689903e+01
1.176721097062625176e+02
8.095773282991918052e+01
8.166425327505376686e+01
8.462263811290924309e+01
1.034372066046027925e+02
1.065380280617937672e+02
1.059897559841127759e+02
1.029717666949924819e+02
1.236583107829537909e+02
1.042601066479055874e+02
1.176721097062625176e+02
1.063100543778139553e+02
9.987072556957824077e+01
9.987072556957824077e+01
8.802027675452816879e+01
8.489086107297846695e+01
8.444112163353086942e+01
9.550863184268672512e+01
1.193270590923643795e+02
8.234909353619926264e+01
1.196151674563894858e+02
9.595521546878777031e+01
8.239501359672406977e+01
9.236511897333963361e+01
1.125707988615540387e+02
1.175027458275257430e+02
1.328951983730144093e+02
1.230450419730995719e+02
1.296395377651771810e+02
1.269979056907516792e+02
1.272815748455562499e+02
1.273051299906873624e+02
1.332797862036248659e+02
1.390815054379206117e+02
1.567349832273761479e+02
1.102905943473117958e+02
1.089472294204094140e+02
1.480410242746476683e+02
1.158679522838154128e+02
1.125918340162808846e+02
1.085695993408173194e+02
1.125927799875262565e+02
1.305475831412549610e+02
1.230450419730995719e+02
1.086192964297023167e+02
1.225931058593155001e+02
1.136607693060191053e+02
1.006390140854404507e+02
1.024534445146442465e+02
1.087243212314378837e+02
1.157905180319639982e+02
1.209187687340594124e+02
1.116496978620147900e+02
1.214871624543757775e+02
1.067033602999898676e+02
1.092245832577476961e+02
1.109614320273722967e+02
1.180277594558769181e+02
1.163440887471973042e+02
1.142699497644075137e+02
1.079727105987706182e+02
1.270553845584117454e+02
1.233995019766703507e+02
1.144418499116851962e+02
1.197833548723360764e+02
1.161709776754925798e+02
1.246127854202726581e+02
1.181501162449873874e+02
1.093650672658540941e+02
1.174434191406568289e+02
1.100469632264303925e+02
1.259485144589166481e+02
1.145043127367403457e+02
1.229151062176362785e+02
1.203203144393933002e+02
1.232557585028398819e+02
1.268407917198279904e+02
1.291025633568314674e+02
1.207496171215211831e+02
1.201966194751137493e+02
1.151872121388128392e+02
1.174099711266244839e+02
1.190285323593901268e+02
1.309747773116971246e+02
1.194875409378002189e+02
1.259902011369668884e+02
1.184978389063251427e+02
1.283079802484916172e+02
1.197966709786189199e+02
1.220098774309410885e+02
1.252990895500286257e+02
1.250638896981466672e+02
1.233105916504159580e+02
1.308024489547685221e+02
1.206908464136725598e+02
1.217567382703841190e+02
1.191342633116961878e+02
1.210996785520078447e+02
1.210996785520078447e+02
1.236679356669842491e+02
1.207284237637487365e+02
1.225944313299529966e+02
1.153874350589611737e+02
1.198103392597765975e+02
1.169386327618672112e+02
1.254105953707251331e+02
1.280387316916126963e+02
1.331041623453378406e+02
1.217668382873463599e+02
1.284705050927237835e+02
1.231324043661552992e+02
1.231258071439330735e+02
1.276812644922167834e+02
1.246647437282970827e+02
1.241369500256640066e+02
1.229609306084499138e+02
1.289091707246820988e+02
1.212656817569293111e+02
1.298497497195851622e+02
1.320191674973149247e+02
1.361066268563859012e+02
1.323116296891664945e+02
1.276795642570388623e+02
1.389847230325063947e+02
1.285895690106027303e+02
1.285713107583880230e+02
1.239329928323322463e+02
1.316767088102883463e+02
1.344034641896493554e+02
1.321526675555137160e+02
1.327669286668905784e+02
1.333177465925455465e+02
1.376489956710109652e+02
1.293573514341068744e+02
1.335609915494642621e+02
1.374329486392897479e+02
1.411622478289779963e+02
1.573551122343835686e+02
1.294914682712025638e+02
1.341192836413138707e+02
1.383100213616782241e+02
1.324381780783178897e+02
1.457402162632080262e+02
1.308403383209575281e+02
1.262666709712391224e+02
1.385281733320764488e+02
1.362048312948139994e+02
1.367682639849051327e+02
1.295892964919672181e+02
1.332514957998492093e+02
1.342973709381578828e+02
1.337365344039070010e+02
1.542733010411818952e+02
1.418062098112229705e+02
1.383148988108699768e+02
1.341197185755939927e+02
1.321846767838594587e+02
1.375361479833582052e+02
1.413946304910123501e+02
1.406672508420115264e+02
1.502960660214728819e+02
1.475764583247190842e+02
1.417178599594239188e+02
1.460108407007415110e+02
1.491541351143222300e+02
1.573551122343835686e+02
1.396671903988302574e+02
1.049515866972212024e+02
1.213038820207284516e+02
6.641728899812045483e+01
1.244125460737730720e+02
1.091006069814223594e+02
6.750132619296911685e+01
1.373729928396921878e+02
1.160597362237313632e+02
9.884327527640802202e+01
1.253508360508267714e+02
1.081657219576243563e+02
1.270059707301496417e+02
1.185544659233020752e+02
1.236224251076668423e+02
1.300432459486434880e+02
