3.305503328046108247e-02
3.155726774242148536e-02
2.865800437281045346e-02
2.781427662348061325e-02
2.484457231963624682e-02
2.240719191771156985e-02
1.873259655887374309e-02
1.829822588628704852e-02
1.761853538099248523e-02
1.715035506288780168e-02
1.705197843735244828e-02
1.660253779851626060e-02
1.402284085261261068e-02
1.317445309237651706e-02
1.302621037305125989e-02
1.230950598319008500e-02
1.182657840545286478e-02
1.114328944252422453e-02
1.105670457378543116e-02
1.060623945711126372e-02
9.932032927759957761e-03
9.742031031346805314e-03
9.330757545687649868e-03
9.137122484147379431e-03
9.136482942704117483e-03
8.971417503238677052e-03
8.736317716058327604e-03
8.731961175984494228e-03
8.605360320167378119e-03
8.515007603967597941e-03
8.424717933908870346e-03
7.993062121472244153e-03
7.762038455788758048e-03
7.710170664612808061e-03
7.678172867078258620e-03
7.605006137808578877e-03
7.516784854181633724e-03
7.253824433775253426e-03
7.009410951823947557e-03
6.989767624350422953e-03
6.852584619601620117e-03
6.765937539510430768e-03
6.550991351224515549e-03
6.288836078507244881e-03
6.221448118466220423e-03
6.122982211847673856e-03
5.960653896111373258e-03
5.886056483107555450e-03
5.742456970539734466e-03
5.711573880750828343e-03
5.681561421699185023e-03
5.642443842615151722e-03
5.610782639271205338e-03
5.543317258830089168e-03
5.418492216393376755e-03
5.412016714766023674e-03
5.244721545903711923e-03
5.220096086430956600e-03
4.977925807636502178e-03
4.952737574745184196e-03
4.875108669160481759e-03
4.861800072828896015e-03
4.850252052859597117e-03
4.808035351636838137e-03
4.776060842271958283e-03
4.740183645903336268e-03
4.710677149675621643e-03
4.514888974839367970e-03
4.511219545859541935e-03
4.452771797170968458e-03
4.450459870027128825e-03
4.419484429063794476e-03
4.278603898381624915e-03
4.066039205321434792e-03
3.972694687928802169e-03
3.959459866026486009e-03
3.758995575238244409e-03
3.711577876125676974e-03
3.682355545952135500e-03
3.659819439200813658e-03
3.551035325946916288e-03
3.544698954151262980e-03
3.538770399422185107e-03
3.436891595514488494e-03
3.319957168563604163e-03
3.190660415858144906e-03
3.187155818828025025e-03
3.165324902368274029e-03
3.160853601181007680e-03
2.988697726031992567e-03
2.966138213750315732e-03
2.945966427457273520e-03
2.936552947764974834e-03
2.914954077746679736e-03
2.898964402853127561e-03
2.886225052469512317e-03
2.881384103728241129e-03
2.842374378506294392e-03
2.804841351519946589e-03
2.752485985886865463e-03
2.729223671720750876e-03
2.728055922243241040e-03
2.723362429013496174e-03
2.689841265282342207e-03
2.633657561651476381e-03
2.633364321924778085e-03
2.582861324270516352e-03
2.576416234676390943e-03
2.562607320393138835e-03
2.550544455565240121e-03
2.511335085337694333e-03
2.494760343430565182e-03
2.443805436223285641e-03
2.442144251939433117e-03
2.433887165492859030e-03
2.392255187113266970e-03
2.329130385764344949e-03
2.293069129255908504e-03
2.291866536893315438e-03
2.250829276450335911e-03
2.217372649704381013e-03
2.192946864814415264e-03
2.188776421647177159e-03
2.187461022969151240e-03
2.156730687855463926e-03
2.125456458980755272e-03
2.104002067194262089e-03
2.061339587886444526e-03
2.050522173931743509e-03
2.045377078150451087e-03
2.030457011867836843e-03
2.008718582998781244e-03
1.965051121715380607e-03
1.938740629967514780e-03
1.918361513311985520e-03
1.912283967835913708e-03
1.907888775974349608e-03
1.906250193334418962e-03
1.901731505987216356e-03
1.854114792072584410e-03
1.800030613471210236e-03
1.783696950258929249e-03
1.690245178084758253e-03
1.667025095482617620e-03
1.643360074562460549e-03
1.632822334044428106e-03
1.628106307532071247e-03
1.617894578081592507e-03
1.613081933723222155e-03
1.538349216558854453e-03
1.534640821196114240e-03
1.534501888074202899e-03
1.497149878784901971e-03
1.496521114603520690e-03
1.495952254845101014e-03
1.487108177083026417e-03
1.480584875425092510e-03
1.467619279706437567e-03
1.464429482328311570e-03
1.454616953399394744e-03
1.435050559295658829e-03
1.433386790729021575e-03
1.408427077699668170e-03
1.407466089826907209e-03
1.402245011889676407e-03
1.384719050485832929e-03
1.360771209533671649e-03
1.340086493902662356e-03
1.330971543332135163e-03
1.285765619336066718e-03
1.281329534076471304e-03
1.268630753933198399e-03
1.259736044848188330e-03
1.250836261316238575e-03
1.247078975121039025e-03
1.234669986042734530e-03
1.218185537890253056e-03
1.184604771437415592e-03
1.178535078368309758e-03
1.177788614354446581e-03
1.174498523824072608e-03
1.172931304115461867e-03
1.139374394702618752e-03
1.132164183459951614e-03
1.124639490419748625e-03
1.079675491905766980e-03
1.058512375579209394e-03
1.034451112142420817e-03
1.020796777678617496e-03
1.012113226911392268e-03
9.867306138350616720e-04
9.573342749950513675e-04
9.494293048364588162e-04
9.281551412810216646e-04
9.233286799283249666e-04
9.222481080523841756e-04
9.209135449865919710e-04
9.031489540368537426e-04
8.979037313710989086e-04
8.949825670020808161e-04
8.869980251250469613e-04
8.268163608068989723e-04
8.016057937470793962e-04
7.818474275501824432e-04
7.633959329069194043e-04
7.560077075544297063e-04
7.518583628808047205e-04
7.381035627028687202e-04
7.175842675381998792e-04
7.086408287601772028e-04
7.066550350443946216e-04
7.016410424592676824e-04
7.008101145850202445e-04
6.846543012519457332e-04
6.739828569045150635e-04
6.479400043474153924e-04
6.341003840992043370e-04
6.057888629846931543e-04
5.994329068265811687e-04
5.901755565448306949e-04
5.789485966810148463e-04
5.598814630177711797e-04
5.397548518713077975e-04
5.392931483304558163e-04
5.389814010071638985e-04
5.350893803662415274e-04
5.282697990102805125e-04
5.242661070860949943e-04
5.143175493070678518e-04
4.941682315611567672e-04
4.848244053848000746e-04
4.806652276948959984e-04
4.685859319443766912e-04
4.566570589099709383e-04
4.512960234809114532e-04
4.166563693033791134e-04
3.973212112582341724e-04
3.959429562989752677e-04
3.895063821387450935e-04
3.861008989599048948e-04
3.598222463582571298e-04
3.385813478431832558e-04
3.127849237491493631e-04
2.976351081478421142e-04
2.801844620770355425e-04
2.801463353443957500e-04
2.611741322860646744e-04
2.593687869853528085e-04
2.431963810233539209e-04
2.320185183502645261e-04
2.240915491878221646e-04
2.232798692707374782e-04
1.976113942386662240e-04
1.909803396603135381e-04
1.898325064475773376e-04
1.598914270344982077e-04
1.289521796070584956e-04
1.096262590614586834e-04
8.363406121601224574e-05
8.255146414688066861e-05
6.423378345983827133e-05
4.688088815569917811e-05
3.886818540353450624e-05
3.209666615750430017e-05
1.980501972492206152e-05
1.737266808393273158e-05
1.465578728247445509e-05
1.363302221519019571e-05
6.876742960034654591e-07
1.743829918088116146e-19
0.000000000000000000e+00
0.000000000000000000e+00
0.000000000000000000e+00
0.000000000000000000e+00
0.000000000000000000e+00
0.000000000000000000e+00
0.000000000000000000e+00
0.000000000000000000e+00
0.000000000000000000e+00
0.000000000000000000e+00
0.000000000000000000e+00
0.000000000000000000e+00
0.000000000000000000e+00
0.000000000000000000e+00
0.000000000000000000e+00
0.000000000000000000e+00
0.000000000000000000e+00
0.000000000000000000e+00
0.000000000000000000e+00
0.000000000000000000e+00
0.000000000000000000e+00
0.000000000000000000e+00
0.000000000000000000e+00
0.000000000000000000e+00
0.000000000000000000e+00
0.000000000000000000e+00
0.000000000000000000e+00
0.000000000000000000e+00
0.000000000000000000e+00
0.000000000000000000e+00
0.000000000000000000e+00
0.000000000000000000e+00
0.000000000000000000e+00
0.000000000000000000e+00
0.000000000000000000e+00
0.000000000000000000e+00
0.000000000000000000e+00
0.000000000000000000e+00
0.000000000000000000e+00
0.000000000000000000e+00
0.000000000000000000e+00
0.000000000000000000e+00
0.000000000000000000e+00
0.000000000000000000e+00
0.000000000000000000e+00
0.000000000000000000e+00
0.000000000000000000e+00
0.000000000000000000e+00
0.000000000000000000e+00
0.000000000000000000e+00
0.000000000000000000e+00
0.000000000000000000e+00
0.000000000000000000e+00
0.000000000000000000e+00
0.000000000000000000e+00
0.000000000000000000e+00
0.000000000000000000e+00
