7.623199320832210901e+01
6.855411340350826777e+01
4.985312471777236709e+01
4.997920728439733296e+01
7.035326994452138649e+01
6.612014276851354566e+01
7.562017691254253293e+01
7.492736518486367459e+01
5.302160883930420709e+01
5.292593821122336095e+01
4.067809125037591400e+01
6.364013421437334728e+01
5.684819522602845154e+01
6.288860644987734361e+01
5.774582894035665959e+01
7.508680043545984972e+01
7.022361923536148254e+01
1.381176275188423688e+02
4.669708260120422949e+01
5.174074207179121743e+01
4.921376729611870360e+01
6.656978373162375817e+01
6.325296351063043687e+01
4.961703099264117611e+01
4.141632793684637903e+01
5.709507634070379112e+01
3.461266795557402531e+01
6.155609725377560437e+01
5.942007765985258061e+01
5.692730757153461241e+01
5.848582735547611122e+01
4.908216755640650319e+01
6.130710238981162519e+01
7.352547625367553508e+01
6.510157680927653701e+01
5.635406349599735876e+01
5.808302195012674929e+01
6.405206869362775990e+01
5.940628960518596102e+01
6.252583419666397901e+01
6.460808467290925705e+01
6.555347086567110182e+01
6.797600246299704452e+01
6.222120811554750475e+01
7.474627468670874464e+01
7.116283517347812904e+01
6.991370003787507414e+01
6.716284159303262413e+01
7.186250409789477089e+01
6.748197639752218890e+01
6.727650774066829342e+01
6.493063561894166469e+01
6.547279434695944644e+01
6.355265954052203625e+01
5.768518279368036872e+01
6.462893374507676469e+01
5.649810025347660769e+01
2.944194346861912237e+01
3.384860117122938306e+01
3.694539604466400817e+01
4.272559500234181229e+01
5.832692438012922054e+01
6.163474198435321227e+01
5.009223824869999220e+01
5.555857780464977225e+01
5.696101076028415378e+01
4.239355015906859592e+01
4.382381166880068690e+01
6.442237040192442521e+01
4.162636511478365264e+01
6.442217211237000640e+01
6.520913063386865360e+01
6.114215642134062989e+01
5.343979677511354964e+01
6.571812614853131151e+01
5.487860973860350811e+01
6.502378552302347714e+01
7.167405200988578429e+01
5.744476725189818467e+01
6.838506504813791764e+01
6.880016488500596950e+01
7.047078710776983712e+01
5.695486679143179742e+01
7.845463577057948612e+01
7.549871312740751250e+01
6.125228000464169043e+01
5.922522692482805695e+01
5.655686887543727437e+01
3.377832794690756657e+01
7.309481819479532305e+01
6.655617844014747675e+01
5.792143774134083856e+01
6.526504925198190676e+01
6.427523657062978657e+01
5.798503659740198657e+01
4.574217714433810755e+01
6.116298545425031108e+01
6.808046929189426066e+01
5.829433300071930546e+01
7.178573351932583080e+01
5.640218564092486986e+01
6.391714686110126564e+01
6.666342879831056223e+01
6.664201831027881440e+01
5.995731173975592299e+01
7.031505744062511098e+01
7.548917357644843662e+01
7.036027736944582500e+01
7.122913327263815120e+01
6.813060585296634031e+01
4.916407127201026128e+01
4.674501733137897475e+01
6.328890949778188713e+01
4.622388963054531530e+01
6.730516787908889853e+01
6.821882072292982002e+01
6.891939294863117027e+01
6.966716237236698817e+01
7.004156474475094285e+01
7.164760633443763993e+01
5.848605047095970377e+01
5.757347469896902936e+01
3.579931375274701111e+01
3.838195378602974728e+01
5.309778963214158409e+01
6.482484018395436465e+01
6.456922588925073114e+01
6.803742602248050275e+01
5.753988923311840864e+01
5.093835507932750772e+01
6.348784888504492585e+01
5.819354895800539396e+01
6.937087691667086631e+01
6.754664468445089653e+01
6.443049528812882443e+01
6.538952379184418362e+01
6.443776248517806948e+01
5.952092930577726548e+01
6.211637369134662379e+01
5.579781307891293807e+01
5.613791639025261304e+01
7.036928909307391677e+01
6.740134979536456683e+01
6.125557170314565525e+01
5.823994139141030502e+01
6.927119980697024459e+01
6.657670833840235503e+01
5.513825241422343026e+01
6.585592653495817217e+01
7.039923776801674649e+01
6.551979347510602736e+01
6.799819428779287023e+01
6.410193750413780833e+01
6.840654604387387394e+01
6.617647838147999551e+01
6.185252657666748632e+01
6.637379569245986488e+01
7.309333863654885022e+01
6.617783986216650760e+01
6.811600601088173335e+01
6.437353064532561575e+01
7.231569475951435777e+01
6.174330825618204699e+01
6.557321488227520945e+01
5.957178239989359980e+01
7.155073782844296204e+01
6.072385027432353866e+01
6.879770188171104905e+01
6.973083619997986204e+01
6.642170454103235500e+01
6.575264944493243036e+01
7.045800202625424902e+01
7.378717451372510538e+01
7.345826324276922037e+01
7.347864531451190828e+01
8.878034551448627099e+01
8.492576365933854277e+01
7.083566800608474523e+01
9.321019983722770519e+01
8.338044782777447494e+01
7.200326712917835437e+01
7.930627686146436872e+01
6.736120349674781949e+01
7.175708156394070159e+01
8.918862301148448068e+01
8.376286538951544003e+01
8.684223979377050284e+01
1.118720428454703466e+02
3.932945604562925723e+01
3.927674298007304543e+01
5.933867601459039776e+01
5.429184342662219365e+01
5.841893088703675119e+01
7.358394648455329445e+01
6.818549706820219569e+01
6.119766957811166463e+01
6.595851845577774952e+01
5.948339381314657004e+01
7.018842417759589125e+01
6.767308197735314934e+01
5.902522568921524737e+01
5.802016515189148294e+01
6.854805483143061906e+01
5.917572229372016324e+01
4.992492692654334974e+01
6.291591429611769826e+01
7.089121951698233204e+01
6.875422320687269462e+01
6.490015944030650985e+01
6.579737232999501373e+01
6.305208794196877875e+01
6.737456179159691771e+01
6.230538907764677958e+01
7.182656074467053031e+01
3.118461877580723041e+01
7.004450052694872397e+01
6.939800214891467078e+01
4.411750022985663122e+01
5.379933161034082900e+01
4.877332374716733909e+01
4.768361741821647826e+01
4.023394592047992546e+01
5.146157112103954034e+01
6.435247272321079492e+01
6.819391424308676619e+01
4.848519337334653301e+01
5.884157096405288456e+01
6.483358011349038463e+01
6.077724657686606236e+01
6.055703073242452206e+01
4.994918877507757315e+01
6.839302448756393460e+01
6.507046965282053463e+01
7.056872299578618879e+01
6.615089795984474108e+01
6.589146438854858445e+01
6.179943116521145896e+01
6.188151002340799778e+01
7.268530413703338411e+01
6.306179513456502406e+01
6.538528309595483279e+01
6.779238500947843704e+01
6.458208734725120337e+01
6.521848055910552944e+01
6.731947947754306938e+01
6.887350903624113130e+01
5.838349491371712929e+01
7.496532583063550703e+01
6.780360256854622492e+01
6.988526822230124935e+01
6.942001525440078069e+01
6.774036589832181221e+01
8.065767585762975500e+01
7.341874665291791757e+01
5.515398151512847846e+01
7.095183258588440367e+01
6.267997447618468954e+01
7.070380077763063298e+01
6.937058682639587914e+01
6.976372421531081613e+01
6.930878844906565917e+01
7.114040625204602009e+01
6.755584877227931884e+01
6.894361272944139785e+01
5.750896447198491757e+01
6.184535397852157246e+01
6.877968518091314820e+01
6.437209064296415306e+01
6.869919032237559975e+01
7.093034318085086909e+01
7.743895528823068730e+01
6.764181732117437207e+01
7.127441505923721365e+01
6.618345455799487809e+01
6.670809632851911886e+01
7.999174229945097636e+01
7.242283052349736749e+01
6.124227859291771381e+01
6.847648207620160576e+01
6.728095285352871713e+01
7.023857989663903822e+01
7.096572886012977222e+01
6.652999289172035446e+01
6.888881612361788598e+01
6.671674026867017915e+01
7.084074854286896539e+01
7.073964828445714659e+01
7.000645375922232461e+01
6.797274385714592881e+01
7.618012336575630172e+01
7.790782418808964849e+01
7.622329288298455197e+01
7.978962012351476574e+01
9.709308442459490607e+01
9.005430981988878614e+01
7.949832319240846346e+01
8.448578616508770267e+01
7.212629640676053100e+01
7.485373342729668877e+01
7.620033050960115872e+01
5.355077828141925522e+01
6.279488301249534032e+01
6.106502158587151996e+01
6.131073587158580551e+01
6.157233029050526341e+01
6.032121933571274752e+01
6.203635837416777576e+01
6.162847007694604429e+01
6.082158581498621430e+01
6.349911135867166934e+01
7.256387452563834017e+01
6.867626405341295026e+01
7.515123709776410976e+01
7.064703136415356255e+01
6.566878463911983488e+01
7.412759029236238462e+01
6.116054676270738355e+01
6.434840374449790090e+01
6.895554894070625096e+01
6.832153290937772283e+01
7.362337140676173419e+01
5.867237392634239512e+01
5.801095992312112060e+01
5.335450080424413954e+01
6.652547038971891880e+01
6.787861025174778717e+01
5.901291527662790060e+01
7.340018865981781460e+01
6.883646996256673845e+01
7.138082505965077473e+01
6.154223949575010977e+01
6.387016475537654259e+01
7.195194389974484750e+01
7.305305486508871127e+01
7.151715393550844624e+01
7.407274550893481546e+01
7.038028816935707255e+01
7.232691935013041018e+01
7.035907199845993887e+01
6.433661226801646649e+01
6.423391118181778836e+01
6.516249093527792979e+01
6.934821244539161000e+01
7.496646311934799201e+01
7.529958716689446874e+01
6.966141772998419412e+01
8.097197586822920812e+01
8.720022807804654974e+01
8.005236694013214560e+01
7.245254299122564134e+01
5.284614373612343030e+01
5.995556238952145378e+01
5.659983528067380121e+01
7.101119489474776003e+01
7.079946254887009616e+01
7.282939096653828415e+01
7.831935004376316556e+01
6.908140118323694878e+01
6.904820494054200708e+01
7.127476449066641351e+01
6.478922416464249068e+01
7.224989471984589784e+01
6.701510673177187982e+01
7.467477974458795131e+01
7.433497350992082886e+01
6.484818333953764125e+01
7.650006304387542855e+01
7.113703161509390327e+01
7.004808760963173597e+01
6.863255951681442468e+01
7.354934827655453944e+01
7.300108908432142130e+01
7.165195480924552385e+01
7.214261223178122862e+01
6.934666227084395018e+01
7.700598979400797361e+01
6.970386772769843731e+01
6.637128227147697146e+01
7.701094896788326594e+01
9.672307907608853839e+01
7.633534018000163712e+01
5.233140164543711848e+01
5.847412953969365645e+01
6.863946731923685718e+01
6.555468670547195131e+01
6.888050575285492982e+01
7.356599703704890203e+01
7.018668120806825073e+01
5.786499119490579801e+01
7.262788535079101848e+01
7.621711874887469662e+01
7.474498645249830986e+01
7.139456958344909765e+01
6.116174968076995810e+01
6.878142361309276964e+01
7.175006753898183831e+01
6.147557756116287919e+01
6.776038028560060411e+01
6.773573752698638373e+01
6.579648532004618744e+01
7.445316876932704986e+01
6.943824283895165195e+01
7.053391791366566110e+01
7.727374455326966540e+01
7.037116593793997765e+01
7.134899022820339098e+01
7.706935653165672306e+01
7.533869106728913323e+01
7.156285611237272803e+01
6.992874926645272637e+01
7.081743353514775663e+01
6.696845396991621158e+01
6.441422270180234477e+01
6.760122078368145537e+01
6.588114627050909178e+01
7.283244089745136307e+01
7.039246877207085618e+01
7.627382155616703585e+01
7.084091460069305413e+01
7.805700828819828985e+01
7.175555482027046139e+01
7.466062840152490310e+01
7.252639418808580274e+01
8.203293367195601604e+01
7.490041055239039736e+01
8.063799614607503941e+01
7.871664226108060802e+01
6.643814743142579005e+01
7.212859592909332207e+01
7.500302498784688510e+01
8.369725072345315198e+01
7.320899342625062900e+01
8.236601211256679278e+01
7.435411218060426108e+01
6.729670509212276386e+01
6.128327727249218526e+01
6.576128136183429262e+01
6.461401055671694849e+01
7.171281575002053899e+01
7.120627736556511422e+01
7.343934518486342711e+01
7.701159859121409568e+01
7.037952679559177227e+01
7.893234018056878654e+01
1.324012433194802156e+02
1.301009707149181054e+02
1.231483977011465640e+02
1.020683733637431203e+02
9.592824873995604662e+01
6.735286481301864114e+01
6.846330975949909714e+01
6.846330975949909714e+01
6.756848135781243059e+01
6.058466045874034478e+01
5.656926714523554267e+01
5.653320530618753281e+01
4.997969237721063251e+01
5.025389491534408393e+01
5.193469226522981330e+01
5.193469226522981330e+01
5.971050168282687309e+01
5.844300966137701892e+01
7.126588740797502908e+01
7.217914274105898187e+01
6.786679631188863482e+01
7.038269268455630367e+01
7.028987704766599620e+01
6.818325778061688425e+01
6.420086590008871497e+01
6.666678169715964941e+01
6.850351463875313129e+01
6.292710059646374532e+01
7.368383007230413284e+01
8.668550970206237594e+01
9.329340378375020748e+01
6.962819035989684835e+01
1.123322170454123921e+02
7.713322727864817807e+01
7.028435160336704257e+01
7.110850534375272503e+01
5.179027811535583936e+01
7.208968807222235853e+01
7.014692465082956119e+01
5.681339187596977069e+01
6.931186975638063075e+01
3.861365530534705215e+01
6.919845548403516489e+01
5.246711243707481742e+01
7.164875517274542460e+01
1.099623223314960399e+02
7.136656460756438491e+01
5.436246543661761166e+01
7.098728631435550085e+01
3.691706664005457839e+01
4.876084208412423493e+01
8.002430519042908941e+01
4.377607092096903330e+01
6.233144745969414657e+01
1.142678169856754096e+02
7.180356667561230211e+01
5.393195451283928321e+01
7.217705912678403024e+01
4.836274942633761498e+01
6.496846176494476310e+01
6.605960791487714800e+01
5.676021094512464060e+01
5.211896188444602274e+01
4.295249512787920310e+01
5.406038141793672480e+01
3.950376188716749937e+01
5.591279103400501782e+01
3.125036912722632820e+01
4.544234233039161808e+01
6.253387181583033794e+01
3.355941973860315386e+01
3.808056092517119851e+01
5.876654307022299406e+01
8.036099211166302325e+01
7.441705080393177241e+01
5.804079077311969570e+01
6.565172086362450443e+01
6.282008299103570437e+01
5.570707291588059462e+01
5.843337459416399327e+01
4.576608863878516331e+01
4.461591814804454259e+01
5.978244488436514814e+01
5.883943308972767738e+01
6.110226618746243332e+01
5.220330462494899848e+01
5.979109146666887398e+01
6.336229895048530381e+01
6.960554752486541474e+01
6.981079763724754628e+01
4.999664797342988010e+01
5.220923375227535246e+01
6.539166841699261568e+01
4.954269531418212580e+01
4.961279990322013589e+01
6.322653559264487200e+01
5.038433922933818110e+01
5.514016847514386654e+01
5.921500117657204498e+01
4.853005668406184014e+01
6.869811312256209135e+01
6.309832391900219051e+01
5.520378733431474672e+01
6.355794080441646088e+01
7.124311152876380504e+01
5.837145285622722213e+01
6.179470842689656251e+01
6.233144745969414657e+01
6.201178642615756331e+01
4.887976121677989738e+01
6.234372727854928797e+01
4.465349725197921771e+01
6.012047927596746888e+01
6.241144678485177621e+01
7.622416993198483226e+01
5.776857856615996667e+01
6.716398506619249531e+01
5.372553925633836513e+01
6.388811313094183220e+01
7.320276587750434771e+01
6.446162024900671383e+01
5.265145321709786685e+01
7.008025051833047314e+01
6.679040602512161229e+01
6.968022332709010414e+01
6.626095222061107393e+01
6.023967456415759614e+01
6.703678503529117449e+01
6.571568234515046925e+01
6.608871317930830003e+01
7.368244800001795625e+01
7.092820495708156159e+01
7.071549413308325427e+01
7.014540823380049517e+01
6.947865305962980642e+01
6.815744016379346704e+01
7.613988282908582050e+01
7.741070868377396152e+01
6.717701412321775933e+01
6.867602681361381656e+01
7.832937587473855956e+01
7.396938917193953955e+01
6.853702058670567965e+01
7.212158735484800332e+01
7.442823773935396048e+01
7.864604172460742859e+01
7.686730294334533653e+01
8.633819343510049293e+01
