7.577151964717305077e+01
5.280470599680018751e+01
5.331660219969158732e+01
6.903546278665976388e+01
7.620463792508704159e+01
7.346784574793811373e+01
5.796283517018137843e+01
5.523768686391424865e+01
4.719323653892020332e+01
5.758849652904237360e+01
6.586622916546920692e+01
5.800627363407390646e+01
6.781550867130667370e+01
6.797887952260168731e+01
7.310985186615714326e+01
1.286393054473615507e+02
4.178361916078701199e+01
4.635735794563014167e+01
4.637138249770025311e+01
5.915082987466882969e+01
6.650638075528290472e+01
6.531389750702196295e+01
4.971369138183483471e+01
4.483430080541862139e+01
5.532748706344243317e+01
3.837155213175715573e+01
6.399431127004622510e+01
5.347337205298513396e+01
5.587283898724818698e+01
5.959712653075222022e+01
5.155763383452581650e+01
4.913903877661864072e+01
6.253503685917276300e+01
6.557221644157023377e+01
5.631528258510008556e+01
5.848900001137513271e+01
6.685989512269520674e+01
6.063374328918878575e+01
6.278890282628256614e+01
6.403603881012952570e+01
6.459098083306135152e+01
6.818933895033501358e+01
6.562053472410835298e+01
6.924906104343155278e+01
7.152834216511331533e+01
7.183914743779529033e+01
6.623060015586639793e+01
7.108923343372757131e+01
6.923252882971279121e+01
6.896518232330221565e+01
6.445808375377048094e+01
6.555299600471020938e+01
6.483720654733248523e+01
7.447019179647149656e+01
7.026629000340324183e+01
5.675840043586444494e+01
4.506532381638001539e+01
6.064177140860417836e+01
5.809346813458387260e+01
4.713836280320330729e+01
5.267661413845033991e+01
5.160555983269773606e+01
5.685828567868122008e+01
4.531049128160908879e+01
4.493657187318920876e+01
4.608412981190252111e+01
6.306373738403791407e+01
4.629489539359425976e+01
6.244754163959540705e+01
6.523397239552387816e+01
6.638995944000025418e+01
6.102240820760717099e+01
5.992003348930364126e+01
5.734691837876840026e+01
7.192986591085819725e+01
6.830068495245026838e+01
7.170928563169348990e+01
6.209974563613000242e+01
6.898129973660857672e+01
6.827171424297296198e+01
7.245040986104034175e+01
7.075753169571618173e+01
5.458022142527489962e+01
5.376515996129295161e+01
4.849518616463790011e+01
6.494787700886307391e+01
6.691229209677474898e+01
5.759027200777725852e+01
6.563686364853056432e+01
5.807147512735911477e+01
5.718942609188120230e+01
4.736818261201457858e+01
6.254129815888262556e+01
6.841638701352991347e+01
7.096412412101221889e+01
6.533214838738824426e+01
6.580458330459882177e+01
7.004884175467688578e+01
6.793377653219529577e+01
6.758104550553591139e+01
6.396216213281392271e+01
7.064179619838549229e+01
7.173733942153748444e+01
7.348584335556529368e+01
6.686671834547266258e+01
7.616149126276728509e+01
6.989671951816515616e+01
4.505190239792003126e+01
4.520198770037509917e+01
6.317078458319964085e+01
5.170451947507335433e+01
7.011144684645380210e+01
6.912238481536189738e+01
6.845350374460876708e+01
6.772025725489869785e+01
6.582864689008637527e+01
7.047312100209497032e+01
6.067849609983257864e+01
5.015810655083515712e+01
4.326515790439557918e+01
4.842129517297129837e+01
6.174997814499406701e+01
6.546388786171276308e+01
6.574751729983233872e+01
5.281304650345389007e+01
4.939619287079500509e+01
6.402045014610152407e+01
5.218889090199900238e+01
6.230360499073765368e+01
6.614839256209819496e+01
6.360523130434800265e+01
6.299917081557883591e+01
6.331911009884371566e+01
6.441894373412928587e+01
5.668626495527466602e+01
6.707523876330526491e+01
6.204914124460297131e+01
5.888908752130669910e+01
6.482010099120982716e+01
7.082283486322097588e+01
6.396305632315259970e+01
6.011386161329219391e+01
5.499819485474398562e+01
6.927263157867251664e+01
7.578974154409554842e+01
6.690104864981046262e+01
6.452890072755035078e+01
7.713296903476225452e+01
7.008424420898462870e+01
6.232129472789463165e+01
6.557993680574561779e+01
7.173467339610309068e+01
6.764382593637341756e+01
6.789118408470059762e+01
7.043102495427962140e+01
6.435850559435937157e+01
6.955145861062165125e+01
6.586423275893774587e+01
6.484673330325854579e+01
6.274243255527203900e+01
7.009093698376052828e+01
6.696396375384432531e+01
6.723738685555463235e+01
7.436893321968072712e+01
7.224889115843640752e+01
6.294595048604726628e+01
7.303202262611252138e+01
6.904771794554176267e+01
7.179452517689819047e+01
7.270810752561405366e+01
6.716089699767553611e+01
8.561915351376487138e+01
7.199677430481403917e+01
7.446601058511726023e+01
9.485607623947879574e+01
9.745982140708601094e+01
7.146150309497801345e+01
8.339779052474528953e+01
6.871883005188607285e+01
7.074305555625232955e+01
8.437935240480175025e+01
9.565970496428903402e+01
9.407646143608012324e+01
1.059302944686208434e+02
4.753930703651234069e+01
5.391277230793063069e+01
5.808831777007152652e+01
5.593226047346321650e+01
6.148284748628348240e+01
7.292037271697300582e+01
6.906761037392760727e+01
6.619527851475372415e+01
6.548992823441211897e+01
6.156721372189193886e+01
6.911845846710160401e+01
6.363511533521324992e+01
5.990211884603898795e+01
5.880876349880840337e+01
7.081742454491137551e+01
6.365039212699603866e+01
6.015142379558918151e+01
6.354564600259024587e+01
7.055412863248821509e+01
7.098907853425642145e+01
6.614002246349124903e+01
6.331429238873236898e+01
6.519226981773078933e+01
6.587926811699173868e+01
5.894674828807805511e+01
6.549239016285439163e+01
6.350673330943043737e+01
6.827400179354511067e+01
6.670908667328785668e+01
4.109405070688314510e+01
6.666883284681377120e+01
7.011662039616248876e+01
4.907677511918946323e+01
4.784998404087749435e+01
4.256972723743071185e+01
4.169897784303424970e+01
4.538591428952849327e+01
5.365603148158505320e+01
6.409104272574641925e+01
6.941190213486669336e+01
5.225388827327308405e+01
5.796463632825918211e+01
5.961890238743242776e+01
6.111832832410469507e+01
4.949776221891663397e+01
6.613163356389064518e+01
6.689481647708542766e+01
6.434770488552970846e+01
6.568742794222337977e+01
6.588946832495673789e+01
6.038978662688652577e+01
6.775316965887512310e+01
7.372255064595888996e+01
6.171035059353891938e+01
6.560478974805560881e+01
6.744292500066953266e+01
6.510790341841807560e+01
6.904821152623628677e+01
5.839663081825310798e+01
7.419172756178708994e+01
6.618136628516568010e+01
6.867954752812802610e+01
7.182277829757386201e+01
6.876474417236285319e+01
7.689863103495075336e+01
7.059740708342957305e+01
6.979412187944265611e+01
6.535871459715323795e+01
6.077329639388872806e+01
6.749032634239570427e+01
6.712825657902058651e+01
7.143106211497290303e+01
7.123650825308489232e+01
7.123650825308489232e+01
6.098721433033742301e+01
6.684130536518071608e+01
7.010814335739628689e+01
6.998194128815366355e+01
6.180858175244687658e+01
6.645086139707046868e+01
6.361962649331924524e+01
6.767928027507150546e+01
7.494550480165383988e+01
6.729874091603188901e+01
6.834565577257704660e+01
6.644404617570741323e+01
6.613603590876567750e+01
8.256507211839229399e+01
6.827812106105028533e+01
6.212405339162839368e+01
6.827689856861222495e+01
6.951841938817830169e+01
6.794828241460918150e+01
6.637525952213680114e+01
6.796299712822207084e+01
7.202862678133503493e+01
7.176431260451884953e+01
7.328925310704605067e+01
7.222676994765561176e+01
6.966590256217992305e+01
7.685609826830391000e+01
8.020431757461530253e+01
8.831701299116733139e+01
1.019894422518783585e+02
9.538281907629840362e+01
7.697610628446228986e+01
8.057812950145437014e+01
7.144218073372344691e+01
7.454174516352598800e+01
6.887015894392176563e+01
5.933879181415049686e+01
6.099841118675470852e+01
5.878381583361949936e+01
5.917055152927834172e+01
5.810794783389043516e+01
6.126728603192538003e+01
6.313270239557333241e+01
5.929392388839105621e+01
6.583781177330378398e+01
6.453276874220959769e+01
7.270612196787728010e+01
6.903240782184141722e+01
6.806780505631768108e+01
7.523956952723540326e+01
7.287122582380962399e+01
6.598108750871172390e+01
7.425088735439273080e+01
6.207032684563143476e+01
6.509633074747475234e+01
6.536963319394764937e+01
7.113265514669173228e+01
8.806846306945280389e+01
6.846656196219383617e+01
5.868331499104368731e+01
5.552786536104476056e+01
4.479384925936760453e+01
7.107255168889436447e+01
5.453755155893484385e+01
6.974077678447872586e+01
6.346794353543324263e+01
6.740211182097294795e+01
6.877435856798875591e+01
7.256598953659093354e+01
6.203417116083850402e+01
6.456097373626364799e+01
7.494716450378633965e+01
6.183858691572616806e+01
7.346241079082155068e+01
7.013158292464612487e+01
7.018169714888686883e+01
7.368125676485163922e+01
6.468787179337017790e+01
6.692566186275412576e+01
6.042372132267973939e+01
6.999980984866189715e+01
6.986909909122563533e+01
7.091069581316611448e+01
7.427945970954510813e+01
7.409188259915549679e+01
6.879516266875221220e+01
8.950358377671300047e+01
8.426512173533848227e+01
7.854165188616028104e+01
7.001936809421178509e+01
4.927530926851883919e+01
5.491796364883069259e+01
6.474527123954210595e+01
7.609399855000782509e+01
6.972376415123233073e+01
6.696564682524041245e+01
7.972259559898989778e+01
6.812625417811739226e+01
6.804082868319619593e+01
6.938566636961519407e+01
7.260852203162566809e+01
6.354479064901855878e+01
7.142058176178372264e+01
7.259995518106508428e+01
6.925413817039392939e+01
7.273655257156539733e+01
6.652122243728966566e+01
5.705048087780843247e+01
7.197607877417992484e+01
7.132881163631451216e+01
6.859534539184294033e+01
6.937249421330018606e+01
7.001939587466685566e+01
7.047472723304181841e+01
7.352407461620086337e+01
7.049167489715891577e+01
7.627285051288973250e+01
6.698332746060530951e+01
7.688760449963528743e+01
9.015127168343975939e+01
7.431327091469947277e+01
6.813738628133478414e+01
6.901671708484883538e+01
5.777584194970652476e+01
7.081819627106156645e+01
6.510658837222545969e+01
6.930815210026480599e+01
7.307979532185817106e+01
7.272361982545531589e+01
6.977952053162582047e+01
5.810816045952652331e+01
7.351519541631118670e+01
7.727679824622970273e+01
7.322499042850587614e+01
6.448248997088333567e+01
6.874109712965172037e+01
7.362799212500050317e+01
7.003836924738719460e+01
6.601077210080660507e+01
6.553602068929498614e+01
7.366109170330653910e+01
6.660459752236178588e+01
7.306852153126682481e+01
7.671461953316391202e+01
7.446859307234969094e+01
7.152560800103798044e+01
7.140109467766050955e+01
7.679805857128482671e+01
7.694137640003427236e+01
7.448036171104708103e+01
6.952499021215641051e+01
6.470423483433425815e+01
6.841502629370332045e+01
7.139779158267592152e+01
6.589498130453124247e+01
6.853886450010796239e+01
7.528870356277398912e+01
6.893179986016940575e+01
7.314472327381960781e+01
6.647802869299178496e+01
8.482175787000252853e+01
7.887465564320871181e+01
7.341215669808944710e+01
6.804242803226375713e+01
8.048131308658041405e+01
7.853216849857386705e+01
7.854461535894138535e+01
7.571417065558938475e+01
7.160118186686364083e+01
7.691700669703344317e+01
6.984082923748573535e+01
7.013544393721639381e+01
7.704362334396321899e+01
9.605839860626454652e+01
7.086384559022091878e+01
6.589595411323608687e+01
6.131214789980349167e+01
6.860437283212228010e+01
7.904103014099308666e+01
7.231610751580574004e+01
7.879157519193545056e+01
6.966706505482711975e+01
6.948850748620196782e+01
7.394956122517197628e+01
7.946978097931157947e+01
7.539190964590832778e+01
7.018451161069992850e+01
8.318328326698167530e+01
1.273795961586417462e+02
1.302049585243059369e+02
1.125629156511982387e+02
7.146076649734848729e+01
7.045567510286895185e+01
7.052019997989879130e+01
7.098882467723535683e+01
6.948251372877695076e+01
6.654042430626560645e+01
5.557319005381263111e+01
5.503552062384000720e+01
6.616551864791200899e+01
5.116196064486817363e+01
5.116196064486817363e+01
6.308662903341967620e+01
5.604717931028372391e+01
7.370811300734170857e+01
7.114874767767634012e+01
6.998024408224215165e+01
6.877535108444659784e+01
6.907212873910646067e+01
6.649792180540164566e+01
8.099458756703083395e+01
6.776976691702562050e+01
6.776169421485704447e+01
6.481070180632733013e+01
6.762855299351180349e+01
7.471784438329868294e+01
8.985594143791630017e+01
9.497242104511019534e+01
6.888598614766510764e+01
9.111603673106358769e+01
1.137490007337858771e+02
7.654477246890415643e+01
6.499188557907605457e+01
6.912906698700072639e+01
6.885060178840971901e+01
5.652060046791699932e+01
6.980674806878441530e+01
5.552343381211242246e+01
7.005822803184689462e+01
5.390389821912827983e+01
7.462175555001053340e+01
7.307019955132633982e+01
1.054677756614876785e+02
7.290181406696358124e+01
5.609906918643757479e+01
6.724776874658505221e+01
4.361108876575939064e+01
5.088156689881402883e+01
7.002966928679110481e+01
4.234561899629726156e+01
5.911652869684713352e+01
1.170989990765088322e+02
6.735330984073839033e+01
4.984085769195633020e+01
6.904394467528263135e+01
4.809769705240037752e+01
6.423060274425174043e+01
7.487772592828891050e+01
5.435030834720114257e+01
4.961725744954681261e+01
5.004436772029193747e+01
5.243802182188221650e+01
4.307772211237934812e+01
5.291661413845033479e+01
3.986524972343794104e+01
4.753805866499489241e+01
5.708203429841123722e+01
3.947733409846483710e+01
4.116246784975997741e+01
5.155853528482209214e+01
9.214980569586487036e+01
7.158986467237745899e+01
5.056150915039930283e+01
6.432343165309885080e+01
6.847104974788459231e+01
5.266347953824556782e+01
4.417801472417232844e+01
6.638929582188450240e+01
4.455037462981121621e+01
5.023323569652802689e+01
6.430625523678483546e+01
5.749550087829590694e+01
6.152311867615262742e+01
5.066458555375966455e+01
5.881427779415695767e+01
6.857966793614318135e+01
7.130850733512916406e+01
6.406944673652496647e+01
5.157390730721727579e+01
6.807897786842923438e+01
5.328483089105861836e+01
5.134911807463340949e+01
4.407492342751956471e+01
5.256406975262715520e+01
6.735751943538534192e+01
5.122424422150386647e+01
5.705890028969010785e+01
5.787385788406895415e+01
5.024587881555155633e+01
6.704630359076487878e+01
5.673623974742875475e+01
6.351338772700712099e+01
5.362662273017753023e+01
6.025773566356957645e+01
7.079746637471794202e+01
6.539962359189797780e+01
6.292818370209010226e+01
5.897767478345239311e+01
5.008986887844636726e+01
6.698565944292066376e+01
4.968796046290063373e+01
5.582493033300391971e+01
6.209240821246276454e+01
5.541842428020856914e+01
6.711418787305730405e+01
5.612587934443219240e+01
6.534646295944448013e+01
7.130344493808975415e+01
7.041437940013526031e+01
5.482790612747544401e+01
6.918098470448191506e+01
7.350943778155783548e+01
7.115403198085148517e+01
6.851687707895312940e+01
7.202027026763531126e+01
6.497772039923890475e+01
7.548736153665362281e+01
7.500780987351480178e+01
7.074398844191931346e+01
7.444551259042927427e+01
6.828742813521834876e+01
7.263491223286982290e+01
7.543887933698985648e+01
6.652094115015242437e+01
7.497340205621830478e+01
8.141564773962159052e+01
8.043665546047398607e+01
7.050183982405525285e+01
7.033821346148076259e+01
7.154659850736805993e+01
7.333691366220237740e+01
7.634741562906647516e+01
8.244499324711156873e+01
1.041459934025283047e+02
