7.377251111527820626e+01
6.934799384448123760e+01
4.898664640689230509e+01
4.991950360983328494e+01
6.958927966816573019e+01
6.834524252289885737e+01
7.644096762769478914e+01
7.336919415883490103e+01
5.670404811516318944e+01
6.721053358180344617e+01
5.662367770441349535e+01
6.447824246613942023e+01
6.098164048657174163e+01
8.047782991570626621e+01
6.786045401856236481e+01
7.502585065026525513e+01
4.880250319218414745e+01
5.321969261251041416e+01
5.310578419433793584e+01
5.884566494668846559e+01
6.699728548212517865e+01
6.570390528096211824e+01
5.137724974358619079e+01
6.334940786575047866e+01
4.281524442299870259e+01
6.420743345493296772e+01
5.789339685795440005e+01
6.047926399954536691e+01
6.279413071173370042e+01
5.646750142999938049e+01
4.820874950785951540e+01
6.455198271299090607e+01
6.812676332849520122e+01
5.806396399517346651e+01
6.174534332010335191e+01
6.521869804558529893e+01
6.159484100434464438e+01
6.704497104230821947e+01
6.557955135321336115e+01
6.888061893873265262e+01
6.683851669830842468e+01
6.587620232546889554e+01
7.390319475401284421e+01
6.958911306540287001e+01
6.622774213622577122e+01
6.977806163777513859e+01
7.021375754318476936e+01
6.934026102334804875e+01
6.651510573822466199e+01
6.582853062364412722e+01
6.889443228090554783e+01
5.804057298527774833e+01
7.292546400795184525e+01
5.750932425949004312e+01
3.641927823493644212e+01
3.547056911568893156e+01
4.520329121345180567e+01
6.244279131886355572e+01
5.652845414582448313e+01
5.554331272695431920e+01
6.135065919599270501e+01
4.513882809233599147e+01
4.636156785276460113e+01
4.548888561786471740e+01
6.803562938977573538e+01
4.629070243006203356e+01
6.300608514695672113e+01
6.680472130361522431e+01
6.739462208572236079e+01
6.022807857490884942e+01
6.392023094336389732e+01
5.939082500076102633e+01
6.992324966217755389e+01
6.661725076606428786e+01
7.011105179917699104e+01
6.411288410971238250e+01
6.829463932161191053e+01
7.014658098425314847e+01
6.863681280750486735e+01
6.236914711583769844e+01
7.107622454067215756e+01
7.433734689501346793e+01
6.934918066588166141e+01
6.050750731416175654e+01
6.196673363798204548e+01
7.045556604868194484e+01
6.143443321680074121e+01
6.649929810088553950e+01
6.324738182386649044e+01
6.215478615139437579e+01
4.669013705696255556e+01
6.558963547485896584e+01
6.292489281956289915e+01
6.941851815181563268e+01
6.362435073655385764e+01
6.319906828364786122e+01
6.887272299229113059e+01
6.881712885872730112e+01
6.874079021989648197e+01
6.228719677016773915e+01
7.111000347717718739e+01
7.144255082680383850e+01
7.361917307857501669e+01
6.763864007286387903e+01
7.200966891085143118e+01
7.122263746274242635e+01
5.690891675168920472e+01
5.438271696450549086e+01
6.777868149017926669e+01
4.526086085602407394e+01
6.993921943317307921e+01
6.895916942717120435e+01
6.769614733459415845e+01
6.934372477229184994e+01
6.731130116648793660e+01
6.939882456396051680e+01
7.146333325181926455e+01
6.018745148984719151e+01
5.253115001837709030e+01
3.767472141802265639e+01
4.084641132840530275e+01
5.278175844875015343e+01
6.522943832009197251e+01
6.610325508375179027e+01
6.862959976027563869e+01
5.341866968491157053e+01
6.387007925063277014e+01
5.655771889523479246e+01
6.912178203492702266e+01
6.613190138363574988e+01
6.680226159633645011e+01
6.146256143530656857e+01
6.126994134102193357e+01
6.533354436751376682e+01
6.168382853146506761e+01
6.104484470871992841e+01
6.839413484452158798e+01
6.890055493125086628e+01
6.655876372336425106e+01
6.293228461074729552e+01
5.881096538420989361e+01
6.654801213436962826e+01
6.019203787258695826e+01
7.074061399205073997e+01
6.826819197397236394e+01
7.210613037948888859e+01
6.613412589083684168e+01
7.161385612596087924e+01
6.599890977188461250e+01
7.250224283413118087e+01
6.456646987936626658e+01
7.036540411314859966e+01
6.941025972549709877e+01
6.568793885289490220e+01
6.708318730809254760e+01
6.718370324696799400e+01
6.613061728759848279e+01
6.646601290131509643e+01
5.978808750374073355e+01
7.141185808502588372e+01
6.596144166531784947e+01
6.944070656257780172e+01
7.026216528073803147e+01
6.969362526325038232e+01
6.657255539290407853e+01
7.368994054063659860e+01
7.103099495900447380e+01
7.391494035975499344e+01
7.525457113597778402e+01
6.744766346982554239e+01
8.460308750474493422e+01
7.478897509331009985e+01
7.059924738099830677e+01
9.073568793121930298e+01
8.534550449697253782e+01
7.155913517965106507e+01
8.217611634947486721e+01
6.900008875886373971e+01
7.210655234647147438e+01
8.279937086833635362e+01
1.183437920455195211e+02
3.984333307660836709e+01
4.676295566384598601e+01
6.267030589939663088e+01
5.595001856535880336e+01
6.062920004433681243e+01
7.004834721793498886e+01
6.582873307658911699e+01
6.372373682503650372e+01
6.921883982395199553e+01
6.080814774159223646e+01
6.965625332294776229e+01
6.748142089196939253e+01
6.213302418757240275e+01
6.177873062978103036e+01
7.063085539425050285e+01
5.929772199394544430e+01
5.339810510284616640e+01
6.925788811334071227e+01
7.176551292669071813e+01
6.798066927922928926e+01
6.411845556556532699e+01
6.552437643711790827e+01
6.541980202888697704e+01
6.512036335308329171e+01
6.485060593294089415e+01
6.445781549395982779e+01
6.911933337577987402e+01
7.053152306408522065e+01
3.736129957740989482e+01
6.698051892733018065e+01
7.033237041659123179e+01
4.223145639456700451e+01
5.115030961567572376e+01
4.219066901351816057e+01
5.294338649617145620e+01
6.470837597699824073e+01
6.536665917224550526e+01
5.619408563157343650e+01
6.024603095746145698e+01
6.058792453818392687e+01
6.441517215694923948e+01
5.848859984761107000e+01
5.336122577113704324e+01
6.798972887534867482e+01
6.512780348113345497e+01
6.668413689182749238e+01
6.685874095401803174e+01
6.106623241667121249e+01
6.660107376019087155e+01
7.115006573587542960e+01
5.869742295573246338e+01
6.635861906203469118e+01
6.727099236524249193e+01
6.618682182822581694e+01
6.758003584402656827e+01
6.330379833630662034e+01
6.866590898060702841e+01
6.245140558096789363e+01
7.483000931598826355e+01
6.733218609335500560e+01
7.059363393992785518e+01
7.096670926408495461e+01
6.754217414620867999e+01
7.537548709755189691e+01
7.346779826968321458e+01
6.219544019701911708e+01
6.876334252760675270e+01
6.455091565488638139e+01
6.441357017087933912e+01
7.119029835427143382e+01
6.876870871743616931e+01
7.074796743010271882e+01
7.074796743010271882e+01
6.138301031294616195e+01
6.771656262060238873e+01
6.694206112795670549e+01
6.884560138223039871e+01
6.287276875859117808e+01
6.266725396375336032e+01
6.948207713370470628e+01
6.632061263335494061e+01
6.754914059008986271e+01
6.979930905751888304e+01
7.471119642565504648e+01
6.810867827942331587e+01
7.018511358119590682e+01
6.815816339979950556e+01
8.147117155830531487e+01
7.311866991937858984e+01
6.855285593268283151e+01
6.865052365205400520e+01
6.658096732610675872e+01
6.913374394012188873e+01
6.981181830847405934e+01
6.663393633854047948e+01
6.689275921160086114e+01
6.899488543350875602e+01
7.154120291628396444e+01
7.114733947740984377e+01
7.105109079066664890e+01
6.791177271808523130e+01
7.657687557450408633e+01
7.067131165369222856e+01
7.536323982063214544e+01
7.759513362689727956e+01
8.516984600853984944e+01
1.010032674460725559e+02
9.388649478817364979e+01
7.695765083099816195e+01
7.167436821949462455e+01
7.574473672474670138e+01
5.951707093350071887e+01
6.376480568104279456e+01
5.903117276702462846e+01
5.939953874009684398e+01
5.810734761804350512e+01
6.207506856814919871e+01
5.938106686726573002e+01
6.612302370234174020e+01
6.542228873701647274e+01
6.511250769637040037e+01
7.319629519272028517e+01
6.690941547028437242e+01
6.835504371294693726e+01
7.448581793522775740e+01
6.877961869509240955e+01
6.650053642630167872e+01
7.460417600536730731e+01
6.235919509598269883e+01
6.789794040347514681e+01
6.987308584527579569e+01
6.710196654832815000e+01
8.514418465211144849e+01
6.907201841832124956e+01
6.680143288864387330e+01
5.945324226700940784e+01
6.547775631302987165e+01
5.343801538895831982e+01
6.875548078865101331e+01
6.262444050548047159e+01
6.637701227668117099e+01
7.786528340222693600e+01
6.803944209939633936e+01
6.315564539720480042e+01
6.458300379531780777e+01
7.359910309202686562e+01
6.202375995339681936e+01
7.092268775942986281e+01
7.186464787166062251e+01
7.265417631912312402e+01
6.920724420813077415e+01
7.636391896675280577e+01
6.856637899863778784e+01
6.381668675094388021e+01
6.670345183015609791e+01
7.034720185426746752e+01
7.194972662440277134e+01
7.552597018303661969e+01
7.524746721215129242e+01
8.000737672969685832e+01
7.837215194389484907e+01
5.590311988242947905e+01
5.531934203121734583e+01
6.524496346394676038e+01
5.988530852719110698e+01
7.010091603149454897e+01
6.933627264415223124e+01
7.873791104288217468e+01
6.931215472103367858e+01
6.844978617964511614e+01
6.822680884204034157e+01
7.289023683230341533e+01
6.506990692934175513e+01
7.227668710540494601e+01
6.638320166335566341e+01
7.458684065546319175e+01
7.441347792956938179e+01
6.815037480472832954e+01
6.096400240491824718e+01
7.196748403409833372e+01
7.050053786790871868e+01
7.012351008490882975e+01
6.994381128828528915e+01
7.134328691423088742e+01
7.246999847609953349e+01
7.164915873233155708e+01
7.835383360438387967e+01
6.829371308332845558e+01
7.020912946668630639e+01
7.028841680309638207e+01
6.881957531080109902e+01
7.436533587797494249e+01
8.478798852011229314e+01
7.429584756762811537e+01
6.690861898441984579e+01
5.735366523954461115e+01
6.815058486519707515e+01
5.598236805924152293e+01
6.889495125089895566e+01
6.374899773506534473e+01
6.714141204510734440e+01
7.386648697763462224e+01
7.002744943047140680e+01
7.455537042764107980e+01
7.807363119952108832e+01
6.751315766616346536e+01
6.315090272202643717e+01
6.928223287431563904e+01
7.490744713379257291e+01
6.060407443369150116e+01
7.039007183786587518e+01
6.740743946930430752e+01
6.594211515159027215e+01
7.388174804319751843e+01
6.802141324261575051e+01
7.039438204416354949e+01
7.232307103067380183e+01
7.465577770274781244e+01
7.033989474229389316e+01
7.786923394895471517e+01
7.841610214446721727e+01
7.466788745643150094e+01
7.059644534016435102e+01
7.189002653177925595e+01
6.825949392029637863e+01
6.457582980894464697e+01
7.010100334303729142e+01
6.001840739493015775e+01
7.092378343865757984e+01
7.583399989568495414e+01
6.575359527902833179e+01
7.194418967165962897e+01
6.787022397288646403e+01
6.701174698621296955e+01
9.487283264926531956e+01
7.547507529030988849e+01
7.671366511737122096e+01
8.021868952491254845e+01
7.489133577202947833e+01
8.125017891428285566e+01
8.078398546001179170e+01
7.116072251811021943e+01
7.532411424459579052e+01
8.428904377446907858e+01
7.297022103044558605e+01
8.706179027251580749e+01
7.098722565946017937e+01
6.943750020412646506e+01
6.193314196062725330e+01
6.865493320085215601e+01
7.642202829006123466e+01
7.001133537072249169e+01
7.951011551419060197e+01
6.771473874384896874e+01
6.919684340141169798e+01
7.140725436733427500e+01
7.640439829583947073e+01
7.464629316789435620e+01
6.963669322952495122e+01
8.062091604755012497e+01
1.313846522615558570e+02
1.338836683770690570e+02
1.257754694233790360e+02
1.136671514383031933e+02
8.803065441803659041e+01
6.981844921048144670e+01
6.877313707437767221e+01
7.010260120704649012e+01
6.987760120704649580e+01
6.887672771765252833e+01
6.287416721146081500e+01
6.153227483842572809e+01
5.478323346576286923e+01
5.364669673867680899e+01
5.261008179614808000e+01
6.570639763383226750e+01
4.979855119469013403e+01
4.977120547745586521e+01
6.098319496970389508e+01
7.188405330565802842e+01
6.039596675812381221e+01
7.375430492816263950e+01
6.708220853278579909e+01
7.124545844645314219e+01
6.928432163064621818e+01
6.948333961834848083e+01
6.964295110730293459e+01
7.125370179869463527e+01
6.897226343857337838e+01
6.784904607331681348e+01
6.622881240196967667e+01
7.467857992249628296e+01
9.551483373840629554e+01
8.944699130184061175e+01
6.814903909959484452e+01
9.007411557223602472e+01
1.162806345412627707e+02
7.378838277968823434e+01
6.776473064732029172e+01
7.108318416674097762e+01
7.107414197299621605e+01
7.044858844852029733e+01
5.373148898751248481e+01
6.988606036578417502e+01
6.572934076948828874e+01
5.390174772806076930e+01
5.867557711942050247e+01
7.446504065486185198e+01
1.092636807429336159e+02
6.697440705818243600e+01
7.228563792464018434e+01
3.957219680618702995e+01
4.411889048626645149e+01
7.561240411150313889e+01
4.545689442957804260e+01
5.975503898794152491e+01
1.235720494773040059e+02
6.963370323735159673e+01
6.939857050457776211e+01
5.331887111743677110e+01
6.984586582660753606e+01
4.470919468618422599e+01
6.431224809352605121e+01
6.702639074427048627e+01
5.642584688953688499e+01
4.888414473825582718e+01
5.105448935597519977e+01
4.400206173682383337e+01
5.678725826953581901e+01
3.482204114583385035e+01
4.559919653511941817e+01
5.818458245700438169e+01
4.052328669608429834e+01
5.469364235179080680e+01
8.120503155834808240e+01
7.048123611570689206e+01
5.635162983326978292e+01
6.474023140086042361e+01
6.723731386752417905e+01
4.974502904674162096e+01
4.164428894126731961e+01
5.260219474619154312e+01
4.759877025178204235e+01
4.639406999925407149e+01
6.234078497909412420e+01
5.992599546883204198e+01
6.303248272623412873e+01
5.370545052861133684e+01
6.261386795040824182e+01
6.381807964000331879e+01
6.988383930256746623e+01
6.880851897607431056e+01
4.975245456971556024e+01
5.395592588860849048e+01
6.675867286223086694e+01
5.472985214869324011e+01
4.955388396492342906e+01
4.349332206075477814e+01
5.039747061407990003e+01
6.315328018497622509e+01
4.913851678457234584e+01
5.585351988246396360e+01
5.938128157214453040e+01
4.520668389861491221e+01
6.979575503641011380e+01
5.615414796176079193e+01
6.387106628892452420e+01
5.240195032402335329e+01
6.529014099027973828e+01
7.140901862001490485e+01
6.209836117748155715e+01
6.379514440790806873e+01
5.975503898794152491e+01
5.702123561315028155e+01
4.823648253379398199e+01
6.032488969972305881e+01
6.447849607974893615e+01
7.488421844407112360e+01
5.362935538883980513e+01
5.689673522333004030e+01
7.153170462094719539e+01
6.744903452313921832e+01
5.254561698893597566e+01
6.818531128315980538e+01
7.361809361115405181e+01
6.847955699934554730e+01
6.561417986329044538e+01
6.603161283230035394e+01
6.916414977726252289e+01
6.585424949892590973e+01
6.671648005913597501e+01
7.631469251563942180e+01
7.214156055159028824e+01
6.790361696673556935e+01
7.112533313005725688e+01
7.369015135314344889e+01
6.917160668119882416e+01
6.563166404960502121e+01
7.327166067538109928e+01
7.756763663960582278e+01
6.902926819988121565e+01
7.206852302055636983e+01
7.959004091173848394e+01
7.375473703485640442e+01
7.033623881351365981e+01
6.791177271808523130e+01
7.207185425318206740e+01
7.257339164329781056e+01
7.654434872940804269e+01
8.334255708604992208e+01
8.624620577840057933e+01
1.227092104580565319e+02
