7.552370262633029085e+01
6.958600769122615759e+01
4.879549782894169851e+01
6.727754831506864264e+01
6.773566180487644317e+01
7.524074902587496183e+01
7.787535020776188333e+01
5.758326788977952049e+01
5.490632927555672893e+01
4.365981509532223726e+01
6.462397145482229632e+01
5.718491058847853736e+01
6.679883760982305319e+01
6.810591702564252614e+01
6.866591212964480917e+01
7.730123923807232700e+01
1.340739988296593594e+02
4.248988886187106573e+01
4.537461152460203806e+01
4.625981167731907107e+01
5.776393242807667860e+01
6.754592442775496863e+01
6.620136553824130488e+01
4.731224551061235672e+01
4.194773029926054164e+01
5.319264647165550031e+01
3.565872133300591429e+01
6.212083568095513186e+01
5.643926324555548035e+01
5.823729582784074665e+01
6.249980975374382552e+01
4.726414629878713924e+01
4.867102674025319686e+01
6.452230670539417190e+01
6.568554444709951667e+01
6.629348105461876628e+01
5.917977335841517572e+01
5.772559140047768267e+01
6.586993859615746771e+01
6.379570751158900066e+01
6.452718556924159543e+01
6.443663216639140501e+01
6.822986677535648425e+01
6.413464172819338671e+01
6.660210188259453901e+01
7.686057059608859277e+01
7.060516080059416311e+01
7.296234067237872978e+01
6.973357059244219158e+01
6.802224704568273239e+01
6.818149283744617151e+01
6.839536842688153229e+01
6.761647730419569768e+01
6.228335671211182500e+01
7.008793406222066835e+01
5.504753158819359271e+01
6.559546266600392528e+01
5.748723209014645619e+01
3.774535515361475291e+01
3.771264523837552218e+01
5.052840086868103242e+01
6.023966933107144683e+01
5.760876036546130052e+01
4.595867425152594876e+01
5.278395735285201340e+01
5.112068023221165447e+01
5.935670843904134841e+01
4.308507425004658131e+01
4.379037203920887578e+01
4.778340493520308030e+01
6.820816008894185245e+01
4.267328464086611461e+01
6.474656467259703163e+01
6.501597146392802529e+01
6.253394569820415683e+01
5.993310493629111591e+01
5.841583567037582725e+01
5.342621182430303861e+01
6.798352591454379024e+01
6.666694951493302312e+01
7.190127942300678399e+01
6.303515259171737739e+01
6.929887752266347434e+01
7.211070529908073468e+01
6.715553378968500908e+01
7.244867200616677394e+01
7.242913068784862674e+01
6.988425736737660543e+01
5.721809222197755673e+01
5.629490449332863022e+01
4.674895559266263945e+01
7.044242409822012974e+01
6.672302722631397387e+01
5.561237318189845524e+01
6.617443003768036647e+01
6.329136186297684930e+01
5.653513813259179699e+01
5.401590264862903723e+01
6.043641168088771565e+01
6.941852044430589785e+01
6.104007312960369092e+01
6.858123845799077856e+01
6.221459321947483545e+01
6.652350542390749411e+01
6.770445468730972038e+01
6.944295112473409404e+01
6.075097464717964613e+01
7.182678941989203736e+01
7.433558668753536836e+01
6.791127115570215267e+01
7.279000878311180145e+01
7.024223728251162413e+01
4.541269435684208133e+01
4.482547076158977006e+01
6.094332032043539726e+01
4.580695905314917127e+01
7.103627105928327978e+01
7.168086435737379247e+01
6.977074382636503458e+01
7.149817714413714498e+01
6.421408857407574544e+01
7.222931040880391151e+01
6.090050829378398589e+01
5.564271973879612432e+01
3.677444494942575659e+01
3.884303072663544754e+01
4.579559511786783332e+01
6.585567719372073725e+01
6.507568136184828234e+01
6.813945248883194949e+01
5.467443905186111408e+01
5.317067421183230636e+01
5.662581585700819886e+01
6.862190134431432398e+01
7.034458504056976835e+01
6.729308319160163876e+01
6.529571657358135894e+01
6.415899052784246237e+01
5.862678083406189700e+01
6.154199787782214059e+01
6.106463948378684137e+01
5.386536926629124622e+01
6.455793897131795234e+01
6.324704512325315875e+01
6.282932159950468076e+01
5.672009387644357759e+01
6.494532053169281482e+01
6.386809786446895032e+01
5.632312787439336432e+01
6.845831022529665688e+01
7.569948676747446825e+01
6.631718692838991558e+01
7.125512986389176717e+01
6.381422543489280486e+01
6.778394606020341939e+01
6.709554194319497356e+01
6.482242314448220100e+01
7.195555408112787177e+01
6.946351717707703699e+01
6.827091329172095868e+01
6.944142965542506829e+01
6.634101665223552402e+01
6.964647748500431135e+01
6.425887792026829004e+01
6.636626956102760744e+01
7.046016441152669074e+01
6.507042310600222379e+01
6.876897533221986691e+01
7.357660627354394478e+01
7.066534596547242586e+01
6.682911314615873266e+01
7.271886368411492185e+01
6.957097275168931105e+01
7.448411249936084744e+01
7.392309252479458337e+01
6.690159550137082078e+01
8.313276395494483495e+01
8.745768967184466192e+01
7.306111390510865533e+01
7.002649941214386331e+01
8.952312995860619083e+01
7.983064729078184030e+01
6.512491911116245547e+01
7.625060203096444411e+01
8.382006896233059479e+01
8.908796644820935740e+01
9.626083338934010669e+01
5.079856460495814474e+01
5.917127007247687231e+01
5.345761880274731936e+01
6.215153407553009401e+01
7.372689358910828616e+01
6.814947548249493536e+01
6.365895888947989789e+01
6.592846500062915993e+01
5.878366503028107104e+01
7.017982768871475230e+01
6.478636825122136145e+01
6.308162381560903498e+01
6.255212602306929881e+01
7.100118750636173104e+01
6.117818875132723377e+01
5.539563181477424791e+01
6.412781230723462045e+01
7.305722912544746350e+01
7.285387511571363461e+01
6.706722079588287500e+01
6.406965958495666769e+01
6.481173779099893295e+01
6.353282262025779659e+01
6.590805425869594103e+01
6.420950766065203652e+01
6.032320087354655413e+01
6.893178468395973368e+01
7.148871732455464212e+01
3.781802187151976113e+01
6.865184826920450689e+01
7.380692496635052180e+01
5.065951112761550945e+01
4.479177345554152367e+01
4.328456202787438656e+01
4.183238613769270842e+01
6.692898792829961963e+01
6.599055214757623844e+01
5.140900985296810433e+01
5.902901136167269414e+01
6.016123042365740758e+01
5.846620538041674564e+01
5.154768712456348112e+01
6.224775879935472744e+01
6.741117351291485704e+01
6.547445393508473899e+01
6.801336185069695262e+01
5.863328132571195539e+01
5.875353701790273675e+01
6.344123355289428901e+01
7.325355494239148868e+01
6.488227321088386645e+01
6.820558881112980032e+01
6.790649320808147138e+01
6.371745260195130811e+01
6.560017765210827179e+01
6.772636981136581369e+01
6.322663769052488902e+01
7.544931467258425073e+01
6.745131810958940832e+01
6.984660913461017628e+01
6.716751717781208697e+01
7.836302806935171361e+01
7.376983534118414809e+01
5.759577355907891416e+01
6.176005139688601986e+01
6.845571939440591791e+01
6.810629210895254460e+01
6.839722088896905916e+01
6.791897386173469897e+01
6.791897386173469897e+01
6.255212602306929881e+01
6.761925015233012459e+01
6.959618334413205787e+01
6.996959778233801330e+01
6.281095929733265848e+01
6.055933925774836979e+01
6.959071209928261226e+01
6.473820978237606028e+01
7.066070338707440612e+01
8.253370431177691557e+01
6.950174989001844494e+01
6.777389530424450470e+01
6.516413468440876500e+01
6.841714182295655178e+01
7.978767570976972934e+01
7.030744658701854632e+01
5.825167642957773495e+01
6.934744463714091012e+01
6.829550331698106902e+01
7.047900005641322707e+01
6.928056844145267235e+01
6.805227110836577253e+01
6.869192109397478418e+01
7.172404325573063488e+01
7.159406388283593969e+01
7.372878142187272488e+01
7.126298028321018307e+01
6.880878683922128403e+01
8.380044349885866950e+01
7.281120555312617171e+01
8.130251151508072383e+01
9.446607146630472585e+01
9.364935299198182861e+01
9.464031194976074346e+01
7.763842434142216575e+01
8.171459864124088313e+01
7.432729641217581218e+01
7.957586703873501222e+01
7.318662910862197180e+01
5.805855655168716112e+01
6.499989719672792887e+01
5.820949283882760028e+01
5.834018535047975718e+01
6.020804639967062144e+01
5.563664954466374013e+01
6.099429603448174220e+01
5.905005371610976539e+01
6.270645034785849248e+01
6.429584989973366760e+01
7.287150165771905108e+01
6.906118467273984152e+01
6.586501329653947323e+01
7.608993411619256619e+01
7.281704741011078852e+01
7.225877122416331133e+01
6.295800074757575260e+01
7.102143137592042876e+01
7.383128817410572253e+01
6.697379236933380753e+01
7.454895283012653806e+01
8.235868613804566962e+01
6.864872070922707792e+01
5.918968623324401079e+01
5.729398663694095717e+01
4.627027669407751631e+01
5.389483814267628503e+01
6.965940494524275550e+01
5.904417442753837975e+01
7.006447010833197453e+01
7.891625345802708580e+01
6.654302565533356528e+01
7.345291817225819386e+01
7.103495880813797214e+01
5.988963037246767129e+01
7.388197951360250215e+01
7.192783881627465803e+01
7.129605068768792364e+01
7.047135540826585043e+01
6.719912028088675982e+01
7.533908890469805897e+01
6.575076821746456801e+01
6.985028865184278857e+01
6.251636782862031794e+01
6.937268503734297553e+01
6.905673502198219182e+01
7.273432021498702227e+01
7.651209837477819065e+01
7.648642109469183481e+01
6.842578164894557347e+01
7.994382638393096840e+01
8.263125755587819299e+01
8.202930417512472161e+01
7.413649527112795568e+01
5.323027718195348257e+01
5.868967346092057369e+01
6.414554272104248867e+01
5.680713756704114559e+01
6.949536331450217119e+01
7.257108100385596572e+01
6.924951710096203783e+01
7.713433254305149944e+01
6.800624566423057615e+01
7.154557711633637496e+01
7.399110959059423465e+01
6.647739711334121182e+01
7.230447609312662394e+01
6.763269805265987600e+01
7.551799680676232640e+01
7.077345989036004426e+01
6.413845549498977050e+01
7.692201097868566251e+01
6.485923486353549094e+01
5.748468954850400081e+01
7.030186869224361601e+01
7.068721549421267980e+01
6.987621486056478659e+01
7.134152028070786855e+01
7.235394579485824806e+01
7.215700024120410205e+01
6.906100721412084908e+01
6.530425287981664439e+01
7.231098302593237293e+01
7.122285386587481071e+01
7.892100339995234037e+01
8.486766901364210014e+01
7.602688668650598913e+01
6.628561795105360943e+01
5.286002702561941646e+01
6.996887720886986983e+01
5.683486242689791368e+01
6.429934953536522357e+01
7.267515624632648041e+01
7.455454238396433198e+01
7.429256554613526475e+01
5.728069740968342671e+01
6.996021766861763069e+01
7.765327202513398674e+01
7.619110959273022843e+01
7.112438292393939321e+01
6.230501186113153977e+01
6.980313704061971691e+01
6.712193118970965600e+01
7.245216998496826477e+01
6.227830892407327212e+01
7.174868189946985808e+01
6.927458205802321345e+01
6.906475678568426702e+01
7.469055084249814058e+01
7.050637543554768172e+01
7.180855108489913619e+01
7.020988621690426612e+01
7.401862595028985936e+01
7.348599575199638423e+01
7.245202471533688993e+01
7.766211896220011113e+01
7.887548594915556066e+01
7.405853661222197104e+01
7.262080837430384861e+01
7.158981087426514023e+01
7.043660992814929500e+01
6.573289574259254664e+01
6.300923993383535304e+01
6.914509491964746246e+01
7.764359159226955853e+01
6.724844508573588087e+01
7.495553819088713965e+01
6.584935975688223664e+01
6.655807461212567944e+01
9.126127321841576645e+01
7.886973228286446158e+01
7.674104977557168183e+01
6.759491466149948735e+01
8.004174297432720664e+01
7.906541144086962447e+01
7.939883439323971004e+01
7.115927852891945804e+01
7.751861756281940075e+01
8.226283717404254503e+01
7.408150742915088927e+01
8.287138682966399017e+01
6.931403896199991266e+01
6.682866503751422727e+01
6.635947804571553377e+01
6.092224218772356181e+01
6.962949252095766894e+01
7.607772174518915165e+01
7.934462648294019971e+01
7.025247511333419936e+01
7.198255097554688575e+01
7.565045012581624917e+01
7.813783233617807866e+01
7.339240930361424375e+01
7.038367648859141923e+01
7.884987706932314211e+01
1.486986650289622389e+02
1.385252094826805376e+02
1.379462011478244392e+02
1.130102985930184047e+02
9.640332919475804374e+01
7.116847749095832398e+01
6.958868567575029829e+01
7.103260950759033676e+01
7.065927617425700191e+01
6.958868567575029829e+01
6.173529388331841261e+01
6.006542508772380273e+01
5.605800586845316502e+01
6.708309646310082996e+01
4.705100941896688482e+01
4.705100941896688482e+01
6.087048459328045880e+01
6.647450421443957680e+01
5.470288487288079438e+01
7.102160280994060315e+01
6.759291368188195293e+01
7.130079102606498509e+01
7.137845127370309228e+01
6.603225376858748064e+01
8.608128996134840349e+01
7.392245865453949705e+01
6.760243604775965309e+01
6.444265427615771102e+01
6.483775908656298270e+01
7.314336118089653382e+01
9.075478550624376339e+01
6.938796900852101146e+01
8.842092521040177644e+01
1.166520502165686537e+02
7.560465345053414410e+01
7.337212824768587893e+01
4.854611757552122242e+01
7.045203244227103312e+01
6.858055307537858880e+01
5.815038611344559172e+01
6.992038695763250189e+01
5.081821279014551607e+01
6.719972259075017007e+01
5.325081815025761500e+01
7.083740413919390733e+01
7.890731484999705003e+01
7.071721846721368365e+01
5.002263642741926475e+01
6.672270365765774613e+01
4.676085856832348497e+01
7.820977579722695339e+01
3.902309048622821308e+01
5.943933176820424080e+01
1.158952931606939529e+02
6.871918473912235470e+01
6.411803696731540470e+01
6.973861254019691103e+01
5.246709479762763806e+01
4.770562662655115815e+01
4.211992128766106447e+01
4.974877435190512642e+01
4.239298346393449179e+01
5.343225497189963846e+01
3.995443621826393610e+01
4.478402937135648187e+01
3.758687221301489956e+01
4.288878136803207042e+01
5.452878424753665598e+01
8.441717566991852095e+01
7.262363484951062276e+01
5.130362545296618748e+01
6.707225410487716033e+01
6.347120490175598917e+01
5.040085981017125505e+01
4.239406893257000775e+01
5.729964655627334480e+01
4.348215318078057123e+01
4.749903817440079479e+01
6.316593336311753148e+01
5.965783641322004627e+01
5.743578139219786749e+01
4.758473719815523850e+01
6.211866572330141167e+01
6.545939473455320012e+01
6.832238995366844847e+01
6.829865472354511269e+01
4.806959606036503629e+01
5.140253525271693036e+01
6.537924745856658149e+01
5.107339127534773127e+01
4.293169375513731723e+01
5.306001459346898486e+01
6.284203619727165346e+01
4.757339341099366692e+01
5.899239558604198663e+01
4.798495228672548762e+01
6.782483289352667555e+01
6.503744363887484781e+01
6.635541267714559410e+01
7.015012912899545938e+01
6.249506038755121295e+01
6.094785053514809903e+01
5.943933176820424080e+01
5.707095416192520076e+01
4.944885695624965649e+01
6.151813190658354813e+01
4.425698817006519903e+01
5.811145244334333881e+01
6.533900124730014625e+01
6.919596908514519384e+01
5.940712871136943818e+01
6.657521535986931838e+01
7.208592167027194364e+01
5.109783359559052940e+01
6.847666385578642689e+01
6.237480885573394573e+01
6.403567974182679734e+01
7.076765932052360597e+01
6.450876160272949278e+01
6.663221739319504877e+01
7.651090920523451189e+01
7.670523364810557609e+01
7.191423068117802586e+01
7.209732919572709875e+01
7.301357127281761450e+01
6.343138200114106695e+01
6.999731978683878708e+01
7.293734921023781226e+01
7.434788638274974915e+01
6.867994128243633156e+01
7.385833769867377896e+01
7.544149615134242026e+01
7.710592258901314722e+01
7.273110344455524512e+01
6.908295350588794292e+01
7.186071322140163886e+01
6.930364389661841074e+01
8.017372722698016219e+01
8.194879527589512236e+01
8.088983290808192805e+01
1.137786602076359230e+02
