8.238620757186976107e+01
6.858909418107748479e+01
4.513662980210162345e+01
4.995973212817273179e+01
7.071049776512005280e+01
6.461065714023266082e+01
7.648558450746594417e+01
5.881927684182652172e+01
5.478875182786904929e+01
6.528492358639064719e+01
5.698946334464798724e+01
6.601824846563049221e+01
6.269912375518267567e+01
7.158657715389068699e+01
6.807957763897390180e+01
7.193032186504157721e+01
1.150991181688069958e+02
4.400945423569834958e+01
4.656985633184628881e+01
4.684191169981981773e+01
6.054094579312837965e+01
6.790700336239265766e+01
6.864264529534173676e+01
5.029785300221445254e+01
4.029955823340384313e+01
7.113970818007361174e+01
3.770651739438807226e+01
6.577397221446818776e+01
5.648460381393292096e+01
6.133660092702860567e+01
5.921834430695059126e+01
4.801166805382182190e+01
4.909640105961282330e+01
6.317064827584351860e+01
6.801844888226428054e+01
6.588438882689065679e+01
5.985797306430268350e+01
5.797409123231589945e+01
6.675820276077891435e+01
6.318808564628361069e+01
6.052766453050820417e+01
6.416924588719035683e+01
6.697131685936879819e+01
6.916944426397174084e+01
6.418740518112274174e+01
6.553156674343659915e+01
7.455482217114210641e+01
7.223953615261592631e+01
6.987111016151254717e+01
7.000626164848767985e+01
7.001501152925364124e+01
6.617804317866119845e+01
7.171467821035173529e+01
6.455689312215092457e+01
7.135089235117135331e+01
5.630390126789079375e+01
6.753174768357463620e+01
5.918939445108421893e+01
4.203598908796310241e+01
3.897779848235114031e+01
5.266766863848717151e+01
6.123359168299725042e+01
6.127632591074066681e+01
5.026816370195225403e+01
5.359591147717456039e+01
5.412601425909776509e+01
5.807772841735919656e+01
4.199663515648076384e+01
4.136376295873635911e+01
5.665052118004476256e+01
6.781433184413508286e+01
4.330065938881111265e+01
6.457503866852914598e+01
6.790861568992221464e+01
6.450181458449465310e+01
5.818161298126828740e+01
6.334693411504301963e+01
5.400021977660162520e+01
6.915438899336524514e+01
6.793894889171360774e+01
7.072640364750722597e+01
6.227086351782542550e+01
6.968008937947948311e+01
6.992304968479656679e+01
7.074713786910135127e+01
6.247250713571524727e+01
7.469777817334191639e+01
7.351361872822629095e+01
6.569354062517702175e+01
6.308481452668485190e+01
6.861577192830114313e+01
6.173054570641548366e+01
6.626606056264517974e+01
5.668930620955627830e+01
4.798830542248003894e+01
6.931996667421701375e+01
6.137141130544421230e+01
6.813207901322572013e+01
6.506893396184733547e+01
6.479524209376147326e+01
6.812132183713687539e+01
6.663075669123689693e+01
6.896685336471965400e+01
5.944371440675809737e+01
7.096946082862103822e+01
7.296956912965104891e+01
7.256242748747979476e+01
6.835609243698337423e+01
7.305410882170411924e+01
7.099161523895770642e+01
4.514245071263544418e+01
4.470973641532074794e+01
6.569798609353937024e+01
5.323551865346678369e+01
7.147505446382362493e+01
7.166925704755983872e+01
6.801036669679628233e+01
6.992657443453501287e+01
6.738972132578690832e+01
6.958918017726004734e+01
7.201678911972256003e+01
6.051520375335238100e+01
5.794153589332557885e+01
3.816445106572655988e+01
3.936808807553882872e+01
5.276604087494879991e+01
6.233682712532314696e+01
6.865672845810212266e+01
6.809678356001343502e+01
5.653236123038058025e+01
5.526824358791485281e+01
5.879333115100001805e+01
6.749252882487401450e+01
6.989463096512901075e+01
6.846470556702321630e+01
6.596306879265506495e+01
6.741930923219726424e+01
6.607136375896088509e+01
5.997354411927651796e+01
6.531572474277423623e+01
5.959654730002700518e+01
5.822671020381302043e+01
6.356389654555714230e+01
6.386343460343356071e+01
5.912436452270499387e+01
6.929248008361908262e+01
6.800152510306325837e+01
6.910997804836119940e+01
7.497836962254864090e+01
6.888450737408240343e+01
6.840646725386571347e+01
7.377275868934293612e+01
7.022339259509054443e+01
7.256906554448187308e+01
7.190010151496856849e+01
6.984633311370582476e+01
6.864500108120158473e+01
7.069014805168481530e+01
6.626545646241086729e+01
7.121837934988897700e+01
6.593927833521361492e+01
6.593448701880430463e+01
6.240381051979767335e+01
7.129045886432582790e+01
6.463485001402673902e+01
6.892080161936033278e+01
6.878698810893700966e+01
6.486573738858047022e+01
7.175175176907293917e+01
7.001430302935193595e+01
7.287174387841194800e+01
7.649282148371547407e+01
6.708994228484395705e+01
8.030826311963471653e+01
8.850144086641628860e+01
7.344895364330737664e+01
6.843696156692020338e+01
8.968497536111810575e+01
9.274545353716047202e+01
8.732322690824403821e+01
7.121616495920017087e+01
8.184232488663590743e+01
7.015134067899532511e+01
7.052630292644022347e+01
7.806444169480455741e+01
7.682952676450715046e+01
8.460462798502996407e+01
1.008685715006672297e+02
1.335227137143611174e+02
4.471375734832346893e+01
4.869219397133827698e+01
5.877296327823138711e+01
5.224341740435406223e+01
5.908565907770120873e+01
6.612314697632209004e+01
6.868884547958630549e+01
6.619380258786000581e+01
6.995099690816476823e+01
6.090027795354633611e+01
7.190298177063911567e+01
6.430642997629749402e+01
6.011369022083992775e+01
5.971425464165822206e+01
6.743979547180734357e+01
5.271112713319775622e+01
6.455188477323696361e+01
7.151829753238075682e+01
6.525958810926005071e+01
6.527128226176746750e+01
6.334685046598570324e+01
6.959835406126342150e+01
6.822226242366944859e+01
6.415044000565386284e+01
7.001267658959024232e+01
7.149399157583518161e+01
4.049337618631309255e+01
6.952886457592506986e+01
7.173232018846890412e+01
4.531870973782052658e+01
4.988577909833318813e+01
4.535177229529902831e+01
4.502485816892820480e+01
6.529307648863233737e+01
6.796248503585641743e+01
4.833558734808830337e+01
6.153726494046915718e+01
6.122149195310866787e+01
6.231177496845735675e+01
6.152536262282539070e+01
4.556208236042250093e+01
6.736589969532359135e+01
6.516100129785938577e+01
6.891545541119363349e+01
6.774637527639274026e+01
6.782064731621528608e+01
6.475166357139224260e+01
6.530800392352792016e+01
6.676515043360208779e+01
7.169291440981247376e+01
6.261914039513666808e+01
6.875192148661423630e+01
6.725648009439242969e+01
6.443848313269177197e+01
6.430754680131524026e+01
6.879208108998483340e+01
6.979226010789250267e+01
6.287670761327373725e+01
6.975493523144318431e+01
7.126497113619352319e+01
7.166422333251173882e+01
6.874564438476576811e+01
7.879499994376503480e+01
7.319540829806915383e+01
6.074903048551394136e+01
6.998029193208829213e+01
6.860565502285298578e+01
6.451052050792020509e+01
7.101625177302308600e+01
6.866732381229245163e+01
7.145140810518626040e+01
7.145140810518626040e+01
5.971425464165822206e+01
6.890105484199158070e+01
7.033432446750248346e+01
6.278673301761516967e+01
6.356439423961899138e+01
6.959683933809155576e+01
6.605710866605498666e+01
7.006023457112017638e+01
6.933280665193599646e+01
7.676830567908743319e+01
7.010095638876988744e+01
7.134319625047811542e+01
6.703027188143742876e+01
6.865261263672286418e+01
7.823117005618321684e+01
6.975191192494041559e+01
7.049021607112912591e+01
7.107902203687579856e+01
6.879429150845561480e+01
7.051356803363314896e+01
6.999302673104347150e+01
7.178474100173414740e+01
7.368137199937171999e+01
7.243772392978144126e+01
6.872158906483348062e+01
7.838995608634850498e+01
7.048777892993179250e+01
7.946119189361715485e+01
7.533974673281799994e+01
9.633453559144746237e+01
9.392341088982215069e+01
7.592364563281309131e+01
7.337597544801579375e+01
7.587060284589031767e+01
7.261860534539077605e+01
5.435315305821276866e+01
6.663683318355192853e+01
6.364513057953030284e+01
6.262585487778991222e+01
6.273651970295350111e+01
5.824354911389204403e+01
6.270175919025628275e+01
6.359155334306849028e+01
6.705973383634929519e+01
7.231653984373355115e+01
6.921692209244457672e+01
6.945112616722346388e+01
7.476744444544597457e+01
7.067095303187947763e+01
7.597117543631728154e+01
6.147575541216262707e+01
6.552009522654155660e+01
7.257220525930999599e+01
6.894580090873890299e+01
7.407513589491264838e+01
8.038847353302676879e+01
6.704984254526215182e+01
6.006691682947219846e+01
4.971657752900556204e+01
5.174106782410637351e+01
7.082302190992183455e+01
5.709062287751901010e+01
7.080666895564282015e+01
7.600048764719683447e+01
6.732300819852453344e+01
7.248886772195973549e+01
6.188250696934328232e+01
6.364774256251104134e+01
7.190716093831264288e+01
6.178549050658008213e+01
7.175052959208763070e+01
7.519430657267815832e+01
7.515512603061482366e+01
7.021600383659713884e+01
6.992752643604464424e+01
7.422623331075800479e+01
6.844293823750798822e+01
6.355381956003496668e+01
6.530637527730205250e+01
7.092087884733587089e+01
7.120283292210783088e+01
7.543115342733351270e+01
7.537309787177795783e+01
6.982866449548717469e+01
7.301019812908845097e+01
7.704654247304385706e+01
7.463755741969910673e+01
5.279581375291580514e+01
4.972638505137202714e+01
6.315220039782482075e+01
5.956803962746712244e+01
7.136029084951691459e+01
6.789137150292344813e+01
7.121739313468521004e+01
7.897522728631759037e+01
7.087989488047932696e+01
6.102225304693082819e+01
7.287248272843625330e+01
6.754424467502391849e+01
7.383611134575514257e+01
7.231031421141423721e+01
6.580215211032584932e+01
7.843254118953622367e+01
7.051366932835841794e+01
5.608269569835118773e+01
6.839524104659558645e+01
7.290085122092638414e+01
6.873963009455053452e+01
7.103209651876181852e+01
7.224482128290162564e+01
7.183138734802327008e+01
7.047647861907587696e+01
7.431291898078602287e+01
6.942118060051667783e+01
7.247550324743505712e+01
7.148096599156384912e+01
7.301226465810914590e+01
8.936661108799087572e+01
7.574888972466538917e+01
6.891874600890938041e+01
5.495766665650538130e+01
7.042673663545254215e+01
6.404543126048588420e+01
7.014391389250779696e+01
6.372228098473378566e+01
6.860008597043480449e+01
7.278041089374919181e+01
6.906979695986618140e+01
6.996286725265056816e+01
5.192176989980553259e+01
7.324801483648047906e+01
7.804858728792741829e+01
7.881890337817857528e+01
7.245959578881746666e+01
6.313360033240114433e+01
7.072570375900305351e+01
6.729273312751745095e+01
7.142423758042637871e+01
6.060876040578766322e+01
7.023770513481481714e+01
7.096643512767049344e+01
7.275667609167423677e+01
7.482002830276559280e+01
7.665249083814381947e+01
7.224577230669817141e+01
7.105332168895036205e+01
7.909325676637406843e+01
7.298573670449918893e+01
7.129375926869185776e+01
7.106929925794879921e+01
6.972106570383903090e+01
6.846552510213057019e+01
7.018275850790716675e+01
6.674609749294280903e+01
6.799431042402423486e+01
7.601582737401832901e+01
6.913179190977201927e+01
7.240973772183171775e+01
6.594302815458081568e+01
6.974467614315888397e+01
8.624420323773853170e+01
7.352462723158322433e+01
7.577365897304080988e+01
7.057029231230137611e+01
7.619210778092366354e+01
8.051512385975289021e+01
8.008283479927628434e+01
7.030190001348739770e+01
7.600935036200134221e+01
7.332230489196713563e+01
7.785474148672324191e+01
7.722260071257611003e+01
8.309130898919086405e+01
6.930766399950405798e+01
6.185434167769630420e+01
6.356097217551149470e+01
6.678560211610896147e+01
7.525471057827517996e+01
7.143880088627282987e+01
7.972963518556444740e+01
7.152053932616107090e+01
7.113611593549094891e+01
7.343448053097954187e+01
7.934703153583477331e+01
7.541406656340561199e+01
7.095358101666305117e+01
8.144926726238581693e+01
1.447496807755619841e+02
1.378558029742486610e+02
1.309036156332070675e+02
1.061259250997921413e+02
8.942706838122745694e+01
7.179012570269156868e+01
7.135478703293688341e+01
7.179012570269156868e+01
7.179012570269156868e+01
6.299449085828387496e+01
5.869422877048263842e+01
6.210469563845579444e+01
5.482329305320917001e+01
5.416380410825665592e+01
6.948255490981361504e+01
4.543840333993406944e+01
4.583507000660073061e+01
6.157353516586516662e+01
6.449323333491715005e+01
7.277377827993977633e+01
7.074548000132561754e+01
7.194890487620659769e+01
7.952566402041621529e+01
6.610721613899512761e+01
6.832134089412431877e+01
6.829996368135964246e+01
6.780058744298806062e+01
8.474405514460022459e+01
6.972849280337682387e+01
8.161764585721923027e+01
1.134959456359734133e+02
7.738842825411386173e+01
6.821116991201149915e+01
7.244489261975165562e+01
4.873219939695275116e+01
7.289242278503465400e+01
6.981163289535592753e+01
5.626836039456567562e+01
4.598933584317989443e+01
6.719149414207790016e+01
6.975539980737616474e+01
7.243432825049886503e+01
1.016723256023430793e+02
7.075186737607947407e+01
6.961325848788045789e+01
3.838368916096465711e+01
4.663485514071112448e+01
7.328500832416133903e+01
4.403683720645125987e+01
5.912656396420819505e+01
7.120876507654222110e+01
6.963741436265243578e+01
7.355937244611374126e+01
4.562142193624345055e+01
6.785852559318684030e+01
6.916462952204271630e+01
5.949358524139273641e+01
5.071880844999656546e+01
4.277278720719944261e+01
4.815108731958510901e+01
4.208837235574907254e+01
5.353591147717455812e+01
3.893098253754833138e+01
4.274484846815559536e+01
5.941197572009651395e+01
3.852356240241614671e+01
4.298317810643803227e+01
5.758760803939450312e+01
7.662413488679243301e+01
7.191639305881842859e+01
5.430264820683527205e+01
6.689214484844659125e+01
6.678852167753971969e+01
4.975962477223389158e+01
4.206661000747932633e+01
5.718848375278497542e+01
5.752781426100604278e+01
6.367505642319195402e+01
6.091014642785467714e+01
6.357592981067035254e+01
4.869154710576449219e+01
5.783094989904327576e+01
6.396318201548202609e+01
7.252550969467178277e+01
4.516202741495041550e+01
4.769067458519548097e+01
5.122869380212058132e+01
4.743901637709989672e+01
4.667609193959425085e+01
5.284084411661029890e+01
6.761785484211691255e+01
4.768396079614092287e+01
5.579254009827029392e+01
5.743538693099010572e+01
6.985560559370725286e+01
5.948813975568872081e+01
6.525401723574886148e+01
5.221928176751616490e+01
6.878404886974811916e+01
7.332817295992549589e+01
6.142804904617883466e+01
5.972805416028662506e+01
6.078061314565803741e+01
4.684512560493925548e+01
6.638085225925019017e+01
4.220580721772022059e+01
5.586886491595017645e+01
6.255039525890730090e+01
7.433892658525840602e+01
5.324117640328602619e+01
6.918602792490480624e+01
5.828795292383232862e+01
6.420806104095575506e+01
7.347751006449639988e+01
6.839513981462495451e+01
5.128980037930727320e+01
7.036325012886851482e+01
6.744745549359386416e+01
7.053981268673969396e+01
6.769418916754969473e+01
6.429140795203420566e+01
7.154299389968129219e+01
6.672289569245047858e+01
6.791815994501602916e+01
7.627346199345051048e+01
7.287054754598145223e+01
7.080101904711739280e+01
7.108980504146059332e+01
7.082180243365735350e+01
6.478968503598834161e+01
7.140293969223128556e+01
7.122729384412855325e+01
7.503248428614863030e+01
6.758551568157228928e+01
7.519935952903304610e+01
7.722679817067691488e+01
7.575338078470369396e+01
6.872158906483348062e+01
7.337978210212945385e+01
7.099139712623734511e+01
7.777176328696342011e+01
7.773920960826814053e+01
8.306557951216501579e+01
1.000057234992660256e+02
