7.095391877238296274e+01
6.540476679069915633e+01
5.311168109776420465e+01
5.229237726676650055e+01
6.669574332150871498e+01
7.156573293098135480e+01
7.473757945623729881e+01
5.846166312767495299e+01
4.069599541114870078e+01
6.688907658532907874e+01
5.852172548245669503e+01
6.493397750003258295e+01
5.976570191785645392e+01
7.376587818735809776e+01
6.674067540592942294e+01
7.319076660852051930e+01
1.320402616438118457e+02
4.685723410490696494e+01
4.909836733144697973e+01
4.823493986732859184e+01
6.491672617779775578e+01
6.654334068213610465e+01
5.296591352001882314e+01
4.143031964680722012e+01
6.447464941734223487e+01
3.531567100466052977e+01
5.256083163907239708e+01
5.617909152036546061e+01
5.190914742425549377e+01
5.124219794829832608e+01
6.375866021523727056e+01
6.579278457250072165e+01
5.484826355729599356e+01
5.955180137600367374e+01
6.439268487527009199e+01
6.235638978701480539e+01
6.333065446852464930e+01
6.451986303760114083e+01
6.487596204454382587e+01
6.900650325933524698e+01
6.619869800413758298e+01
6.483783874314659101e+01
7.550949921628981087e+01
7.133695045976872962e+01
6.853044547064597225e+01
6.730205020266039639e+01
7.004195280783918065e+01
6.929761474604833893e+01
6.666073704761463148e+01
6.355767775432173750e+01
6.670072404278424472e+01
7.077687689557149042e+01
5.755110832580785285e+01
3.693397447649803667e+01
3.811534166773041221e+01
3.561324151065103649e+01
4.380408294840324857e+01
5.836313286958969115e+01
6.072554154146338590e+01
5.285525260944839232e+01
5.609715579894953663e+01
5.503745096784052038e+01
5.971741473127684685e+01
4.359876610231248861e+01
4.693854081241624954e+01
6.454475355034361428e+01
6.329162702401930574e+01
6.577557849972242821e+01
5.835656721328402341e+01
6.190785648284482789e+01
5.963999335150528935e+01
7.023833375684719726e+01
6.822277492533086729e+01
6.431795269482229571e+01
7.041849507551975762e+01
7.189393116311046583e+01
7.055814572131238549e+01
6.456219441786114999e+01
7.365113534882404167e+01
7.081819683759481165e+01
7.045352291922819177e+01
5.809100185248587422e+01
5.967828567137078011e+01
4.763195956207308512e+01
6.863193948040574810e+01
6.529166526724029040e+01
6.038004112307243076e+01
6.529591957781420319e+01
6.730269564684101624e+01
5.311803711835470665e+01
6.490029684530306042e+01
6.850094946720423650e+01
6.274793856269150183e+01
6.712854866366390638e+01
6.326757449550353840e+01
6.460792854413855935e+01
6.674424309760280494e+01
6.954551607786376621e+01
6.518605145272758250e+01
7.111766286685028149e+01
7.137406671490917631e+01
7.568616623334526139e+01
7.026571876108187098e+01
7.936815145224541368e+01
7.333458051171302827e+01
4.871286902995733215e+01
6.535074161849520635e+01
5.059555850162347923e+01
7.243407900778093733e+01
7.109454394809053213e+01
6.785573399429063102e+01
6.874064342100739111e+01
6.889075653911645247e+01
7.140653771159036012e+01
6.622209387231519884e+01
5.974667419251209566e+01
3.553994189491526612e+01
5.033733697036796428e+01
6.800836028483053042e+01
6.650062028786115320e+01
7.049575884345455279e+01
6.087786249272707551e+01
5.520421792707936248e+01
6.499605494944840700e+01
5.919387580174029040e+01
6.906936753434023046e+01
6.937113051535213515e+01
6.640692211431567671e+01
6.552439339959425979e+01
6.569527800349807478e+01
6.531794986921671864e+01
5.899235254599152967e+01
6.621150438814883898e+01
6.191844372500737848e+01
6.185493644892901699e+01
6.562068288624134027e+01
7.039801927309842711e+01
6.341251648940676233e+01
6.460003033247282644e+01
6.010015950193145784e+01
6.698561121009430508e+01
6.557519978495344048e+01
5.663873823052482948e+01
7.024886726074841192e+01
7.278793322664317600e+01
6.871331539218908802e+01
7.293057172449628922e+01
6.413007743412426009e+01
6.912484377217266740e+01
7.051104371952445149e+01
7.125215380173843016e+01
7.178677294044426560e+01
7.361243143639869402e+01
6.935256948387434761e+01
6.934124511234499266e+01
7.248837939692353416e+01
6.551046105698610234e+01
7.095675119812175069e+01
6.476250266605775607e+01
6.684711601044493534e+01
6.170020833712007402e+01
7.208586814770542617e+01
6.450189935075682968e+01
6.924436468249129462e+01
6.994863731916812810e+01
6.778004720367786717e+01
7.272463576741257896e+01
7.038418101382613656e+01
7.177571988586338136e+01
7.214160806615284116e+01
6.580034807484040016e+01
8.729668149417229017e+01
8.500796009458926505e+01
6.987335108783422299e+01
9.938341469854586308e+01
1.001838030598981675e+02
8.423406399361593344e+01
7.075572187875864927e+01
8.007088136138928292e+01
6.614691634492041317e+01
6.996651675555136762e+01
8.412244530885722327e+01
7.623381416533260335e+01
9.007062266766601510e+01
9.484325051181599520e+01
1.191421142381657035e+02
4.892052214951609557e+01
4.636165577182410402e+01
5.884391103389656053e+01
5.209597685508391862e+01
6.228372725361049334e+01
6.772194407056259990e+01
6.490566569731242907e+01
6.912118843489585629e+01
6.143482393753532023e+01
7.029154544783561676e+01
7.092208913666354420e+01
5.996873098418412695e+01
5.817616658422457476e+01
7.009787530835696145e+01
5.311177966357449520e+01
6.591009717812750068e+01
7.085132565367999291e+01
6.939492680888331222e+01
6.595701791992368612e+01
6.474177585693701076e+01
7.242978422109543146e+01
6.597707434517255365e+01
6.239461179868015961e+01
7.005767225895702666e+01
7.011092929845625576e+01
3.722840858215836590e+01
6.730349489796554963e+01
7.076542874259506277e+01
5.002469741884775090e+01
4.897646550420663658e+01
4.834838398015101291e+01
4.216686818928248215e+01
5.320796036209075197e+01
6.547764994354973567e+01
6.637821069306428967e+01
5.216059268243623137e+01
5.901407442251164071e+01
6.069807457584301602e+01
6.172249015025099794e+01
6.013354715869242995e+01
5.212541762814301904e+01
6.527959819715506740e+01
6.465165141647898395e+01
6.804466762358238441e+01
6.752007773912350785e+01
6.733997762140350574e+01
5.820381670488286829e+01
5.780467067313684026e+01
6.712411191722617332e+01
7.778505102057751230e+01
6.400544364617127258e+01
6.936234835279363153e+01
6.706701219370519595e+01
6.708108080341006030e+01
6.588373744522158404e+01
6.841832010856354884e+01
6.238696753433637099e+01
6.811214441125699182e+01
7.061586659456548887e+01
7.047802224254637338e+01
6.779574568649859145e+01
7.702814220212451346e+01
7.178447161721732073e+01
6.893259887180356316e+01
6.686454283649460706e+01
6.245080191241284950e+01
7.183854781399406875e+01
6.928060760038391663e+01
7.074415894347853850e+01
7.021657986184588651e+01
7.021657986184588651e+01
5.976911700635146474e+01
6.577967405701416226e+01
7.062473425050183096e+01
7.047756151009096470e+01
6.352400067772117609e+01
6.526266536683668562e+01
7.112454518508850754e+01
6.398598515313204871e+01
6.853786796351886323e+01
6.900535236286008001e+01
7.832817736007201859e+01
6.678414353975759354e+01
7.066909539959023334e+01
6.868327986863188528e+01
6.768724639915424746e+01
8.116992998336803566e+01
7.167189600269546190e+01
6.383967300942991585e+01
6.852706301463796024e+01
6.935909771437762572e+01
7.005914025641698117e+01
7.102755638207517563e+01
6.825116999706129661e+01
7.247304523703749624e+01
7.393841344732298637e+01
7.184266002408523377e+01
6.788448994148802740e+01
8.049591201181885936e+01
7.029220676412670343e+01
8.277426444040915499e+01
7.814601390471389664e+01
9.076802787715027421e+01
1.023160502374202281e+02
9.133832245303925390e+01
7.910207662633229120e+01
8.565974015201794600e+01
7.339409850514918787e+01
7.593282636418312848e+01
7.071214806300899625e+01
5.555831866627312365e+01
6.225817575209128307e+01
5.747551330880841647e+01
5.787465934055444450e+01
5.672511413606690667e+01
6.151181677741005416e+01
6.137817047462581854e+01
6.590029309907527022e+01
6.599608139709732768e+01
7.650958173571790155e+01
6.869000227370605671e+01
6.689293442298813375e+01
7.351973187207151739e+01
7.102679755844896192e+01
6.752558536008683632e+01
7.286991054856072481e+01
6.239005641413296388e+01
6.703791126621757712e+01
7.018927193923707364e+01
6.902359491921372125e+01
7.094109022356407479e+01
8.211173674091732266e+01
6.964699037584111352e+01
5.811483747823301371e+01
4.745577801861818301e+01
6.640503205815939225e+01
5.391696007724759454e+01
7.035246292922386147e+01
6.470755844403780088e+01
6.769026901200439283e+01
7.096057242021558409e+01
6.706502085069165275e+01
7.190983558951658949e+01
5.900449644626974077e+01
6.676434507120301021e+01
6.128152085859848341e+01
7.793927761064762194e+01
7.238903149823227068e+01
7.014609800567545506e+01
7.277806951882685382e+01
7.311507563184365210e+01
6.789795594623242891e+01
6.202516953648274978e+01
6.943815650547011842e+01
7.083481173139155374e+01
7.199191786045304298e+01
7.418424314264771624e+01
7.416467423433479667e+01
7.032434969456811302e+01
8.179373344103809984e+01
8.684412090846593912e+01
7.329296179105203635e+01
5.367247967693476340e+01
5.792867283342273765e+01
6.325953128165633643e+01
5.685218529751966088e+01
6.905986707230334787e+01
6.830359611988883728e+01
6.940387483090793808e+01
7.706713289925855292e+01
6.950658533388029525e+01
6.991130864181293703e+01
6.887042864532102726e+01
7.132888742448605512e+01
7.080898216367506848e+01
7.079601619286458458e+01
6.749340695436248438e+01
7.396589662227310669e+01
6.872257610354884605e+01
6.534457834464178916e+01
7.514433159896918824e+01
6.632675341281071724e+01
5.836082115828975247e+01
7.202549439851540569e+01
7.031953907282975536e+01
6.989756008331123383e+01
7.031429531467360050e+01
8.249870441072076233e+01
6.965401040003314392e+01
7.738891011030045775e+01
7.113653697249178265e+01
6.969720413937420744e+01
7.489248194291384664e+01
9.358921207240157969e+01
7.497963476179074860e+01
6.421783537331668867e+01
5.506399069741546271e+01
6.782893474533005929e+01
5.581429403345600804e+01
6.551844941655059529e+01
6.806197118923006428e+01
7.013353079404707557e+01
6.942030582148611018e+01
6.562850145896334197e+01
5.875651193215205836e+01
7.525876847051695506e+01
7.218657170289816349e+01
7.585515376950429811e+01
7.026634100358462831e+01
6.454303529451962618e+01
6.876170570491157719e+01
6.597050144938685889e+01
7.305865543854081068e+01
6.132386933897708303e+01
7.030334993807531418e+01
6.798507368476519730e+01
6.773801495094252800e+01
7.330063728091431585e+01
6.968503703870686650e+01
6.994902217558784230e+01
7.674493749120553332e+01
7.253736877181773934e+01
6.936843970888840261e+01
7.480199948042111657e+01
7.313064524270413358e+01
7.058472907521058914e+01
6.762462542900320273e+01
6.637889923743549048e+01
6.991909253247352751e+01
6.106262140585752718e+01
7.124031356891242694e+01
7.371495526030216183e+01
6.946927827081471207e+01
6.992704801933025749e+01
6.893659838957226782e+01
7.562012423004165385e+01
6.910908707626543901e+01
7.480183988408015239e+01
6.748734515300039050e+01
7.669283580259126154e+01
7.433320914350511543e+01
7.753238346515412616e+01
7.871953347939840739e+01
7.493964124974992558e+01
7.426884136447429796e+01
7.308210968676900166e+01
8.477737999008087399e+01
7.150969137230781314e+01
8.390044196078514460e+01
7.360674768291174530e+01
6.534056544373002851e+01
6.357677693065332392e+01
6.151754453728478467e+01
7.059129760653048891e+01
7.138092433560385075e+01
7.078885910592312314e+01
8.398678228918484479e+01
7.438647955084637431e+01
7.650058098143584573e+01
7.650717976403467446e+01
7.583437622675505452e+01
7.075156888805432231e+01
7.969796468099265496e+01
1.204568161056806588e+02
1.315365678010486477e+02
1.123467071067740335e+02
1.026351333709066012e+02
6.928247897094641417e+01
6.948850539171856155e+01
6.931807060910986706e+01
6.896974960383724351e+01
6.015826838161719792e+01
6.119156029373178995e+01
5.776143720669958270e+01
6.700188570607139127e+01
5.420490733853057463e+01
6.442260997802175382e+01
7.184377445136557583e+01
6.141109621203790425e+01
7.145874132285463531e+01
6.978746024048395213e+01
7.169119668259415334e+01
7.030684880569423001e+01
6.929478610987506215e+01
6.683506866461829077e+01
7.015540415200732127e+01
7.021835725960463037e+01
6.911616124446398146e+01
6.769770936157887320e+01
6.623038215287679975e+01
7.113402080912278791e+01
8.632530662288461087e+01
9.042303880996243493e+01
6.726774784460774015e+01
1.019078503202629236e+02
7.882003526954066785e+01
6.820310501425122141e+01
7.177242875417817913e+01
5.071973512357984504e+01
7.145464093598332056e+01
6.686349776925308674e+01
5.370911230173265949e+01
7.302852337668691973e+01
4.456325500459917066e+01
7.176150891107997154e+01
5.419547414388982531e+01
7.264093387364731313e+01
7.131605433207839440e+01
1.174950792504628510e+02
7.082367745260265224e+01
5.536181996834588404e+01
7.025407299047115828e+01
3.728256486731693542e+01
5.548944851755346264e+01
3.985321757268228282e+01
5.859816875681917026e+01
1.174162947125879555e+02
6.857124597851910153e+01
6.920548120872170728e+01
5.312905516337815470e+01
7.132580530328431223e+01
5.109373565866575007e+01
6.489609814810685862e+01
7.018566574430667515e+01
5.371165931337810662e+01
5.170001005824924789e+01
4.718270080107431141e+01
5.231367397208387615e+01
4.184735044731594655e+01
5.611715579894953976e+01
4.471097677058118336e+01
5.292270882626750961e+01
3.417791681841350027e+01
3.823257381219694651e+01
5.324816611174873060e+01
8.041239739633222428e+01
6.920599412442797416e+01
5.423288388544923322e+01
6.574612857137167055e+01
6.882218718796258372e+01
5.285878029526457311e+01
5.678033197774372809e+01
4.585245750189019986e+01
5.004936613052893790e+01
6.528411859644711512e+01
6.166035225172444001e+01
6.046414784216938898e+01
6.918413020289020210e+01
6.689884788273069205e+01
5.314626437150469229e+01
6.619695410279803127e+01
5.601462079176441478e+01
4.927824258054724993e+01
4.211178475311222513e+01
5.022583530691491660e+01
6.658201739552890785e+01
5.079429769825367202e+01
5.240130319551692395e+01
5.959454919312153720e+01
4.886343149990873513e+01
6.746642635030251256e+01
6.023767009341599277e+01
6.307778557685475107e+01
5.536249211043797658e+01
6.874658445326971901e+01
6.950841579006856819e+01
6.562414056698020204e+01
5.978394229563342321e+01
4.965616371928693695e+01
6.590913187089833514e+01
4.106548967468374656e+01
5.843558728875222386e+01
6.303623325418152490e+01
7.074904040712578990e+01
5.430292671453431552e+01
6.796795208200214233e+01
5.910615418398836596e+01
7.043452036490550938e+01
7.023720059217474443e+01
5.492268757538780477e+01
7.027407596005146218e+01
7.034606773971310645e+01
7.063627115847172888e+01
6.493811965896938432e+01
7.031679510581824388e+01
6.710846765793492352e+01
7.393221429037780013e+01
7.082869888255484625e+01
6.886365854254106011e+01
6.879261612968780071e+01
7.154164870126480480e+01
6.942645712266275382e+01
6.677228393245287918e+01
6.965797961275177386e+01
7.076082966647931016e+01
7.652390286610736325e+01
6.509768814496024447e+01
6.728649957189838915e+01
7.994611067422907524e+01
7.373139791737962412e+01
6.898984854539253320e+01
7.114968480099723536e+01
7.575827643471269823e+01
7.363177897051059517e+01
7.517411380242272401e+01
8.903398383089101742e+01
