7.469908614644828049e+01
7.021637242395414091e+01
4.866247951576944786e+01
5.094023211924080385e+01
6.894905376709465372e+01
6.900516461164016846e+01
7.143128413545765909e+01
7.651329053250439927e+01
5.078719120022329037e+01
5.203795896572275126e+01
4.030542779933865916e+01
6.620975055104517537e+01
6.323611443734471038e+01
6.360798407584514536e+01
5.743541716005637454e+01
6.965937364227460193e+01
7.564461219478057785e+01
1.323028227034630504e+02
4.351907876355762284e+01
4.859309686058931987e+01
4.577455662010154214e+01
6.480035831259658607e+01
6.848972907174528757e+01
6.904577973967003857e+01
4.871249848319982334e+01
4.322289981608960829e+01
3.558798990737275858e+01
6.451904462315914657e+01
5.423491413810945261e+01
6.243715121414285818e+01
5.264937295927123273e+01
4.653571272282918869e+01
6.335231807745665122e+01
6.503451610104464464e+01
7.041508449483187349e+01
5.747114842819407698e+01
6.623620041210796217e+01
6.582500576564839889e+01
6.243086751541108015e+01
6.630235038778990031e+01
6.966114095167525022e+01
6.943791788130371856e+01
6.627537328846982234e+01
7.315734594277098779e+01
7.204077070275216954e+01
6.982941739009203275e+01
7.043657227048586833e+01
7.134883623151696952e+01
6.749624650982771357e+01
6.665079722018290909e+01
6.589405044782213849e+01
7.176899642040555705e+01
5.283756296138183473e+01
6.780394947169165221e+01
5.494686736502276858e+01
3.897021250628343836e+01
4.104538802878268200e+01
3.799935205377263259e+01
6.096671258820845196e+01
5.981081223155752014e+01
5.431869523135137712e+01
5.273701381781510378e+01
5.667541872894013011e+01
6.144619141110025140e+01
4.429039332258311390e+01
4.436466618393251338e+01
4.931589127187922372e+01
6.734603740412359230e+01
4.608012224125432965e+01
6.717775523634290380e+01
6.817380755661443459e+01
5.870123900800147254e+01
5.701050681873372383e+01
6.182117232426680431e+01
6.118189313711528854e+01
7.126482387602649737e+01
7.332838847002483362e+01
7.103501446613398684e+01
6.267030382074609918e+01
6.813935260227323454e+01
6.879491447230769552e+01
6.989286103423367535e+01
6.525512945219995231e+01
7.482392634606078730e+01
7.469992498510347900e+01
7.140398887697460850e+01
5.704177860102844022e+01
5.494407576403845184e+01
5.139645120810533996e+01
7.016554960419330200e+01
6.702391492104041504e+01
6.857771556693386117e+01
6.692108337048108524e+01
5.963026173289074450e+01
5.283086424343095899e+01
6.014419188517588566e+01
6.670996766112888565e+01
6.317866133280337948e+01
6.939765738668589279e+01
6.149105905406030814e+01
6.392958734732246029e+01
6.490085382543648507e+01
7.147252619991687084e+01
7.034884256796969737e+01
6.420433156722207002e+01
7.004361584037104649e+01
7.138160421800229472e+01
7.600000845013215667e+01
6.875871722550373022e+01
7.358714076499239809e+01
7.178240152500670490e+01
5.513102887108776429e+01
5.419235181672476642e+01
6.384879052797345622e+01
6.954780488640072633e+01
6.591692963013701956e+01
6.917886729279948099e+01
6.761688968646038234e+01
6.780345530089461192e+01
6.868477379569416996e+01
7.226149849661693736e+01
6.140747059709844535e+01
4.680511768405172290e+01
3.574218231938169765e+01
3.705513474171458199e+01
5.234092872213135195e+01
6.747455088631537024e+01
7.128550816077193986e+01
5.547037615814431177e+01
5.153051159764750366e+01
6.541873217782701033e+01
5.428617977278389617e+01
6.757099716396719202e+01
6.864224127144602505e+01
6.483925607162737492e+01
6.556217366729157447e+01
6.441530108250999831e+01
5.599895405058008890e+01
5.691839760596570841e+01
5.983633560434709864e+01
6.997433005403682671e+01
6.891191163144839038e+01
6.888010832973466790e+01
6.489805941314807569e+01
5.946433734310695485e+01
6.831685058480341866e+01
6.794536329719687728e+01
6.900008491981185443e+01
6.628259411277755930e+01
7.061012097007491661e+01
6.560149420188834313e+01
6.510413559423714958e+01
7.602851833060879017e+01
7.088073805807120209e+01
6.850914889353359172e+01
6.643769582707855648e+01
7.277324823156675393e+01
7.037642357509412250e+01
6.793481923273000689e+01
6.535424844023117430e+01
6.493820336224247569e+01
6.194050364048767676e+01
6.709812717953002448e+01
7.110231618610283988e+01
7.262261282205463431e+01
6.804743599601215465e+01
6.612371467519467672e+01
6.979084458876289432e+01
7.181199897603481475e+01
7.350142939762712047e+01
7.644347604379161965e+01
6.837617424467016747e+01
8.926108876875699139e+01
9.090535922724433249e+01
7.459211151091646741e+01
7.538013919183443079e+01
9.590266096521381201e+01
9.717620713809520794e+01
8.114359974610596282e+01
7.346490844351735916e+01
8.016255697714416328e+01
7.292366824052189145e+01
7.457168025063451466e+01
8.612621004556950766e+01
8.075417488158474555e+01
7.799790189495574566e+01
1.128672541503337357e+02
1.345396596824080575e+02
4.970093831850427080e+01
4.759918393357084199e+01
6.309174117625980216e+01
5.732577252411000757e+01
5.745685528707200262e+01
7.185871607311325704e+01
6.512450451599902124e+01
6.733173198760671596e+01
7.232490348087253551e+01
5.800801410055716900e+01
6.841475266678834544e+01
6.768497686668180791e+01
6.716483649876306572e+01
6.779031480755422479e+01
6.081845654159817371e+01
4.848738441693057410e+01
6.209150216329292959e+01
7.057742705936364302e+01
7.079336086371759507e+01
6.711178393886964955e+01
6.243019171095836128e+01
6.813401374598804239e+01
6.473017784619963777e+01
6.738156268723491849e+01
6.860753433196893525e+01
6.807953062144805756e+01
7.251535465270887926e+01
7.297512288818151660e+01
7.029482370099357524e+01
5.606276665409498605e+01
5.481763019909596579e+01
5.008856810154408379e+01
4.944551865567877513e+01
4.834099256820003632e+01
6.620188747978744459e+01
6.613708579679311583e+01
6.009310971974817051e+01
5.872646331094188099e+01
6.426231364405555269e+01
6.435286563065406540e+01
5.673229926437816317e+01
5.272795615429256344e+01
6.784860324086047001e+01
6.416447336824147385e+01
6.975301679908176311e+01
6.856724575052379578e+01
6.699445507631148189e+01
6.221618618682673230e+01
6.252919555012260844e+01
6.527532593541164374e+01
7.715120232357233476e+01
7.239481421318026833e+01
6.752399384458433929e+01
6.689440814643167244e+01
6.968069505564808708e+01
6.770405714954550547e+01
6.818193709442981287e+01
6.199231637857477040e+01
7.270173827285549351e+01
6.850671219692955560e+01
7.192568561842507791e+01
7.281515435644236334e+01
6.829034175652653005e+01
7.333851114498068569e+01
5.688418772872915952e+01
6.882466554808721071e+01
6.780651459512166923e+01
6.174921537666476468e+01
7.138482730125011244e+01
6.917432957898759582e+01
6.883373746064977183e+01
6.883373746064977183e+01
6.800775271938483968e+01
7.069348558331724064e+01
6.896011055672985890e+01
6.366635385206611630e+01
6.396211978404535614e+01
7.053150643587409263e+01
6.263269997071367357e+01
6.808129827328738770e+01
6.928891983165981117e+01
7.257556038700239753e+01
6.931939454994811456e+01
6.822187223969422121e+01
8.404203117537630874e+01
7.573533115561302509e+01
7.424243252784775393e+01
6.927549120843733022e+01
6.569963464075186721e+01
7.035646373612156879e+01
7.016377472310023222e+01
7.114250330438142100e+01
7.171661972454128886e+01
7.161036012443679510e+01
7.093152897747827978e+01
6.813851997171414610e+01
7.389375806352072118e+01
8.487112146993325723e+01
8.374966984860468244e+01
8.308067540958239761e+01
9.310099524709366392e+01
8.355638769971395163e+01
8.997432783466668127e+01
7.253397253673573175e+01
7.021568249639304327e+01
7.828877813224677595e+01
5.745011346703282129e+01
6.375839002955368073e+01
6.226179122157279267e+01
6.260613997216449178e+01
6.642188066977277572e+01
5.799392695913634554e+01
6.183248197932756085e+01
6.379627575397663719e+01
6.392389260023385589e+01
7.134401541290588966e+01
6.807442747542084760e+01
7.148767409750826118e+01
7.395232429425382747e+01
7.026175965245849397e+01
6.647284098448183443e+01
7.462322041574519460e+01
6.009467864173823415e+01
7.191648575554816603e+01
6.946277550785569588e+01
7.181936768182188757e+01
7.396673922530440848e+01
7.149406198064544071e+01
5.676839606812112038e+01
5.843154391054882524e+01
5.117290914754104847e+01
7.322080126995494709e+01
6.918133815730750769e+01
7.301410953300758422e+01
6.818080876240276211e+01
7.149985909559286767e+01
6.151574307018634613e+01
6.200244450096526805e+01
7.329305565818293644e+01
5.812719620702233669e+01
7.497811665329618336e+01
7.397484634894294686e+01
6.928059088020334855e+01
7.004553552342368050e+01
7.316120601792788136e+01
6.444575907275937254e+01
6.848211530725338037e+01
6.474153281114999459e+01
6.674808828477684131e+01
6.914780043965372158e+01
7.408777506848385030e+01
7.470428202734598244e+01
7.490037743571654971e+01
7.090325456952940897e+01
8.281711008889391223e+01
7.646563311690553633e+01
7.220488014258606313e+01
6.180790142624570649e+01
5.532157967535290766e+01
6.819875614065250602e+01
6.347333212561938609e+01
7.034232422851700051e+01
6.916390964785799156e+01
7.129386548846348148e+01
7.460643030555351629e+01
7.068020599971572437e+01
6.761977666540606435e+01
7.029091402517610732e+01
6.664273906631551370e+01
7.335701712393729679e+01
6.638359715604845235e+01
7.218929395112984082e+01
7.052529544493644664e+01
6.617204278151943697e+01
6.826202335550200928e+01
5.960615398140333099e+01
6.948265713806583221e+01
7.220484359763875659e+01
7.002391884445590620e+01
7.239247769189691439e+01
7.223621294545904448e+01
7.177112449110404668e+01
7.313118326910505118e+01
7.802806801369546008e+01
7.256918800546567638e+01
7.832954246328445436e+01
7.075927597748118103e+01
6.924758511338326628e+01
7.361281551866744621e+01
9.553699654363937555e+01
7.595689738588698958e+01
5.490678409935939186e+01
7.135335723498117488e+01
6.427642796545430315e+01
6.757800309812647299e+01
6.858944540810215074e+01
7.050664894567560737e+01
7.060871769663884834e+01
5.656821463280875406e+01
7.511001146406132989e+01
7.432884007323265507e+01
6.873074236545775761e+01
6.304277468525305039e+01
6.975158017776504948e+01
6.465116769057091517e+01
7.095192221564214208e+01
7.105115347418949057e+01
6.731271693015827395e+01
6.916671791352122511e+01
7.406951131161009982e+01
6.951170321118766537e+01
6.949063773657536558e+01
7.448146260445855660e+01
7.379381286438335508e+01
7.184079291854394000e+01
7.386902276267363732e+01
7.386012488798616005e+01
7.138028121213287136e+01
7.125174537920486273e+01
7.016812053319414133e+01
6.881001759360870551e+01
6.513894549083838115e+01
7.106572468277417443e+01
6.585276891011318412e+01
7.332872862848208229e+01
7.514894965010540773e+01
7.056572064242249098e+01
7.339751706442984869e+01
6.939818114732162257e+01
6.969390957037889223e+01
8.460104300002890909e+01
7.482966802500943970e+01
7.255064228678955374e+01
7.192801964863416231e+01
7.866876203681293589e+01
7.627636031445179299e+01
7.503147539760371387e+01
7.386727482978153603e+01
7.370712153136618383e+01
7.287636534105607211e+01
7.955251909158803869e+01
7.088549686371480618e+01
8.436833504702180164e+01
7.552026768118101074e+01
6.284782407921561287e+01
6.405237188620353095e+01
6.993390004731431020e+01
7.593776822305997598e+01
7.162171718908970774e+01
8.209812315390817616e+01
7.289662087595468165e+01
7.143621286144434634e+01
7.678958675835954750e+01
7.362421417557742132e+01
7.481823953888599021e+01
7.935076494152870907e+01
1.362682009078123428e+02
1.356866308692575558e+02
1.298895589244349651e+02
1.058543323125070117e+02
8.710577365802062388e+01
7.154709601891117643e+01
7.102681629863144508e+01
6.996269865157262302e+01
6.821683520675931334e+01
6.002516770833521775e+01
5.476518391325816992e+01
5.835122533454921268e+01
4.793106004516813812e+01
4.852409019858959027e+01
6.567009380631468218e+01
5.047749946676157151e+01
5.560058430822248710e+01
6.551824456401598695e+01
6.052309126379984150e+01
7.129626800313580759e+01
6.949145159199306931e+01
7.100822901851036306e+01
6.917919730197651518e+01
6.984904965428975743e+01
7.036163727499065601e+01
8.292339813162557505e+01
7.696948550372401598e+01
7.023563701660998504e+01
6.789703678425402700e+01
6.724040811926016659e+01
7.456245852970387489e+01
8.634321949846820132e+01
7.155020013880051977e+01
8.280598497529277324e+01
1.192330294079758914e+02
7.676217492113154606e+01
6.900309151028346832e+01
7.263238017370115074e+01
5.000056339943990480e+01
7.301411492660083979e+01
5.398745503231110376e+01
4.685638385557194141e+01
6.982515486599743326e+01
7.374354974892044368e+01
1.064816187221863402e+02
7.100419045013688901e+01
5.130806188680692514e+01
6.890397383841407475e+01
3.609338996829998791e+01
4.762514974316563610e+01
7.357706710641765824e+01
3.872763754708451245e+01
5.713876953088274036e+01
1.235087778592194923e+02
7.064552540970277050e+01
6.734137929198809047e+01
4.822399674811173043e+01
7.073907517905635700e+01
4.775463919234188381e+01
6.369097985898357450e+01
7.041433610496621043e+01
5.308229934799935279e+01
4.906548580140805882e+01
4.662135656161818531e+01
4.865630371236741780e+01
4.348173787822042868e+01
5.413144098639120472e+01
3.955283328074199289e+01
4.543219989192084540e+01
6.242467897877505578e+01
3.840090212171047312e+01
4.210085966924683021e+01
5.641302721676025556e+01
8.112289446431393003e+01
7.051160978193225048e+01
5.247415601856320677e+01
6.475176734649879506e+01
6.399764661964147194e+01
4.793953893073772576e+01
4.284721773911880405e+01
5.955487473270193277e+01
4.194972724123448415e+01
6.688144908444310488e+01
5.840734062141668659e+01
6.646831805684010419e+01
4.987007528252738098e+01
6.430806519815767786e+01
5.974057051231284987e+01
7.118036083857444396e+01
6.928186925077839931e+01
4.756509877232491590e+01
4.978688405706726172e+01
4.922421806664057442e+01
4.581582810712691867e+01
4.315694685809761211e+01
4.793068734299475864e+01
6.357229551712037363e+01
4.867840162467301468e+01
5.448354834027936988e+01
6.409966774060436023e+01
6.824015598873909028e+01
5.283551538199446895e+01
6.684683224206351326e+01
5.199265370846608647e+01
6.957841239711224546e+01
7.178037323496283761e+01
5.808440054366312211e+01
6.732367598708621870e+01
5.752213909610013332e+01
5.647911901501633025e+01
4.803799649489443624e+01
6.799210927302532070e+01
4.465622524491838874e+01
5.715869985727346148e+01
6.694990318681460906e+01
7.448346515340328722e+01
5.462334813074825490e+01
7.092119629030695194e+01
5.243781596865664341e+01
6.945104335776632354e+01
7.146878498144984349e+01
6.809352101773345112e+01
5.035655943686879255e+01
7.053854611132311447e+01
7.501773418673636229e+01
7.142481182504016601e+01
6.235043431693603821e+01
6.944386431078484634e+01
6.480995853254674444e+01
6.717372636398494024e+01
7.712877694346296664e+01
6.827658513162053566e+01
7.464339568809300829e+01
6.943968166962703492e+01
6.579234812154483336e+01
7.178623738320889913e+01
7.210516206390511229e+01
7.140878864074620935e+01
8.209197012296147022e+01
7.485914053708320637e+01
8.031324002344469193e+01
6.914749963797477506e+01
7.319421753216421678e+01
7.251097360762199173e+01
7.635027924473672556e+01
7.867931062720062130e+01
8.193615661787310955e+01
9.915610429151242045e+01
