7.594478835172786546e+01
6.755928925411976138e+01
6.931162388901361737e+01
7.560315264554076009e+01
6.789115695834024677e+01
5.907076915768257663e+01
5.572692238442350998e+01
4.326702643336091114e+01
6.587788137161459190e+01
5.787033167688777979e+01
6.484858277090569345e+01
5.654484644840930230e+01
7.262760480098968685e+01
6.850879541291486419e+01
7.213032957280843505e+01
1.150612686331799779e+02
5.093921304149285589e+01
4.977529300635808340e+01
5.961628713479461794e+01
6.750219469803523964e+01
3.682083979278930030e+01
6.508240519016020187e+01
3.629062339029137263e+01
6.463469377502886459e+01
5.452409222466661731e+01
6.101670078070056036e+01
6.145703435803497428e+01
5.453148750947752177e+01
5.001076532335591196e+01
6.446485015077037417e+01
6.800914468897744314e+01
6.828000177910237767e+01
6.215302251168154868e+01
5.914490109418878205e+01
6.930389309031993150e+01
5.970576476455199355e+01
6.534832334533589915e+01
6.453219769039559139e+01
6.821273026573325637e+01
7.232985982009509485e+01
6.748097952574342173e+01
7.369391339072745950e+01
7.084134016568485492e+01
6.590925727968023295e+01
6.789636394311261824e+01
6.797485079922938667e+01
6.907999313906306327e+01
6.867493479565570169e+01
6.925071681602345564e+01
6.375801232533943619e+01
6.520291343413332186e+01
6.930005076758912708e+01
5.831993660510521948e+01
6.750677657456455449e+01
5.989438004709337093e+01
3.899809116760302174e+01
3.495659376519353145e+01
3.197218400838352892e+01
4.037488263966276492e+01
6.006069610482956023e+01
5.199806403307827907e+01
5.681027207753653130e+01
5.520996066732758578e+01
6.060087334291498706e+01
3.886838614616492293e+01
4.025884774528203991e+01
4.457751216459402599e+01
6.967901822888909180e+01
6.069462220216716020e+01
6.665593072371893868e+01
6.115813826166425571e+01
6.633001991634327510e+01
6.068468640553093962e+01
6.855830047735938138e+01
6.294154695158364632e+01
6.800446940269164031e+01
6.842411075032943302e+01
6.796634240546262617e+01
6.462856243815350865e+01
7.185967969059745997e+01
7.318008807702240404e+01
6.734255810265631226e+01
5.853689918621206800e+01
4.234714689684835776e+01
6.995830470174136906e+01
6.229596205530123143e+01
6.195777939864583317e+01
6.634243521171624991e+01
6.009241991708310593e+01
5.678272045235775067e+01
4.839347746337664091e+01
6.467204831054573333e+01
6.653869505112636773e+01
6.532674089962553410e+01
6.630289851581608218e+01
6.428170718203283229e+01
6.483991027076388036e+01
6.962124020922696843e+01
6.798341039927535689e+01
6.910064414195299776e+01
5.784055885603212488e+01
7.035778139460327907e+01
7.046598739095706776e+01
7.157942783963048328e+01
6.338129317439933885e+01
7.645542622005277167e+01
7.163013875226818072e+01
4.639543334124247309e+01
4.660766240133300187e+01
6.373186212221828839e+01
4.238874957298012447e+01
6.770044081924864088e+01
6.708180252431665735e+01
6.504320172128295496e+01
6.712916853070974810e+01
6.946742061608054541e+01
6.031435134897153461e+01
6.010829966399393243e+01
3.214679613910408307e+01
3.517788111849996824e+01
4.929975947626623167e+01
6.353520491789026892e+01
6.571986160249137754e+01
6.857114162355109954e+01
6.022833276420886506e+01
6.510751553749149423e+01
5.557728807099868362e+01
6.781367815449193870e+01
6.868569504050918795e+01
6.724018214722003961e+01
6.463096086205521829e+01
6.642608717584124634e+01
6.564555430714476358e+01
6.053610461310190516e+01
6.547009349801224687e+01
6.296573198286947104e+01
6.614900062428931449e+01
6.877239214610570173e+01
6.548809499464599071e+01
6.363488506100935638e+01
6.611925346644964918e+01
6.638267461286730509e+01
5.812074704263353908e+01
6.862896883126491332e+01
7.720816544729447628e+01
6.905202256804581395e+01
6.551097481244678988e+01
6.282972796585617203e+01
7.149281031665074693e+01
6.948876838412351731e+01
6.841338667995239575e+01
7.508907734135650003e+01
7.116640675330008037e+01
6.915632376896344624e+01
6.881810775884365228e+01
6.955971780224575696e+01
6.644860487847540753e+01
6.533582647802288079e+01
6.730747918395411489e+01
6.424932209147252138e+01
7.089663452404646193e+01
6.467527823432595824e+01
6.838404947460092842e+01
6.807200951428973212e+01
6.951891214544160391e+01
6.517662302952814457e+01
6.951244336302296745e+01
7.049310272753986339e+01
7.387877515064238310e+01
7.338765929880202066e+01
6.544229771393061412e+01
8.235538082761817691e+01
8.076971820582406281e+01
8.142406491046088490e+01
7.223958036142327899e+01
8.926753588206425150e+01
8.919059786626304742e+01
8.305667201750891593e+01
6.955601030547185815e+01
6.785154665173890010e+01
8.289918328636716183e+01
7.739067865395155366e+01
1.025220627637966970e+02
1.105712135235066427e+02
4.311807094306493582e+01
4.065138773633371727e+01
6.181987276290248445e+01
5.349181688003431390e+01
6.092591443645929417e+01
6.557799967204464053e+01
6.557249161873562571e+01
6.650784901257999593e+01
6.849146295121946082e+01
6.119642172464963892e+01
7.066129080464493484e+01
6.540619290481423320e+01
5.883469340736071729e+01
5.950371237503259181e+01
6.925759980472977873e+01
6.025096495544246977e+01
5.139678186428776741e+01
6.905250977167663962e+01
6.967335444535630984e+01
7.203616288607086915e+01
6.584711728055660274e+01
6.573855622376204622e+01
6.222811037530269118e+01
6.201027390192349742e+01
7.045017545686094707e+01
6.574113562968187807e+01
6.346395578276336380e+01
6.867570451957830358e+01
6.943258694152413568e+01
3.454488564966103326e+01
6.623530704961358140e+01
4.639061918358779479e+01
5.453085246201985825e+01
4.925742831847103531e+01
4.705023466085283701e+01
3.525461608314003570e+01
5.244033125924554639e+01
6.626921235599752436e+01
6.441805720623173670e+01
5.406158737798652680e+01
6.208891313283326951e+01
5.815849048422415990e+01
6.829407886224443303e+01
6.200931947032044178e+01
7.011251470152980403e+01
6.599529139947516398e+01
6.700710055546224453e+01
6.298101454074026861e+01
6.232240723480419575e+01
6.472035159222126310e+01
7.204310243216052356e+01
6.478600262958721601e+01
6.867771609535515154e+01
6.820757599192292275e+01
6.331475746968597917e+01
6.561660395181661443e+01
6.788958376772899328e+01
6.414168285326890384e+01
7.078039717730359826e+01
6.835915789013002097e+01
6.981389927923378025e+01
6.926602151264307849e+01
6.614265455563213436e+01
7.732687982730676879e+01
7.000913927449634855e+01
5.788420430733155087e+01
6.758610707336782752e+01
6.752177975710583269e+01
6.526669442061913173e+01
7.406317098725051551e+01
6.714667719709119353e+01
6.914494336660401075e+01
6.906810202715813318e+01
6.906810202715813318e+01
6.016037904169925810e+01
6.824176774356527631e+01
6.625789944540912302e+01
6.772826943159152790e+01
6.257570545600985668e+01
6.262376642547280881e+01
7.249587306169424039e+01
6.427222838016447781e+01
6.814859506010517975e+01
6.926214730275913212e+01
8.184289746407874588e+01
7.008234786524138826e+01
6.782696931949301700e+01
6.768789272959195102e+01
7.822008100756565341e+01
7.723318536074309293e+01
6.492794909989436292e+01
6.795001269379787345e+01
6.505789470861394364e+01
6.985412378978737991e+01
6.872729012160944251e+01
6.627919956608450036e+01
6.908792350590472608e+01
6.618191938039818467e+01
6.874172294797971006e+01
7.181892970225439399e+01
7.092940644921466742e+01
6.830224301849541746e+01
7.887481788463134080e+01
6.780695213212852934e+01
8.010479648071346048e+01
7.723595928769850616e+01
8.611882725497335400e+01
9.391500151439373667e+01
8.232545256106520526e+01
7.008794133526149039e+01
7.450213975016642109e+01
5.349167372729985459e+01
6.144751754821573542e+01
6.210612485415180828e+01
5.835244307538208375e+01
6.000063530676195711e+01
5.965892248642813200e+01
6.281195734262139041e+01
6.550177317877800931e+01
6.558359964015448895e+01
7.716588974286777614e+01
6.725952210572373247e+01
6.730176194062137540e+01
6.776785275732751757e+01
6.539085811596002884e+01
6.924247046651187532e+01
6.516398590929686918e+01
6.748171795432993747e+01
6.830350162486551824e+01
6.729687784515699889e+01
7.087570751325186791e+01
7.872022482563502876e+01
6.764677600346134057e+01
6.602820861076122583e+01
6.662685964994118137e+01
5.017622228490421321e+01
6.820207245167534893e+01
5.148841652088080423e+01
6.879387857120467231e+01
5.838610853259319811e+01
6.711486634575751964e+01
7.417148047788984400e+01
6.791758424257588445e+01
7.096574040065011957e+01
6.723803128122303008e+01
6.690304424641604442e+01
6.277563513424234287e+01
7.101708923720167377e+01
7.011668966561087757e+01
6.933054494873915985e+01
7.034520315963007420e+01
7.169107543095532264e+01
6.825686383158131321e+01
6.721547388688451008e+01
6.248497237904670953e+01
6.375272102441108046e+01
6.920115933144714404e+01
7.052464533862213614e+01
7.323787900261152117e+01
7.331114539605414393e+01
6.895664354803427898e+01
8.370959445340093907e+01
8.212807821006116171e+01
7.041929374090301508e+01
5.687838829724535117e+01
5.340286493707081661e+01
6.180517241423261510e+01
5.588867913339710469e+01
7.070288574673230642e+01
7.592984311553389887e+01
6.794356331437754193e+01
6.676448835471929044e+01
6.825239255450605924e+01
7.001611873101293781e+01
6.947120047072341720e+01
7.180231081981904140e+01
6.739898748449665788e+01
7.088000905300555132e+01
6.859008613333475068e+01
6.442730780626091303e+01
7.546369518516313235e+01
6.819298293482799522e+01
5.982323044385640998e+01
6.783122060457893099e+01
6.970618057580324489e+01
7.333698700721893715e+01
7.420489928307033267e+01
7.017536721698360225e+01
7.810949935535730049e+01
7.001944046971640034e+01
7.310059474022898485e+01
7.082263192952767383e+01
6.831612393914471681e+01
7.109097925222521042e+01
7.429147599583352246e+01
6.608235705175316355e+01
5.950239840539175162e+01
6.704096493592842876e+01
6.091062542493446585e+01
6.569844833556160779e+01
6.046166176611227883e+01
6.903235812312703956e+01
6.887512371041971448e+01
6.890631014362638496e+01
6.698509839837740287e+01
6.978797024168439123e+01
7.156396478115395610e+01
7.436397836384456639e+01
6.931294131168375827e+01
6.570435008042572633e+01
6.983415430381103306e+01
6.626224713871337713e+01
6.929054792480742719e+01
6.039618159344794890e+01
6.890747011204366856e+01
6.937237944858378569e+01
6.466113868340741533e+01
7.290074371819478927e+01
6.978830563181415414e+01
7.210308502247589502e+01
7.084202010881732292e+01
7.169422363657429287e+01
6.773179547550380164e+01
7.296404169261812456e+01
7.542589154180485878e+01
7.187172502009276798e+01
6.771407637094118570e+01
7.020448725607687379e+01
6.948406084432232888e+01
6.396313666103586826e+01
6.728831057717563624e+01
5.925005701994069796e+01
6.989315011861000926e+01
7.332464121037801874e+01
7.395411653854411327e+01
6.671729717025358752e+01
6.514784062327203173e+01
8.552789544767462360e+01
6.982759730283846977e+01
6.850440813695162490e+01
7.679989526573078251e+01
7.238446128785592748e+01
7.586036583649621434e+01
7.514465848604488940e+01
7.196739678372773596e+01
7.342612050836035564e+01
6.858303468557627980e+01
7.310583202322125373e+01
6.754118821439689668e+01
6.730391099581810010e+01
6.012209370231067851e+01
6.176731562553589328e+01
6.647942804009733209e+01
7.054170837398741867e+01
7.720187296969915280e+01
6.773813003374606012e+01
6.952506298372030358e+01
6.957247064980838047e+01
7.329182545474969857e+01
7.043109641001414900e+01
6.826920727902658825e+01
1.540007271644442710e+02
1.510505196222927680e+02
1.358142442341421656e+02
1.120315783634787863e+02
9.624487832528427589e+01
6.787381736368669749e+01
6.723510981241020090e+01
6.768339053441840747e+01
6.693177647907687344e+01
6.073354177322343617e+01
5.938710106114434240e+01
6.527455066116736759e+01
5.744917453791770612e+01
5.725813426946133688e+01
6.626879075354133874e+01
4.755675055370709003e+01
4.755841722037375519e+01
6.118367599604672336e+01
6.393374518004810625e+01
5.622539945372968617e+01
6.840121480544004839e+01
6.853569725189205997e+01
7.112506639226604932e+01
6.824033232929785697e+01
6.933395505489798438e+01
6.936755585811556557e+01
8.015441019098693687e+01
7.163903732120807888e+01
6.680135180474461265e+01
6.523594149720273094e+01
6.693490444725203758e+01
7.069972527992950972e+01
8.697167244872974834e+01
8.930458518838176474e+01
6.803342998330727198e+01
7.626549551545885208e+01
7.209479422288740125e+01
7.128481558543951735e+01
5.165394905923447766e+01
7.047081482525364038e+01
6.888515586465345564e+01
5.858696065458279634e+01
7.143232660304281012e+01
3.977147183243292261e+01
6.273105413814487719e+01
5.487367526249748551e+01
6.119973032203562013e+01
6.975739872380293605e+01
1.031862345668401417e+02
6.821492376646628486e+01
5.512517690938668835e+01
6.676703520954626470e+01
3.410496819726905215e+01
6.280375707015167563e+01
1.204528643622770403e+02
7.008755378975074279e+01
6.802735857734811020e+01
5.530136106447329780e+01
6.932601880429172070e+01
4.825303429213182937e+01
6.441791803230044877e+01
6.532790619291903056e+01
5.415240769342928928e+01
5.459211874862099734e+01
4.011348061564697076e+01
5.035393533469359539e+01
5.727181053907499120e+01
3.790929861996497152e+01
4.323921185178262760e+01
5.952077607884666577e+01
3.166709687070020607e+01
3.613291523352370405e+01
5.758289876710254873e+01
5.020192832802997884e+01
6.575012601536464274e+01
5.146451483455621201e+01
3.942332180517244922e+01
4.542797324040469675e+01
4.676592948927961402e+01
4.626052105035480366e+01
6.236822392512174673e+01
6.287905343006286074e+01
6.071137943720376029e+01
5.055158428633932743e+01
6.179190569861967219e+01
6.336627534898893543e+01
6.866567535059290606e+01
4.965338236316731013e+01
5.356487006131107620e+01
6.540918632997748716e+01
5.566314576826491134e+01
4.882350900136114547e+01
3.908918706633712503e+01
4.900302261299353290e+01
7.130172674045761028e+01
5.164221075230518210e+01
4.850122823178038800e+01
6.163057253491228238e+01
4.974432513689950497e+01
6.827928416687454671e+01
6.240786928417754353e+01
5.110235769419370655e+01
6.748317438111486410e+01
6.877429514927054299e+01
6.149238941342185427e+01
6.252155344971610873e+01
6.280375707015167563e+01
5.779162296128978227e+01
4.968635719610568913e+01
6.539278528796342016e+01
4.164638775986941255e+01
6.368054989577608893e+01
7.242431264299808902e+01
5.839182824845525488e+01
6.731162075385822163e+01
5.673630891923923514e+01
6.528811138909816236e+01
7.090219296049187392e+01
6.726277954279477456e+01
5.536166146940749400e+01
6.950713398447011571e+01
7.401053194503036536e+01
7.133254347537774720e+01
6.302709155602160251e+01
6.459332751555491825e+01
6.900985394044840859e+01
6.433317413818535613e+01
6.703684496482652833e+01
7.307495469762962159e+01
7.354728212043681879e+01
6.846933890027339942e+01
6.832774827791652683e+01
7.037422913981507122e+01
6.803433098487234076e+01
6.313175174929249778e+01
6.959623701138656315e+01
7.313261603775958974e+01
6.888965603719962871e+01
7.145430848487659148e+01
6.753001692804411960e+01
6.854467891593131412e+01
6.792044456661099616e+01
7.135769296829136010e+01
7.433141314020258505e+01
7.421123019786358554e+01
8.411249366303569275e+01
1.043674007706150348e+02
