7.131272976315331391e+01
7.045570584425679783e+01
4.437797423049944712e+01
4.838448907736551519e+01
6.712588911110300671e+01
6.855146456856226678e+01
7.946691715122602773e+01
7.815135230681352141e+01
5.500760585616296794e+01
5.168594844364672269e+01
4.343596555931216585e+01
6.539883405848183884e+01
5.870930454883694694e+01
6.480883760522205250e+01
7.728881744719774360e+01
6.896963441202277068e+01
7.563115850887895419e+01
1.367640203557261032e+02
4.485703159074017776e+01
4.637285521960830437e+01
4.491605683179130892e+01
6.407128314117004209e+01
6.730790095495176217e+01
6.704531470489776268e+01
4.450043537766185864e+01
4.000353293902837493e+01
6.033698270077896098e+01
3.689863481390074185e+01
6.000037774377982203e+01
5.652382289340077648e+01
6.420616071016638671e+01
4.635662024777447243e+01
6.591521712385797116e+01
7.040981349000506384e+01
6.753015397869435787e+01
6.204372616290965681e+01
6.058069950376827251e+01
6.850933867023245227e+01
5.850396341541525658e+01
6.520397749858979353e+01
6.090519162234227224e+01
6.110257315456512117e+01
6.789900545384755048e+01
6.823159521414554263e+01
6.602474625611638714e+01
7.622941911392982206e+01
7.170656090934744498e+01
6.604230692526532209e+01
7.181881735914869580e+01
7.033745342237330078e+01
7.127200540322664324e+01
6.655387222017184001e+01
7.209508294683976715e+01
5.263386100536484236e+01
6.672398676333808965e+01
4.120321447614269061e+01
4.017255397929213245e+01
3.597812956443644339e+01
4.755890492066361475e+01
6.123397884046627837e+01
6.071145574153626256e+01
4.522395554931713946e+01
5.056144916103281162e+01
5.474723788598122809e+01
6.416435698891123707e+01
4.077371608921151847e+01
4.238592395364946697e+01
4.879682490585696542e+01
7.141812557872889045e+01
4.129595992142819227e+01
6.565263510715395512e+01
6.659566385802327204e+01
5.724374097131142491e+01
5.891183718394859170e+01
6.195817667584510957e+01
5.828869179275154266e+01
6.973772973607626113e+01
7.194845086614263607e+01
6.873937547604555220e+01
6.378994648987013250e+01
6.770189705337627117e+01
7.036136443713812127e+01
6.774959298788218121e+01
6.248280919740648187e+01
7.448048518387716399e+01
7.549670062173228757e+01
6.503073186903118597e+01
6.097181339024859881e+01
5.792834375744632069e+01
4.714362368898739675e+01
7.035795011645977581e+01
6.043921090462969659e+01
6.672749454632619859e+01
6.010555814994723534e+01
6.158132505942042911e+01
4.671232991443780236e+01
5.811132061690351236e+01
6.683446523015777530e+01
6.318238511085672116e+01
7.065222335934140574e+01
5.892444044980699402e+01
6.230972069295000892e+01
6.658799511549403860e+01
7.074333513559628273e+01
6.826665797390607793e+01
5.800897788852530823e+01
6.952163639018021968e+01
7.121408973790711627e+01
7.292252120180623365e+01
7.486016899947202319e+01
7.247571104598519298e+01
7.346868254243825902e+01
4.715454393319652837e+01
4.666193804836413506e+01
6.590704466071861134e+01
6.963891299901169418e+01
6.976641907230234096e+01
6.763468732438009567e+01
6.753066640045281588e+01
6.592411206848778704e+01
6.938235767377415186e+01
7.186328446844797213e+01
6.127177618507524670e+01
5.298404534334333249e+01
3.797503568141330987e+01
4.786781542148732882e+01
6.810674231966206094e+01
6.874297857389130684e+01
5.343946778658188634e+01
6.222734768332405508e+01
5.555751969221811493e+01
6.823390914283491782e+01
7.049190779201501300e+01
6.703072989180773789e+01
6.403056881729942518e+01
6.660587389281575099e+01
6.272904123687379752e+01
6.381805030361141462e+01
6.070763901096385240e+01
6.648257347639108161e+01
6.915929102099256909e+01
6.596719320132078224e+01
6.333916936182713897e+01
6.239362938372843814e+01
6.537369550556421416e+01
6.777554116684669339e+01
5.881344333478759978e+01
6.980588007559903474e+01
7.283467471294430595e+01
7.023830618481207466e+01
6.816286171257735305e+01
6.636806985353301513e+01
7.210435951610720906e+01
7.125040409762974036e+01
6.106423753444209979e+01
6.884175922909325607e+01
7.201824499573943683e+01
6.976890515278257965e+01
6.605928100399349034e+01
6.469453310050894856e+01
6.961556569170629416e+01
6.264137085064859889e+01
6.628211837259699735e+01
6.493598898417147325e+01
6.983683300324106824e+01
6.438931668908963957e+01
7.138626052990548487e+01
7.398880188626601750e+01
6.952767334346002315e+01
7.134927154847861175e+01
7.407417879362365909e+01
7.427683288453407329e+01
6.803751257708262301e+01
7.659101457031435700e+01
8.666315917797169277e+01
7.626910610990661610e+01
7.405597452299049621e+01
9.211760427360093217e+01
9.292398910579176174e+01
7.641012993806515396e+01
7.183181589334938622e+01
7.988581277462122898e+01
7.195354069503117955e+01
7.130557356554513149e+01
8.655355166077924878e+01
8.004578021462847914e+01
8.321091817314861316e+01
1.172254997177870166e+02
3.954472159603899684e+01
5.173701268169421041e+01
5.311819508774802046e+01
5.853467406083210278e+01
7.118642793897362253e+01
5.676828866918213379e+01
7.144177211969270047e+01
6.738723543097624713e+01
5.683212141792895267e+01
5.872205965175285058e+01
7.015557959603169991e+01
5.949565759040148549e+01
5.250386670786402732e+01
6.269753551715892570e+01
7.035838415403104307e+01
7.064000234924156985e+01
7.008718112097733410e+01
6.578727523560384327e+01
6.478597846904071389e+01
6.782629120014888713e+01
6.313825959337219018e+01
6.304810047572620846e+01
6.527423438767705477e+01
6.496525672399768325e+01
6.956826365575825832e+01
7.162137410323764186e+01
3.840798692705786266e+01
6.241716250424759238e+01
7.304662126943618716e+01
4.885172229955654188e+01
4.817169686616982460e+01
4.699131287649297661e+01
5.470060638860630320e+01
4.801454466367334106e+01
6.387923298294024477e+01
6.578131480258865338e+01
5.514707935494003976e+01
6.146873206776175635e+01
5.927136735792041122e+01
5.602714767609791124e+01
5.223424199874089879e+01
6.514974123162161845e+01
6.978989547223216050e+01
6.789148187003344503e+01
6.719123618813210896e+01
5.819475539757120686e+01
5.815863775051238349e+01
6.354805059985184101e+01
7.252891474016897178e+01
6.546426707958039515e+01
6.825148027032987841e+01
6.864638331526538195e+01
6.487380433229726862e+01
6.676192721711156253e+01
6.630612470748116039e+01
6.238714364104453125e+01
7.419420295540936650e+01
6.938941780579851581e+01
6.929288965891861096e+01
7.180553615605917628e+01
6.732166604280011768e+01
7.239811476993673978e+01
5.847098710679365752e+01
6.818475665080565307e+01
6.740151633807944620e+01
6.077736299713075852e+01
6.918734080416371057e+01
6.974172247565633143e+01
6.991827357725044578e+01
6.973741420225044862e+01
5.955565160577583583e+01
6.632645722342259376e+01
6.610156895712444225e+01
6.246226247556071343e+01
6.201828842352139759e+01
7.085839680283301334e+01
6.670432104652464034e+01
7.159123234232006894e+01
7.368831476449543061e+01
6.981792066059793456e+01
6.890536313325002027e+01
7.759047322325221785e+01
6.931020580905564543e+01
6.404207928861603705e+01
6.951971501616972660e+01
6.317416383760067333e+01
6.887238735722641536e+01
6.887281599946932431e+01
6.472921363469397704e+01
7.124838995267272423e+01
6.974523881407456827e+01
7.167314067456771909e+01
7.260277474364878003e+01
7.138837228738209717e+01
6.469237805288608456e+01
8.525758882656700166e+01
7.435616086221483556e+01
8.169736046716515432e+01
7.949889424372770463e+01
8.713020253496856071e+01
8.382087521214874926e+01
9.319489788889318049e+01
8.193496635478064150e+01
8.652782331981826758e+01
7.309284769732863651e+01
8.014903204600329900e+01
5.707767281194304587e+01
6.469936842550656309e+01
5.845810627753415645e+01
5.772010627753415690e+01
5.658456448783888959e+01
6.024541845949767804e+01
5.601247987107911541e+01
6.255121355768034164e+01
6.123974921836452978e+01
6.495459311796462032e+01
6.892668739659870880e+01
6.544158284910392354e+01
6.873233822891816658e+01
7.284599685763274124e+01
7.093765804343018999e+01
6.352449175899883471e+01
7.204503024040981529e+01
6.527781651588890099e+01
6.999768519403342282e+01
7.159656500309536398e+01
6.792732673835740798e+01
7.184479870739421870e+01
8.349899584848716927e+01
6.854068371721521657e+01
6.065542081015378528e+01
5.553154476814343354e+01
7.089039910081785933e+01
5.324786283919662822e+01
6.671016710902972591e+01
5.996428882984518793e+01
6.975446926328621089e+01
7.730223505275031926e+01
6.839297520360152305e+01
7.318312885214163543e+01
6.336643214056120854e+01
6.413885226335551693e+01
7.168021104350711425e+01
6.742394429037723569e+01
7.304547206049880970e+01
7.134221298139385681e+01
6.834444054485948072e+01
7.264817909995558409e+01
7.520294098798606797e+01
6.768534258541359350e+01
6.947742310453757852e+01
6.331751994441345488e+01
6.646989198664617504e+01
7.024278357571157017e+01
7.445672655779857507e+01
7.402316528060404721e+01
7.385388779440064866e+01
7.056943567845905818e+01
8.466561504579779296e+01
7.888582169509042785e+01
7.992961416696024912e+01
7.131894770183568255e+01
5.205202775042526753e+01
6.296298422164202435e+01
5.824115106724790536e+01
7.255689852225700065e+01
7.149479215349111882e+01
6.833735605545098224e+01
8.009691128857110698e+01
6.923316341256271755e+01
6.772169632743147361e+01
6.860741416128834658e+01
7.057702922529625766e+01
6.091424018517009387e+01
7.447374285781145886e+01
6.716929071939763674e+01
7.346856173368480825e+01
6.449096923530669301e+01
7.503987675684589931e+01
5.941345299035235428e+01
6.616220171632211589e+01
6.770594968769897548e+01
7.098383470978383514e+01
7.147329283133693423e+01
7.195144730270448008e+01
7.206538466942802756e+01
7.049895458140015592e+01
7.698321555332871924e+01
6.857923870945607803e+01
8.278567655432073025e+01
7.083119815749287795e+01
6.561582409625164303e+01
7.570515941639833102e+01
8.333827215304694391e+01
7.527770447964881839e+01
6.681418390009197594e+01
5.627736723078523795e+01
6.934695033780410256e+01
5.924365318588331064e+01
7.066927380277577697e+01
6.877195445594259127e+01
7.047376137498264370e+01
6.927281147095501979e+01
7.045018269809119715e+01
5.716483188809203853e+01
6.910434812435330798e+01
7.647813633328921412e+01
7.434941200144596962e+01
7.158203563750055309e+01
7.155156602096192842e+01
6.455219307814205365e+01
6.899700832261623873e+01
6.598679754175068979e+01
6.914514519716352936e+01
6.949002457823382883e+01
6.996752652027839758e+01
7.483602294650843589e+01
6.881818576123902176e+01
6.952906701040365078e+01
7.088680366458937954e+01
7.306374841903108575e+01
7.257062390876176039e+01
7.013244047451216545e+01
7.763464710629597221e+01
7.511835564867938331e+01
7.259222747288177402e+01
7.200201459796227255e+01
7.161456626468607567e+01
7.092711592997117975e+01
6.637184563190305653e+01
6.933814110315717016e+01
5.868931898440317951e+01
6.814810602531828465e+01
7.422653505837297416e+01
6.758009560053609732e+01
7.517435424218848539e+01
6.700003334437963076e+01
6.631889200482497415e+01
8.620465991926600680e+01
7.571636032100849434e+01
7.433984060240653946e+01
6.745937549204221284e+01
7.800793514538941054e+01
7.601605645839794079e+01
7.707645342167916169e+01
7.798686229344855292e+01
7.477965872851999052e+01
7.984891687374289404e+01
7.454735814848066866e+01
8.892748616631666891e+01
6.588339020357067000e+01
5.993881093152285899e+01
6.129495976055510198e+01
6.739187872638102306e+01
7.568276138152255328e+01
6.921155826084924456e+01
8.108764583407801751e+01
6.940410965287738065e+01
7.149465358079159216e+01
7.971086139201024423e+01
7.573739463375886771e+01
8.528937757748234105e+01
1.290697215153606123e+02
1.227575628354518074e+02
9.870592008858400845e+01
7.060436361780234904e+01
7.046970946307158101e+01
7.049741779640490336e+01
7.023341779640490756e+01
6.922313381442116054e+01
5.870263329901072069e+01
5.376606787031896317e+01
5.904023014652339185e+01
4.851496015825559027e+01
4.733373097607650948e+01
6.103133720577914545e+01
4.521796853364204338e+01
4.521796853364204338e+01
5.911417894901565973e+01
6.844027357415284030e+01
5.932035553066715039e+01
6.789565711457977670e+01
6.677063694800331461e+01
7.111340005698268385e+01
6.999800555734951502e+01
6.900165557532605476e+01
6.669364385891567792e+01
8.244948564110917744e+01
7.226273559106900279e+01
6.830518166652564105e+01
6.703044111156577856e+01
7.082622556184098528e+01
8.799381834233555821e+01
8.625402485000586239e+01
6.986369324979958151e+01
8.375231283591490694e+01
1.182128982587013439e+02
6.928944694197799947e+01
7.286021080820512452e+01
4.712746092370346673e+01
7.332401579932846403e+01
6.781871299496243921e+01
4.986620064342230307e+01
6.917594878330994845e+01
4.471560508725623606e+01
5.045353306131552529e+01
6.621781335586150874e+01
7.901013078373441090e+01
7.259791525931100864e+01
5.025777034801079424e+01
6.563230042944482534e+01
3.702671042217573216e+01
4.475210411369700125e+01
7.486709494506231977e+01
4.072851119431759059e+01
5.813087636379207623e+01
1.314194550535558790e+02
7.144655415770665741e+01
6.689168993943864905e+01
5.482746320764284320e+01
6.828770687503325121e+01
4.579153499198013577e+01
6.513577781351652618e+01
5.066969591664693695e+01
4.033617012330570617e+01
4.604060685486842885e+01
4.071542337627685981e+01
5.056144916103281162e+01
3.555398942900555426e+01
4.205327097386157931e+01
5.912189780487726409e+01
3.848717543680287179e+01
4.122435688179466240e+01
8.796094708156476827e+01
7.169840359255751139e+01
5.355887496384436020e+01
6.223045958539059797e+01
6.426573369058327501e+01
5.213376394883877651e+01
4.267783433902278034e+01
6.029770620752388766e+01
4.935058176419477860e+01
5.120117575669014798e+01
6.445602477131954799e+01
6.097994406773673859e+01
6.351551219383271984e+01
6.228129108465100927e+01
7.018129635695737534e+01
6.808015489790452079e+01
4.562340604385703813e+01
4.740850934307825781e+01
6.755428493546233426e+01
4.832869434148213372e+01
4.388972073073391300e+01
4.420941962486843835e+01
4.694413605343564910e+01
4.898839927918375281e+01
6.806627388715006077e+01
5.825950933963009959e+01
6.399481332699252789e+01
5.183052330438616195e+01
6.366943472154503070e+01
7.001996855820353005e+01
5.869403895157060447e+01
6.368067414033201601e+01
5.813087636379207623e+01
5.298082306146139331e+01
4.573050582578211731e+01
6.118718237025240825e+01
7.039588694029811222e+01
7.593328222388805671e+01
5.159610007328841164e+01
6.868157894121760876e+01
5.674090443402212003e+01
6.645592779857699384e+01
7.327460225303696006e+01
4.861831442474001364e+01
7.021478940878540698e+01
7.498009936513703622e+01
6.889376086636451646e+01
6.504597407329322323e+01
6.786988225485929149e+01
6.743453849966375913e+01
6.692420440314347729e+01
7.286625914443622776e+01
7.281560783242431967e+01
6.868037119782179900e+01
7.157557507817381293e+01
7.113321293282561442e+01
7.109484737384812547e+01
6.323215407164191504e+01
6.991617314058868260e+01
7.500684672629412830e+01
7.559506096586581236e+01
7.128691130968755374e+01
7.527034087166811105e+01
7.821104032789945393e+01
8.208177004252203801e+01
7.231921311109570638e+01
7.309984656275972270e+01
7.514125073887095141e+01
7.666429837167932249e+01
7.917981799492471850e+01
1.043610138707836228e+02
