7.948066751619970205e+01
4.610438197831682317e+01
4.663173511975021768e+01
7.116171220708797307e+01
6.933995265065129843e+01
7.635376972755281599e+01
7.370274074061397585e+01
5.107602894742718291e+01
4.895455457010359623e+01
4.115220396561947780e+01
6.632525581826666894e+01
6.148069706950840896e+01
6.053109473212109037e+01
6.476971370049683685e+01
7.900615549860933129e+01
6.878240376518645860e+01
1.202584571511800107e+02
4.244186692888878554e+01
4.553395089038336607e+01
4.379374635467269172e+01
6.565718934258283923e+01
6.784571658743881528e+01
4.514224258305448245e+01
4.147013449838644306e+01
6.329748138339093799e+01
3.576285625648245059e+01
6.235281945474496013e+01
5.762340540238967179e+01
6.140300543091557017e+01
6.440428617760210273e+01
4.881632577673393314e+01
4.654932338299275330e+01
6.599236292308911800e+01
6.778309932296650686e+01
5.536474562228806917e+01
6.178518509119280111e+01
6.636834051716891736e+01
6.386651652877468877e+01
6.466300059213797624e+01
5.943413146433586292e+01
6.328911426500513926e+01
6.873602090184613189e+01
6.502920968592201234e+01
6.730518804068285021e+01
7.613568685170287154e+01
7.097039933688172653e+01
6.872806130819064663e+01
6.929702449830200806e+01
7.171508135741500212e+01
7.062104540430121347e+01
6.961737496387681290e+01
6.817280572821299245e+01
6.907013902659252835e+01
6.736209686386806084e+01
7.087312462963969040e+01
5.352353564272293340e+01
6.680000614892291821e+01
3.517571156411410982e+01
3.359646796556327786e+01
3.612162430438567640e+01
5.185965925845424351e+01
6.384808102722594469e+01
6.177566007857463859e+01
5.102493286499846192e+01
5.409939635210613318e+01
6.388586521127768236e+01
4.171413449838644993e+01
4.043150880869916364e+01
4.371798505660193257e+01
7.009787626824639517e+01
4.164049692467926889e+01
6.650354521378989148e+01
6.630086707095672693e+01
5.387346762639633369e+01
5.316808204649332481e+01
6.314904599433901922e+01
5.495076484126370531e+01
7.011067512903218812e+01
7.130060714924005083e+01
6.397159998022011251e+01
6.901494173883672545e+01
5.867520069755651946e+01
7.201621858917317809e+01
7.412285066558385438e+01
5.920359972145327987e+01
4.230862161237118357e+01
6.921848688154398133e+01
6.430375927831155991e+01
6.110320609873575393e+01
6.715506036415393964e+01
6.896516660198233239e+01
5.879064264195788070e+01
4.530487125358439471e+01
5.704369255718983567e+01
6.710421127074232572e+01
6.212174578363699595e+01
6.901931514686694413e+01
5.755184503359086534e+01
5.959190721585773076e+01
6.778149299302826591e+01
6.838912957975274765e+01
6.901032846682973343e+01
5.540495826949776159e+01
7.145977056669656235e+01
7.222120416570544421e+01
7.181586550745539910e+01
6.473893852756137335e+01
7.409530819553306458e+01
7.075992964743851132e+01
5.102624605071881092e+01
5.155515389238626511e+01
6.758298545027930970e+01
5.493844334880317604e+01
7.130641349709415522e+01
6.630475989779195345e+01
6.988758934751582785e+01
6.776843255214323847e+01
7.001329208714363972e+01
7.069090142841874069e+01
5.596589288789040495e+01
3.546962645253276492e+01
3.739296229426621210e+01
5.462596185690798478e+01
6.887881249475373124e+01
6.716849551582942013e+01
6.650808774478956309e+01
5.608496495427216644e+01
4.605056143362437382e+01
6.501306742020958040e+01
5.599099659705326815e+01
6.658613632735905696e+01
6.943788588501716674e+01
6.732710139805530503e+01
6.546269686284887257e+01
6.602864088259073583e+01
6.299931422763365418e+01
6.166140777814349860e+01
6.240668335089141294e+01
5.403837495413684167e+01
6.379895278518447554e+01
6.844225702672029854e+01
7.066094803817745174e+01
6.747699796576804943e+01
6.637190308230243829e+01
5.507846589534823778e+01
6.957542116699434587e+01
6.839839865579702405e+01
5.158174222947783250e+01
6.961570873341408117e+01
6.945548649585602163e+01
6.911250536019318247e+01
6.505463528157601161e+01
7.197666696916847684e+01
7.041734609861281058e+01
6.177724556668109557e+01
7.187810126845134562e+01
6.387950548602510281e+01
7.000304695313992909e+01
6.598480143184221447e+01
7.003462097500619166e+01
6.729874720867819349e+01
7.004342465898939452e+01
6.496310696959528741e+01
6.413816144248977480e+01
7.197376718306477983e+01
6.603202644101135377e+01
7.066962417849626377e+01
6.737160442686924000e+01
6.516649514466273274e+01
6.713432751276860699e+01
7.254366560572312039e+01
7.342441315336537855e+01
8.337437718216636995e+01
7.567324042431472719e+01
7.516605293443795688e+01
6.913818672184662262e+01
8.120998747091348946e+01
8.254107368219868590e+01
8.471264679591756419e+01
7.415753295509250620e+01
7.684644294775915796e+01
7.051848657099017714e+01
7.414788593329708988e+01
8.820195450731523579e+01
7.701653617462559964e+01
8.003077223899984460e+01
1.226316868853640756e+02
1.313610607435863074e+02
4.804031668600089944e+01
3.864519833629552181e+01
6.599281702253053083e+01
5.006159421823299738e+01
7.490450301781775977e+01
6.714695064251102963e+01
5.784750087947436725e+01
6.860744496056669561e+01
5.636627659974944748e+01
6.986402968769661470e+01
7.029540274272471834e+01
6.397662537533391003e+01
6.238715689145703891e+01
6.748280664742368629e+01
5.411628239340281254e+01
4.918457190300955517e+01
6.161653687649158684e+01
7.035367716806022997e+01
7.213170028704229253e+01
6.873243780771716160e+01
6.447885162914735702e+01
6.703356293663080123e+01
6.361543198482163319e+01
6.586968628845851015e+01
7.006249831751520674e+01
6.464158354442963628e+01
6.714776486024666724e+01
6.876724492177237380e+01
7.258785760569747936e+01
3.309209452755991521e+01
7.000128889416383515e+01
6.943382080764037312e+01
4.851266832117075012e+01
5.229184798820340063e+01
5.073724967243677497e+01
4.943585494913301659e+01
4.577123391936584085e+01
4.278259353132925469e+01
6.810742158722584350e+01
6.796554014471105631e+01
5.714055892279150584e+01
6.115470480451104862e+01
6.251774113077988204e+01
6.373080104483507569e+01
6.266581769278343472e+01
4.332634519004653839e+01
6.860077013247791911e+01
6.607207220185001972e+01
7.233134417005310013e+01
6.636252748174533167e+01
6.826564374177677053e+01
6.116902314296522292e+01
6.138223553903475960e+01
6.876191834913468881e+01
6.667053309685292106e+01
6.964306400269327924e+01
6.675899517556167950e+01
6.552327112096075723e+01
6.969689168288670089e+01
6.764144035495147023e+01
6.397233528817792347e+01
7.414999100637632523e+01
6.804351267511350443e+01
7.091205337177429158e+01
7.165038117665613981e+01
6.703241374606511727e+01
8.113855758358801040e+01
7.174617220521494687e+01
5.385858669200507620e+01
6.881650724123886675e+01
6.979887058446331594e+01
6.177244012253066785e+01
6.893550623802754274e+01
7.043830354343903366e+01
7.134432226038040881e+01
7.147376044719359811e+01
6.904969361480840462e+01
6.777992123418920301e+01
6.961145054783969499e+01
6.538683301877341592e+01
5.811267243504805435e+01
7.050873534258408881e+01
6.811481950588725454e+01
7.045989670810878636e+01
7.811486652565561428e+01
7.009323626125016915e+01
7.070509990523198951e+01
6.806548303282350787e+01
7.955526459209150403e+01
7.278606480836833725e+01
7.745264559832625650e+01
6.692747359695432863e+01
6.909757100363194127e+01
6.661668805924719550e+01
6.911907722770173734e+01
6.958216542372264257e+01
7.186595547022358232e+01
6.812107229916078666e+01
8.180172254651850494e+01
7.744420193000063080e+01
7.440966638067246208e+01
8.093461882260041307e+01
9.142633718324711367e+01
8.913085429970587370e+01
7.418580971075725472e+01
8.276117975745211197e+01
7.587670261704826657e+01
7.060359790597372864e+01
8.167581984470227496e+01
4.984752753303617112e+01
5.937027379725690679e+01
5.953349658637255004e+01
5.934158973945616111e+01
6.396491271766020503e+01
5.708505066548338647e+01
6.474970127881255166e+01
7.148144724641041137e+01
6.717562823172150388e+01
6.827460403141485301e+01
7.274031167211877857e+01
7.245624874559882755e+01
6.470984443030127409e+01
6.395857474327986125e+01
6.856075352934860234e+01
7.277103498732927278e+01
7.298264182045832626e+01
9.227228089231925878e+01
6.851740874579452623e+01
6.406885589416786786e+01
6.646177948178046790e+01
4.704862494848525500e+01
6.934255870481820239e+01
5.646921896656974127e+01
7.013008229794965587e+01
5.490830211981449338e+01
6.810172567879762084e+01
7.555584808570513644e+01
7.218346776731038972e+01
7.308597863499238656e+01
6.165202965133086366e+01
6.208174748447955693e+01
6.933066217454108937e+01
6.472154543941658744e+01
7.065867620294802975e+01
7.521823213216779891e+01
7.344705824666333172e+01
6.996940616802987734e+01
7.111161635489357025e+01
7.134976559924020023e+01
6.511704448176193694e+01
6.800807311375491793e+01
6.372729563001280439e+01
6.391767736731029004e+01
7.520658681398209922e+01
7.141258388554712155e+01
8.539948677187373960e+01
8.373416117621079025e+01
8.046071963604980226e+01
7.466018077480745774e+01
5.976998577102097698e+01
4.958373284308685669e+01
6.383972717022744803e+01
5.841954309264476564e+01
6.597490935137294343e+01
7.132098492125122391e+01
7.290199259951023691e+01
6.954653044977521859e+01
6.897818707717097197e+01
6.900272487012085776e+01
7.221311641884081212e+01
6.319067833793457822e+01
7.886356782691140666e+01
7.291475050336136121e+01
7.010134316440282021e+01
6.634451695330668031e+01
7.588078021453598865e+01
7.063897924904780723e+01
5.175571914151808528e+01
6.958589306693816923e+01
7.008743811741619822e+01
6.965337887363034497e+01
7.175791493144774336e+01
7.170433535221019383e+01
7.186064096024216497e+01
7.167459233695510079e+01
7.712006802101488745e+01
7.086514619358887046e+01
7.323771214615999270e+01
7.100774584590558902e+01
6.721698239003519859e+01
7.349499950420683092e+01
8.948052457626187106e+01
7.715693914133326814e+01
6.663928037924894454e+01
4.664020885433939867e+01
6.790980545679707348e+01
6.057078698177164000e+01
7.030116058728940232e+01
6.315522803342529556e+01
6.916873207072633534e+01
7.059240337930314979e+01
7.006060839047242439e+01
5.018484592023524016e+01
6.899369989729508745e+01
7.466103076627234714e+01
7.507261589436120630e+01
7.308497879035078881e+01
7.168242096528010165e+01
6.790828635760604470e+01
7.200980076748251690e+01
6.371770074460825839e+01
6.968313651032859468e+01
6.904284534349019964e+01
6.965804116606280161e+01
7.466062091429122916e+01
7.000051377468820135e+01
7.010614140796826632e+01
7.148069707990859456e+01
7.508308660204349394e+01
7.189687661734046742e+01
7.067173777006325963e+01
7.646645259098582414e+01
7.500952587242467473e+01
7.280512820257878559e+01
7.064404772073102379e+01
7.110281238576814644e+01
7.240870246165638946e+01
6.822842989763692856e+01
6.224708186427307055e+01
7.588352733643935721e+01
6.938442055175545420e+01
7.359298899977935093e+01
6.894783999934625740e+01
7.015244404702788472e+01
7.919857102723300102e+01
7.503561540042724687e+01
7.443641124255843522e+01
6.921339555028623636e+01
7.403938893012443145e+01
7.650830697241774203e+01
7.638734184725414877e+01
7.709645574789114164e+01
7.308271783508288877e+01
8.231446967041902951e+01
8.922738825930255757e+01
7.229684237259812107e+01
6.710671998741564437e+01
6.534327326237635702e+01
6.483857404527307722e+01
6.867301306110054782e+01
7.129264769185809314e+01
7.995612382740556257e+01
6.959541547691316055e+01
7.300733750232825514e+01
7.732064705227550405e+01
7.216059721165363783e+01
7.052434404823907244e+01
1.377244118048500638e+02
1.403785339475076057e+02
1.267454889684871944e+02
7.893267473684234403e+01
7.012961621927155420e+01
6.902742852710967725e+01
7.041283326277441290e+01
6.995802806796922368e+01
6.857262333230447382e+01
6.542116411243900131e+01
5.381557103830952826e+01
5.355065423867689134e+01
4.415651673806580391e+01
4.358752750127518993e+01
6.515681095009881574e+01
4.690714379188921157e+01
4.701158823633366524e+01
5.531262419767902827e+01
6.427978031844183704e+01
5.877941028844566063e+01
6.935165106497720444e+01
6.905887613203604758e+01
7.218289069650828083e+01
6.894632896240429432e+01
6.827277057796531778e+01
7.020093108024289563e+01
7.510386631339068231e+01
7.053840898102616563e+01
6.969618868173509441e+01
6.895583923452169017e+01
7.341571796693021668e+01
8.882228426485067985e+01
8.977212664794592456e+01
6.720256651933836167e+01
7.863529946700114692e+01
1.181855928969245895e+02
7.447205078182807370e+01
7.016034337465731596e+01
7.274054945794971161e+01
4.586002986980808771e+01
6.613689802824647757e+01
4.974727652496684982e+01
7.136975604147612273e+01
4.001053783795211416e+01
6.797237511206265026e+01
4.734912426240495620e+01
7.195455162505278679e+01
7.207549178341162133e+01
1.014012372598476475e+02
6.316809250069370307e+01
4.781796792599465107e+01
3.579843142317050564e+01
4.044602651187960873e+01
7.505858658009088913e+01
3.741722301508377768e+01
5.762110333346311819e+01
7.139218067336375384e+01
6.787644674090121555e+01
5.496888904383935426e+01
7.221497397256625561e+01
4.380877139580648816e+01
6.457730165677679679e+01
6.551822861822066102e+01
4.838262057053635345e+01
4.190437315522074613e+01
4.490549546316367469e+01
4.034938811316962415e+01
6.169817048977920138e+01
3.571619609879996915e+01
4.078807719766791706e+01
6.099379064692298158e+01
3.338397524023323371e+01
3.476005565942445941e+01
5.589018438226682406e+01
7.872948056000893757e+01
7.104772925029348585e+01
6.491778004563975912e+01
6.424629442483899311e+01
5.043560749949517685e+01
3.722083426942537443e+01
4.425061858638714796e+01
5.765585954955508896e+01
6.627822356523012104e+01
5.814104872292844561e+01
6.383217795760187130e+01
4.715550105494935451e+01
6.198513027758319538e+01
7.037548444023752836e+01
6.866863022809954487e+01
4.539215857803954179e+01
6.898677066140606939e+01
4.976287080624778980e+01
4.464983906569027283e+01
4.054631404775220460e+01
4.634139382782873895e+01
6.269065212372836982e+01
4.690659323832122141e+01
6.016434856646581153e+01
6.277278564893681789e+01
4.721878348457008201e+01
5.491214737385946876e+01
6.612967261531396446e+01
4.698353580625612835e+01
6.995713859189436334e+01
5.432557573432721654e+01
6.533915748897841524e+01
5.762110333346311819e+01
5.277706123883347544e+01
4.464602749600626197e+01
6.678343639697058620e+01
4.241628285066880011e+01
5.194138206296557314e+01
6.647092731717499703e+01
7.407936174330458812e+01
5.174945707975258813e+01
6.829144787685362417e+01
5.449328461352419595e+01
6.761479728354613883e+01
7.294447820632245794e+01
6.924483925916086946e+01
4.904092068717089603e+01
6.963107514624508099e+01
7.220501672986122799e+01
7.395268140332285611e+01
6.734418891022673392e+01
5.809290587675707940e+01
6.749096436976715552e+01
7.295344185999897491e+01
7.304881894882652205e+01
7.152278438820771100e+01
7.003652031955915902e+01
7.223916406262107159e+01
7.005599773916223683e+01
6.348688271108287751e+01
7.088177143407706637e+01
7.604858576995441410e+01
7.966805159449987173e+01
7.444307734447939140e+01
8.256178579874980983e+01
7.503468637254377427e+01
7.666324035185077435e+01
6.966029648299735300e+01
7.336160654946689874e+01
8.007762173917912207e+01
7.722673253473993782e+01
8.047416848275223344e+01
8.179799641760097018e+01
9.107071721813238696e+01
