1.981046298222754742e-01
4.913769034185172524e-02
4.857690999539844567e-02
3.335468399287548624e-02
2.416998167887610474e-02
2.320541362921666947e-02
2.087128708605152580e-02
1.643852218136261298e-02
1.636513440977043626e-02
1.308713074464212291e-02
1.297555023085620110e-02
1.269366959768857515e-02
1.248870833617765110e-02
1.118800033697671045e-02
1.011374129454031129e-02
9.756109915295936921e-03
9.507307064059557569e-03
9.406952289787181773e-03
8.804770757500884892e-03
8.440637381423659116e-03
7.932811566486926494e-03
7.906125891270873035e-03
7.731922121063541584e-03
7.325286975246523592e-03
7.263761410547115056e-03
7.242163710638012224e-03
6.987415072574374754e-03
6.830827735116552085e-03
6.608223256153692750e-03
6.544756052092827979e-03
6.482450885188315720e-03
6.392317843200826660e-03
6.292778065421541188e-03
6.206780439863262416e-03
5.752290107028408019e-03
5.721765697274060723e-03
5.677268065616279842e-03
5.512163635134497558e-03
5.414207219700337657e-03
5.397279645434642850e-03
5.178941044949030015e-03
5.005943893113101381e-03
4.976347518308674514e-03
4.926977152413399529e-03
4.874372548941886818e-03
4.826158997946848953e-03
4.814778568752815270e-03
4.781708646595525351e-03
4.689434295827001054e-03
4.603144203018215072e-03
4.555769543301634028e-03
4.492090395026476606e-03
4.462748500977013234e-03
4.449316524835399134e-03
4.415111863243416195e-03
4.381588769885410260e-03
4.356779590859860898e-03
4.033828321911509321e-03
3.920463005594735512e-03
3.903520884110443876e-03
3.894398389482034602e-03
3.854687876603481080e-03
3.753015741215883112e-03
3.616209131006000322e-03
3.410513044894494371e-03
3.181863393460546748e-03
3.042362798445300606e-03
3.025578273162989745e-03
2.980902595784824371e-03
2.968662361165478117e-03
2.908306311088957805e-03
2.779448053735525913e-03
2.687376620683001958e-03
2.653810347857368281e-03
2.648623907948954425e-03
2.617533268157020039e-03
2.587401692631875923e-03
2.542678213335498177e-03
2.514079814021455937e-03
2.493429579512873150e-03
2.493016060768495513e-03
2.479311150977365694e-03
2.446174245150821262e-03
2.419290566760151986e-03
2.328887346136425916e-03
2.322787897142334149e-03
2.290002043573721204e-03
2.264904690805145601e-03
2.239152596183685649e-03
2.232240447523508621e-03
2.227294442922895731e-03
2.222015324103167842e-03
2.203539821371092253e-03
2.176086861860858108e-03
2.174511806667981176e-03
2.158457646860563288e-03
2.132704355390735960e-03
2.120443798439339018e-03
2.065429022275290689e-03
1.984555854238925516e-03
1.972607243682289544e-03
1.929396159767754687e-03
1.833421085547171136e-03
1.830794300717551943e-03
1.829624327936798557e-03
1.796241837611362068e-03
1.785698679762691941e-03
1.757043994775046641e-03
1.723381996332640697e-03
1.663150175814101300e-03
1.590628652288663368e-03
1.582910119467825696e-03
1.581220987392053471e-03
1.541381790503667170e-03
1.502681411015712202e-03
1.493279940076119947e-03
1.479267866068930586e-03
1.472427319756652907e-03
1.432244293115994202e-03
1.425023329252691172e-03
1.421278094582575056e-03
1.410848158160867786e-03
1.407741144819821830e-03
1.396244184980121325e-03
1.379039546252644769e-03
1.360117198872401933e-03
1.307412603533674410e-03
1.305758062265521260e-03
1.287348069526839155e-03
1.250301014380296970e-03
1.245043540906689379e-03
1.242506328860961459e-03
1.242168334619486074e-03
1.223130072775587864e-03
1.218196585816986883e-03
1.198591503287990212e-03
1.183970823051901707e-03
1.169105700688503023e-03
1.162236253587355843e-03
1.159886512423721023e-03
1.158759413880016504e-03
1.146692885639587645e-03
1.142350768162948924e-03
1.137373936346380322e-03
1.132137969319708991e-03
1.125219300469446201e-03
1.120110640801296256e-03
1.113980406140813346e-03
1.097578822139000203e-03
1.090892950063609155e-03
1.076605383562049536e-03
1.069160606793969010e-03
1.049215440884455289e-03
1.021040541587304052e-03
1.015794376614987228e-03
1.011606241643373243e-03
1.008859496702911845e-03
9.912541904805113619e-04
9.879914074649963351e-04
9.658347742407699622e-04
9.509650682505521417e-04
9.454528050048234891e-04
9.384271273791869837e-04
9.137234029766137409e-04
9.015025796063980221e-04
8.990166528672884289e-04
8.679632952553675970e-04
8.653423556053894917e-04
8.514669685355128002e-04
8.292696745940479315e-04
8.257100245619268270e-04
8.227066684276368967e-04
8.003709461068597491e-04
7.981269269981941571e-04
7.898946159811534237e-04
7.858370880501734396e-04
7.484973602003624701e-04
7.471520616826734596e-04
7.455203728155590818e-04
7.358734153890966615e-04
7.265568129218442613e-04
7.075340361033502414e-04
7.000838153377770016e-04
6.626813295084295818e-04
6.608648550330664239e-04
6.596213046833034272e-04
6.553267870160107587e-04
6.525397180937538878e-04
6.402826781944975700e-04
6.391222383471404159e-04
6.280443902024594478e-04
6.197811660124647555e-04
6.027128217138979192e-04
5.882789590255437873e-04
5.875960539326615219e-04
5.521778118656536392e-04
5.177129617068952508e-04
5.031051704013510175e-04
4.900251195443282651e-04
4.829511340768809094e-04
4.735516759369868905e-04
4.645646534099634440e-04
4.622017740893393694e-04
4.569258727358111436e-04
4.541542829926702206e-04
4.523297564021393951e-04
4.477813581616285708e-04
4.472461341407100890e-04
4.411790289243351887e-04
4.307092912292635636e-04
4.121106943669688538e-04
3.924257542497883969e-04
3.897257934745725592e-04
3.853936346502668435e-04
3.797134181139886371e-04
3.793193357282043294e-04
3.736534521924800159e-04
3.434511425297465657e-04
3.381141826926675623e-04
3.316368669064215474e-04
3.247952838321413395e-04
3.198202580332597006e-04
3.179054089073967662e-04
3.153072199014270052e-04
3.150077581261558892e-04
2.981012966789297930e-04
2.894113530035420851e-04
2.787855701887657586e-04
2.736547329907835949e-04
2.676173974692602460e-04
2.237038112534268312e-04
2.191433958071565668e-04
2.163013150764490228e-04
2.064346853222995834e-04
1.896387690955187463e-04
1.850835398618563127e-04
1.792454709597852177e-04
1.643342863143278803e-04
1.543980889684094435e-04
1.248302982254498783e-04
1.209095188367265969e-04
1.109510270886159662e-04
1.071407771671270879e-04
9.536997383582843893e-05
9.117569450688031664e-05
8.685564178049245921e-05
7.971999863502028574e-05
7.644981222913559268e-05
5.271245649185916454e-05
3.857422784937768483e-05
1.063259374858864665e-05
7.754803301975243950e-06
6.279915717832582514e-06
4.579173812296894356e-19
4.521445153046382544e-19
4.374035430912457664e-19
2.771941245249266088e-19
2.170446524448721193e-19
1.361027810016497274e-19
1.265801563309289721e-19
3.478252254998704389e-35
0.000000000000000000e+00
0.000000000000000000e+00
0.000000000000000000e+00
0.000000000000000000e+00
0.000000000000000000e+00
0.000000000000000000e+00
0.000000000000000000e+00
0.000000000000000000e+00
0.000000000000000000e+00
0.000000000000000000e+00
0.000000000000000000e+00
0.000000000000000000e+00
0.000000000000000000e+00
0.000000000000000000e+00
0.000000000000000000e+00
0.000000000000000000e+00
0.000000000000000000e+00
0.000000000000000000e+00
0.000000000000000000e+00
0.000000000000000000e+00
0.000000000000000000e+00
0.000000000000000000e+00
0.000000000000000000e+00
0.000000000000000000e+00
0.000000000000000000e+00
0.000000000000000000e+00
0.000000000000000000e+00
0.000000000000000000e+00
0.000000000000000000e+00
0.000000000000000000e+00
0.000000000000000000e+00
0.000000000000000000e+00
0.000000000000000000e+00
0.000000000000000000e+00
0.000000000000000000e+00
0.000000000000000000e+00
0.000000000000000000e+00
0.000000000000000000e+00
0.000000000000000000e+00
0.000000000000000000e+00
0.000000000000000000e+00
0.000000000000000000e+00
0.000000000000000000e+00
0.000000000000000000e+00
0.000000000000000000e+00
0.000000000000000000e+00
0.000000000000000000e+00
0.000000000000000000e+00
0.000000000000000000e+00
0.000000000000000000e+00
0.000000000000000000e+00
0.000000000000000000e+00
0.000000000000000000e+00
0.000000000000000000e+00
0.000000000000000000e+00
0.000000000000000000e+00
0.000000000000000000e+00
0.000000000000000000e+00
0.000000000000000000e+00
0.000000000000000000e+00
0.000000000000000000e+00
0.000000000000000000e+00
0.000000000000000000e+00
0.000000000000000000e+00
-3.371144802355322448e-20
-4.269843407518413073e-20
