-1.457506349918203936e-01 -2.785643318430204296e-01 -1.184798807749627009e-01 9.235156773510028172e-02 -1.340385708481223459e-01
-1.457506349918203936e-01 -2.785643318430204296e-01 -1.184798807749627009e-01 9.235156773510028172e-02 -1.340385708481223459e-01
5.670206163524338372e-02 2.214356681569796259e-01 -1.184798807749627009e-01 -7.980100122254087103e-02 2.507101545706685863e-01
5.670206163524338372e-02 2.214356681569796259e-01 -1.184798807749627009e-01 -7.980100122254087103e-02 2.507101545706685863e-01
1.692735667338677863e-01 2.214356681569796259e-01 8.815201192250372575e-01 4.984278659975195647e-02 -2.926256065363962433e-01
-1.457506349918203936e-01 -2.785643318430204296e-01 -1.184798807749627009e-01 9.235156773510028172e-02 -1.340385708481223459e-01
5.670206163524338372e-02 2.214356681569796259e-01 -1.184798807749627009e-01 -7.980100122254087103e-02 2.507101545706685863e-01
5.670206163524338372e-02 2.214356681569796259e-01 -1.184798807749627009e-01 -7.980100122254087103e-02 2.507101545706685863e-01
5.670206163524338372e-02 2.214356681569796259e-01 -1.184798807749627009e-01 -7.980100122254087103e-02 2.507101545706685863e-01
3.552346526547768835e-01 2.214356681569796259e-01 -1.184798807749627009e-01 -9.573512619926963230e-02 4.306081880739460188e-01
-1.457506349918203936e-01 -2.785643318430204296e-01 -1.184798807749627009e-01 9.235156773510028172e-02 -1.340385708481223459e-01
-1.457506349918203936e-01 -2.785643318430204296e-01 -1.184798807749627009e-01 9.235156773510028172e-02 -1.340385708481223459e-01
-1.457506349918203936e-01 -2.785643318430204296e-01 -1.184798807749627009e-01 9.235156773510028172e-02 -1.340385708481223459e-01
5.670206163524338372e-02 2.214356681569796259e-01 -1.184798807749627009e-01 -7.980100122254087103e-02 2.507101545706685863e-01
5.670206163524338372e-02 2.214356681569796259e-01 -1.184798807749627009e-01 -7.980100122254087103e-02 2.507101545706685863e-01
5.670206163524338372e-02 2.214356681569796259e-01 -1.184798807749627009e-01 -7.980100122254087103e-02 2.507101545706685863e-01
-1.457506349918203936e-01 -2.785643318430204296e-01 -1.184798807749627009e-01 9.235156773510028172e-02 -1.340385708481223459e-01
5.670206163524338372e-02 2.214356681569796259e-01 -1.184798807749627009e-01 -7.980100122254087103e-02 2.507101545706685863e-01
-1.457506349918203936e-01 -2.785643318430204296e-01 -1.184798807749627009e-01 9.235156773510028172e-02 -1.340385708481223459e-01
5.670206163524338372e-02 2.214356681569796259e-01 -1.184798807749627009e-01 -7.980100122254087103e-02 2.507101545706685863e-01
5.670206163524338372e-02 2.214356681569796259e-01 -1.184798807749627009e-01 -7.980100122254087103e-02 2.507101545706685863e-01
5.670206163524338372e-02 2.214356681569796259e-01 -1.184798807749627009e-01 -7.980100122254087103e-02 2.507101545706685863e-01
-1.457506349918203936e-01 -2.785643318430204296e-01 -1.184798807749627009e-01 9.235156773510028172e-02 -1.340385708481223459e-01
3.552346526547768835e-01 2.214356681569796259e-01 -1.184798807749627009e-01 -9.573512619926963230e-02 4.306081880739460188e-01
-1.457506349918203936e-01 -2.785643318430204296e-01 -1.184798807749627009e-01 9.235156773510028172e-02 -1.340385708481223459e-01
5.670206163524338372e-02 2.214356681569796259e-01 -1.184798807749627009e-01 -7.980100122254087103e-02 2.507101545706685863e-01
2.000727122410106071e-02 2.214356681569796259e-01 8.815201192250372575e-01 5.833700460664317800e-02 -3.909504426616692840e-01
-1.457506349918203936e-01 -2.785643318430204296e-01 -1.184798807749627009e-01 9.235156773510028172e-02 -1.340385708481223459e-01
5.670206163524338372e-02 2.214356681569796259e-01 -1.184798807749627009e-01 -7.980100122254087103e-02 2.507101545706685863e-01
-1.457506349918203936e-01 -2.785643318430204296e-01 -1.184798807749627009e-01 9.235156773510028172e-02 -1.340385708481223459e-01
5.670206163524338372e-02 2.214356681569796259e-01 -1.184798807749627009e-01 -7.980100122254087103e-02 2.507101545706685863e-01
-1.457506349918203936e-01 -2.785643318430204296e-01 -1.184798807749627009e-01 9.235156773510028172e-02 -1.340385708481223459e-01
5.670206163524338372e-02 2.214356681569796259e-01 -1.184798807749627009e-01 -7.980100122254087103e-02 2.507101545706685863e-01
5.670206163524338372e-02 2.214356681569796259e-01 -1.184798807749627009e-01 -7.980100122254087103e-02 2.507101545706685863e-01
5.670206163524338372e-02 2.214356681569796259e-01 -1.184798807749627009e-01 -7.980100122254087103e-02 2.507101545706685863e-01
5.670206163524338372e-02 2.214356681569796259e-01 -1.184798807749627009e-01 -7.980100122254087103e-02 2.507101545706685863e-01
-1.457506349918203936e-01 -2.785643318430204296e-01 -1.184798807749627009e-01 9.235156773510028172e-02 -1.340385708481223459e-01
-1.457506349918203936e-01 -2.785643318430204296e-01 -1.184798807749627009e-01 9.235156773510028172e-02 -1.340385708481223459e-01
2.059683571450101891e-01 2.214356681569796259e-01 -1.184798807749627009e-01 -8.645122288459686222e-02 3.395666731431375429e-01
5.670206163524338372e-02 2.214356681569796259e-01 -1.184798807749627009e-01 -7.980100122254087103e-02 2.507101545706685863e-01
5.670206163524338372e-02 2.214356681569796259e-01 -1.184798807749627009e-01 -7.980100122254087103e-02 2.507101545706685863e-01
5.670206163524338372e-02 2.214356681569796259e-01 -1.184798807749627009e-01 -7.980100122254087103e-02 2.507101545706685863e-01
5.670206163524338372e-02 2.214356681569796259e-01 -1.184798807749627009e-01 -7.980100122254087103e-02 2.507101545706685863e-01
-1.457506349918203936e-01 -2.785643318430204296e-01 -1.184798807749627009e-01 9.235156773510028172e-02 -1.340385708481223459e-01
-1.457506349918203936e-01 -2.785643318430204296e-01 -1.184798807749627009e-01 9.235156773510028172e-02 -1.340385708481223459e-01
2.059683571450101891e-01 2.214356681569796259e-01 -1.184798807749627009e-01 -8.645122288459686222e-02 3.395666731431375429e-01
5.670206163524338372e-02 2.214356681569796259e-01 -1.184798807749627009e-01 -7.980100122254087103e-02 2.507101545706685863e-01
5.670206163524338372e-02 2.214356681569796259e-01 -1.184798807749627009e-01 -7.980100122254087103e-02 2.507101545706685863e-01
5.670206163524338372e-02 2.214356681569796259e-01 -1.184798807749627009e-01 -7.980100122254087103e-02 2.507101545706685863e-01
4.746936053801016908e-01 2.214356681569796259e-01 -1.184798807749627009e-01 6.278786535582042000e-03 -3.887654463033299868e-01
-1.457506349918203936e-01 -2.785643318430204296e-01 -1.184798807749627009e-01 9.235156773510028172e-02 -1.340385708481223459e-01
-1.457506349918203936e-01 -2.785643318430204296e-01 -1.184798807749627009e-01 9.235156773510028172e-02 -1.340385708481223459e-01
2.059683571450101891e-01 2.214356681569796259e-01 -1.184798807749627009e-01 -8.645122288459686222e-02 3.395666731431375429e-01
-1.457506349918203936e-01 -2.785643318430204296e-01 -1.184798807749627009e-01 9.235156773510028172e-02 -1.340385708481223459e-01
-1.457506349918203936e-01 -2.785643318430204296e-01 -1.184798807749627009e-01 9.235156773510028172e-02 -1.340385708481223459e-01
-1.457506349918203936e-01 -2.785643318430204296e-01 -1.184798807749627009e-01 9.235156773510028172e-02 -1.340385708481223459e-01
-1.457506349918203936e-01 -2.785643318430204296e-01 -1.184798807749627009e-01 9.235156773510028172e-02 -1.340385708481223459e-01
5.670206163524338372e-02 2.214356681569796259e-01 -1.184798807749627009e-01 -7.980100122254087103e-02 2.507101545706685863e-01
5.670206163524338372e-02 2.214356681569796259e-01 -1.184798807749627009e-01 -7.980100122254087103e-02 2.507101545706685863e-01
5.670206163524338372e-02 2.214356681569796259e-01 -1.184798807749627009e-01 -7.980100122254087103e-02 2.507101545706685863e-01
2.059683571450101891e-01 2.214356681569796259e-01 -1.184798807749627009e-01 -8.645122288459686222e-02 3.395666731431375429e-01
2.059683571450101891e-01 2.214356681569796259e-01 -1.184798807749627009e-01 -8.645122288459686222e-02 3.395666731431375429e-01
5.670206163524338372e-02 2.214356681569796259e-01 -1.184798807749627009e-01 -7.980100122254087103e-02 2.507101545706685863e-01
2.059683571450101891e-01 2.214356681569796259e-01 -1.184798807749627009e-01 -8.645122288459686222e-02 3.395666731431375429e-01
5.670206163524338372e-02 2.214356681569796259e-01 -1.184798807749627009e-01 -7.980100122254087103e-02 2.507101545706685863e-01
5.670206163524338372e-02 2.214356681569796259e-01 -1.184798807749627009e-01 -7.980100122254087103e-02 2.507101545706685863e-01
5.670206163524338372e-02 2.214356681569796259e-01 -1.184798807749627009e-01 -7.980100122254087103e-02 2.507101545706685863e-01
5.670206163524338372e-02 2.214356681569796259e-01 -1.184798807749627009e-01 -7.980100122254087103e-02 2.507101545706685863e-01
5.670206163524338372e-02 2.214356681569796259e-01 -1.184798807749627009e-01 -7.980100122254087103e-02 2.507101545706685863e-01
5.670206163524338372e-02 2.214356681569796259e-01 -1.184798807749627009e-01 -7.980100122254087103e-02 2.507101545706685863e-01
-1.457506349918203936e-01 -2.785643318430204296e-01 -1.184798807749627009e-01 9.235156773510028172e-02 -1.340385708481223459e-01
5.670206163524338372e-02 2.214356681569796259e-01 -1.184798807749627009e-01 -7.980100122254087103e-02 2.507101545706685863e-01
5.670206163524338372e-02 2.214356681569796259e-01 -1.184798807749627009e-01 -7.980100122254087103e-02 2.507101545706685863e-01
3.552346526547768835e-01 2.214356681569796259e-01 -1.184798807749627009e-01 -9.573512619926963230e-02 4.306081880739460188e-01
2.059683571450101891e-01 2.214356681569796259e-01 -1.184798807749627009e-01 -8.645122288459686222e-02 3.395666731431375429e-01
5.670206163524338372e-02 2.214356681569796259e-01 -1.184798807749627009e-01 -7.980100122254087103e-02 2.507101545706685863e-01
2.059683571450101891e-01 2.214356681569796259e-01 -1.184798807749627009e-01 -8.645122288459686222e-02 3.395666731431375429e-01
4.746936053801016908e-01 2.214356681569796259e-01 -1.184798807749627009e-01 6.278786535582042000e-03 -3.887654463033299868e-01
5.670206163524338372e-02 2.214356681569796259e-01 -1.184798807749627009e-01 -7.980100122254087103e-02 2.507101545706685863e-01
5.670206163524338372e-02 2.214356681569796259e-01 -1.184798807749627009e-01 -7.980100122254087103e-02 2.507101545706685863e-01
-1.457506349918203936e-01 -2.785643318430204296e-01 -1.184798807749627009e-01 9.235156773510028172e-02 -1.340385708481223459e-01
2.000727122410106071e-02 2.214356681569796259e-01 8.815201192250372575e-01 5.833700460664317800e-02 -3.909504426616692840e-01
5.670206163524338372e-02 2.214356681569796259e-01 -1.184798807749627009e-01 -7.980100122254087103e-02 2.507101545706685863e-01
5.670206163524338372e-02 2.214356681569796259e-01 -1.184798807749627009e-01 -7.980100122254087103e-02 2.507101545706685863e-01
5.670206163524338372e-02 2.214356681569796259e-01 -1.184798807749627009e-01 -7.980100122254087103e-02 2.507101545706685863e-01
5.670206163524338372e-02 2.214356681569796259e-01 -1.184798807749627009e-01 -7.980100122254087103e-02 2.507101545706685863e-01
5.670206163524338372e-02 2.214356681569796259e-01 -1.184798807749627009e-01 -7.980100122254087103e-02 2.507101545706685863e-01
-1.457506349918203936e-01 -2.785643318430204296e-01 -1.184798807749627009e-01 9.235156773510028172e-02 -1.340385708481223459e-01
5.670206163524338372e-02 2.214356681569796259e-01 -1.184798807749627009e-01 -7.980100122254087103e-02 2.507101545706685863e-01
3.725604097957208594e-01 2.214356681569796259e-01 -1.184798807749627009e-01 -5.171161802674255625e-01 -2.678623144752164120e-01
5.670206163524338372e-02 2.214356681569796259e-01 -1.184798807749627009e-01 -7.980100122254087103e-02 2.507101545706685863e-01
-1.457506349918203936e-01 -2.785643318430204296e-01 -1.184798807749627009e-01 9.235156773510028172e-02 -1.340385708481223459e-01
-1.457506349918203936e-01 -2.785643318430204296e-01 -1.184798807749627009e-01 9.235156773510028172e-02 -1.340385708481223459e-01
-1.457506349918203936e-01 -2.785643318430204296e-01 -1.184798807749627009e-01 9.235156773510028172e-02 -1.340385708481223459e-01
-1.457506349918203936e-01 -2.785643318430204296e-01 -1.184798807749627009e-01 9.235156773510028172e-02 -1.340385708481223459e-01
5.670206163524338372e-02 2.214356681569796259e-01 -1.184798807749627009e-01 -7.980100122254087103e-02 2.507101545706685863e-01
5.670206163524338372e-02 2.214356681569796259e-01 -1.184798807749627009e-01 -7.980100122254087103e-02 2.507101545706685863e-01
3.552346526547768835e-01 2.214356681569796259e-01 -1.184798807749627009e-01 -9.573512619926963230e-02 4.306081880739460188e-01
5.670206163524338372e-02 2.214356681569796259e-01 -1.184798807749627009e-01 -7.980100122254087103e-02 2.507101545706685863e-01
-1.457506349918203936e-01 -2.785643318430204296e-01 -1.184798807749627009e-01 9.235156773510028172e-02 -1.340385708481223459e-01
5.670206163524338372e-02 2.214356681569796259e-01 -1.184798807749627009e-01 -7.980100122254087103e-02 2.507101545706685863e-01
5.670206163524338372e-02 2.214356681569796259e-01 -1.184798807749627009e-01 -7.980100122254087103e-02 2.507101545706685863e-01
5.670206163524338372e-02 2.214356681569796259e-01 -1.184798807749627009e-01 -7.980100122254087103e-02 2.507101545706685863e-01
2.059683571450101891e-01 2.214356681569796259e-01 -1.184798807749627009e-01 -8.645122288459686222e-02 3.395666731431375429e-01
2.059683571450101891e-01 2.214356681569796259e-01 -1.184798807749627009e-01 -8.645122288459686222e-02 3.395666731431375429e-01
5.670206163524338372e-02 2.214356681569796259e-01 -1.184798807749627009e-01 -7.980100122254087103e-02 2.507101545706685863e-01
-1.457506349918203936e-01 -2.785643318430204296e-01 -1.184798807749627009e-01 9.235156773510028172e-02 -1.340385708481223459e-01
-1.457506349918203936e-01 -2.785643318430204296e-01 -1.184798807749627009e-01 9.235156773510028172e-02 -1.340385708481223459e-01
-1.457506349918203936e-01 -2.785643318430204296e-01 -1.184798807749627009e-01 9.235156773510028172e-02 -1.340385708481223459e-01
5.670206163524338372e-02 2.214356681569796259e-01 -1.184798807749627009e-01 -7.980100122254087103e-02 2.507101545706685863e-01
-1.457506349918203936e-01 -2.785643318430204296e-01 -1.184798807749627009e-01 9.235156773510028172e-02 -1.340385708481223459e-01
-1.457506349918203936e-01 -2.785643318430204296e-01 -1.184798807749627009e-01 9.235156773510028172e-02 -1.340385708481223459e-01
5.670206163524338372e-02 2.214356681569796259e-01 -1.184798807749627009e-01 -7.980100122254087103e-02 2.507101545706685863e-01
-1.457506349918203936e-01 -2.785643318430204296e-01 -1.184798807749627009e-01 9.235156773510028172e-02 -1.340385708481223459e-01
-1.457506349918203936e-01 -2.785643318430204296e-01 -1.184798807749627009e-01 9.235156773510028172e-02 -1.340385708481223459e-01
5.670206163524338372e-02 2.214356681569796259e-01 -1.184798807749627009e-01 -7.980100122254087103e-02 2.507101545706685863e-01
-1.457506349918203936e-01 -2.785643318430204296e-01 -1.184798807749627009e-01 9.235156773510028172e-02 -1.340385708481223459e-01
2.059683571450101891e-01 2.214356681569796259e-01 -1.184798807749627009e-01 -8.645122288459686222e-02 3.395666731431375429e-01
5.670206163524338372e-02 2.214356681569796259e-01 -1.184798807749627009e-01 -7.980100122254087103e-02 2.507101545706685863e-01
2.059683571450101891e-01 2.214356681569796259e-01 -1.184798807749627009e-01 -8.645122288459686222e-02 3.395666731431375429e-01
5.670206163524338372e-02 2.214356681569796259e-01 -1.184798807749627009e-01 -7.980100122254087103e-02 2.507101545706685863e-01
-1.457506349918203936e-01 -2.785643318430204296e-01 -1.184798807749627009e-01 9.235156773510028172e-02 -1.340385708481223459e-01
-1.457506349918203936e-01 -2.785643318430204296e-01 -1.184798807749627009e-01 9.235156773510028172e-02 -1.340385708481223459e-01
2.059683571450101891e-01 2.214356681569796259e-01 -1.184798807749627009e-01 -8.645122288459686222e-02 3.395666731431375429e-01
1.692735667338677863e-01 2.214356681569796259e-01 8.815201192250372575e-01 4.984278659975195647e-02 -2.926256065363962433e-01
-1.457506349918203936e-01 -2.785643318430204296e-01 -1.184798807749627009e-01 9.235156773510028172e-02 -1.340385708481223459e-01
2.059683571450101891e-01 2.214356681569796259e-01 -1.184798807749627009e-01 -8.645122288459686222e-02 3.395666731431375429e-01
-1.457506349918203936e-01 -2.785643318430204296e-01 -1.184798807749627009e-01 9.235156773510028172e-02 -1.340385708481223459e-01
5.670206163524338372e-02 2.214356681569796259e-01 -1.184798807749627009e-01 -7.980100122254087103e-02 2.507101545706685863e-01
-1.457506349918203936e-01 -2.785643318430204296e-01 -1.184798807749627009e-01 9.235156773510028172e-02 -1.340385708481223459e-01
-1.457506349918203936e-01 -2.785643318430204296e-01 -1.184798807749627009e-01 9.235156773510028172e-02 -1.340385708481223459e-01
5.670206163524338372e-02 2.214356681569796259e-01 -1.184798807749627009e-01 -7.980100122254087103e-02 2.507101545706685863e-01
-1.457506349918203936e-01 -2.785643318430204296e-01 -1.184798807749627009e-01 9.235156773510028172e-02 -1.340385708481223459e-01
-1.457506349918203936e-01 -2.785643318430204296e-01 -1.184798807749627009e-01 9.235156773510028172e-02 -1.340385708481223459e-01
-1.457506349918203936e-01 -2.785643318430204296e-01 -1.184798807749627009e-01 9.235156773510028172e-02 -1.340385708481223459e-01
-1.457506349918203936e-01 -2.785643318430204296e-01 -1.184798807749627009e-01 9.235156773510028172e-02 -1.340385708481223459e-01
5.670206163524338372e-02 2.214356681569796259e-01 -1.184798807749627009e-01 -7.980100122254087103e-02 2.507101545706685863e-01
-1.457506349918203936e-01 -2.785643318430204296e-01 -1.184798807749627009e-01 9.235156773510028172e-02 -1.340385708481223459e-01
-1.457506349918203936e-01 -2.785643318430204296e-01 -1.184798807749627009e-01 9.235156773510028172e-02 -1.340385708481223459e-01
5.670206163524338372e-02 2.214356681569796259e-01 -1.184798807749627009e-01 -7.980100122254087103e-02 2.507101545706685863e-01
5.670206163524338372e-02 2.214356681569796259e-01 -1.184798807749627009e-01 -7.980100122254087103e-02 2.507101545706685863e-01
-1.457506349918203936e-01 -2.785643318430204296e-01 -1.184798807749627009e-01 9.235156773510028172e-02 -1.340385708481223459e-01
-1.457506349918203936e-01 -2.785643318430204296e-01 -1.184798807749627009e-01 9.235156773510028172e-02 -1.340385708481223459e-01
-1.457506349918203936e-01 -2.785643318430204296e-01 -1.184798807749627009e-01 9.235156773510028172e-02 -1.340385708481223459e-01
1.677812864147494587e-01 2.214356681569796259e-01 -1.184798807749627009e-01 -3.410213193189411407e-01 5.143663818102898189e-01
-1.457506349918203936e-01 -2.785643318430204296e-01 -1.184798807749627009e-01 9.235156773510028172e-02 -1.340385708481223459e-01
-1.457506349918203936e-01 -2.785643318430204296e-01 -1.184798807749627009e-01 9.235156773510028172e-02 -1.340385708481223459e-01
-1.457506349918203936e-01 -2.785643318430204296e-01 -1.184798807749627009e-01 9.235156773510028172e-02 -1.340385708481223459e-01
-1.457506349918203936e-01 -2.785643318430204296e-01 -1.184798807749627009e-01 9.235156773510028172e-02 -1.340385708481223459e-01
-1.457506349918203936e-01 -2.785643318430204296e-01 -1.184798807749627009e-01 9.235156773510028172e-02 -1.340385708481223459e-01
5.670206163524338372e-02 2.214356681569796259e-01 -1.184798807749627009e-01 -7.980100122254087103e-02 2.507101545706685863e-01
-1.457506349918203936e-01 -2.785643318430204296e-01 -1.184798807749627009e-01 9.235156773510028172e-02 -1.340385708481223459e-01
-1.457506349918203936e-01 -2.785643318430204296e-01 -1.184798807749627009e-01 9.235156773510028172e-02 -1.340385708481223459e-01
-1.457506349918203936e-01 -2.785643318430204296e-01 -1.184798807749627009e-01 9.235156773510028172e-02 -1.340385708481223459e-01
-1.457506349918203936e-01 -2.785643318430204296e-01 -1.184798807749627009e-01 9.235156773510028172e-02 -1.340385708481223459e-01
-1.457506349918203936e-01 -2.785643318430204296e-01 -1.184798807749627009e-01 9.235156773510028172e-02 -1.340385708481223459e-01
-1.457506349918203936e-01 -2.785643318430204296e-01 -1.184798807749627009e-01 9.235156773510028172e-02 -1.340385708481223459e-01
-1.457506349918203936e-01 -2.785643318430204296e-01 -1.184798807749627009e-01 9.235156773510028172e-02 -1.340385708481223459e-01
-1.457506349918203936e-01 -2.785643318430204296e-01 -1.184798807749627009e-01 9.235156773510028172e-02 -1.340385708481223459e-01
-1.457506349918203936e-01 -2.785643318430204296e-01 -1.184798807749627009e-01 9.235156773510028172e-02 -1.340385708481223459e-01
-1.457506349918203936e-01 -2.785643318430204296e-01 -1.184798807749627009e-01 9.235156773510028172e-02 -1.340385708481223459e-01
5.670206163524338372e-02 2.214356681569796259e-01 -1.184798807749627009e-01 -7.980100122254087103e-02 2.507101545706685863e-01
5.670206163524338372e-02 2.214356681569796259e-01 -1.184798807749627009e-01 -7.980100122254087103e-02 2.507101545706685863e-01
-1.457506349918203936e-01 -2.785643318430204296e-01 -1.184798807749627009e-01 9.235156773510028172e-02 -1.340385708481223459e-01
-1.457506349918203936e-01 -2.785643318430204296e-01 -1.184798807749627009e-01 9.235156773510028172e-02 -1.340385708481223459e-01
-1.457506349918203936e-01 -2.785643318430204296e-01 -1.184798807749627009e-01 9.235156773510028172e-02 -1.340385708481223459e-01
5.670206163524338372e-02 2.214356681569796259e-01 -1.184798807749627009e-01 -7.980100122254087103e-02 2.507101545706685863e-01
-1.457506349918203936e-01 -2.785643318430204296e-01 -1.184798807749627009e-01 9.235156773510028172e-02 -1.340385708481223459e-01
-1.457506349918203936e-01 -2.785643318430204296e-01 -1.184798807749627009e-01 9.235156773510028172e-02 -1.340385708481223459e-01
-1.457506349918203936e-01 -2.785643318430204296e-01 -1.184798807749627009e-01 9.235156773510028172e-02 -1.340385708481223459e-01
-1.457506349918203936e-01 -2.785643318430204296e-01 -1.184798807749627009e-01 9.235156773510028172e-02 -1.340385708481223459e-01
3.725604097957208594e-01 2.214356681569796259e-01 -1.184798807749627009e-01 -5.171161802674255625e-01 -2.678623144752164120e-01
-1.457506349918203936e-01 -2.785643318430204296e-01 -1.184798807749627009e-01 9.235156773510028172e-02 -1.340385708481223459e-01
-1.457506349918203936e-01 -2.785643318430204296e-01 -1.184798807749627009e-01 9.235156773510028172e-02 -1.340385708481223459e-01
-1.457506349918203936e-01 -2.785643318430204296e-01 -1.184798807749627009e-01 9.235156773510028172e-02 -1.340385708481223459e-01
-1.457506349918203936e-01 -2.785643318430204296e-01 -1.184798807749627009e-01 9.235156773510028172e-02 -1.340385708481223459e-01
8.151630997266553491e-01 -2.785643318430204296e-01 -1.184798807749627009e-01 -9.076484322648997738e-01 -2.789329626908026993e-01
3.552346526547768835e-01 2.214356681569796259e-01 -1.184798807749627009e-01 -9.573512619926963230e-02 4.306081880739460188e-01
-1.457506349918203936e-01 -2.785643318430204296e-01 -1.184798807749627009e-01 9.235156773510028172e-02 -1.340385708481223459e-01
5.670206163524338372e-02 2.214356681569796259e-01 -1.184798807749627009e-01 -7.980100122254087103e-02 2.507101545706685863e-01
-1.457506349918203936e-01 -2.785643318430204296e-01 -1.184798807749627009e-01 9.235156773510028172e-02 -1.340385708481223459e-01
-1.457506349918203936e-01 -2.785643318430204296e-01 -1.184798807749627009e-01 9.235156773510028172e-02 -1.340385708481223459e-01
-1.457506349918203936e-01 -2.785643318430204296e-01 -1.184798807749627009e-01 9.235156773510028172e-02 -1.340385708481223459e-01
-1.457506349918203936e-01 -2.785643318430204296e-01 -1.184798807749627009e-01 9.235156773510028172e-02 -1.340385708481223459e-01
-1.457506349918203936e-01 -2.785643318430204296e-01 -1.184798807749627009e-01 9.235156773510028172e-02 -1.340385708481223459e-01
-1.457506349918203936e-01 -2.785643318430204296e-01 -1.184798807749627009e-01 9.235156773510028172e-02 -1.340385708481223459e-01
-1.457506349918203936e-01 -2.785643318430204296e-01 -1.184798807749627009e-01 9.235156773510028172e-02 -1.340385708481223459e-01
-1.457506349918203936e-01 -2.785643318430204296e-01 -1.184798807749627009e-01 9.235156773510028172e-02 -1.340385708481223459e-01
-1.457506349918203936e-01 -2.785643318430204296e-01 -1.184798807749627009e-01 9.235156773510028172e-02 -1.340385708481223459e-01
-1.457506349918203936e-01 -2.785643318430204296e-01 -1.184798807749627009e-01 9.235156773510028172e-02 -1.340385708481223459e-01
5.670206163524338372e-02 2.214356681569796259e-01 -1.184798807749627009e-01 -7.980100122254087103e-02 2.507101545706685863e-01
-1.457506349918203936e-01 -2.785643318430204296e-01 -1.184798807749627009e-01 9.235156773510028172e-02 -1.340385708481223459e-01
1.692735667338677863e-01 2.214356681569796259e-01 8.815201192250372575e-01 4.984278659975195647e-02 -2.926256065363962433e-01
-1.457506349918203936e-01 -2.785643318430204296e-01 -1.184798807749627009e-01 9.235156773510028172e-02 -1.340385708481223459e-01
-1.457506349918203936e-01 -2.785643318430204296e-01 -1.184798807749627009e-01 9.235156773510028172e-02 -1.340385708481223459e-01
-1.457506349918203936e-01 -2.785643318430204296e-01 -1.184798807749627009e-01 9.235156773510028172e-02 -1.340385708481223459e-01
-1.457506349918203936e-01 -2.785643318430204296e-01 -1.184798807749627009e-01 9.235156773510028172e-02 -1.340385708481223459e-01
-1.457506349918203936e-01 -2.785643318430204296e-01 -1.184798807749627009e-01 9.235156773510028172e-02 -1.340385708481223459e-01
-1.457506349918203936e-01 -2.785643318430204296e-01 -1.184798807749627009e-01 9.235156773510028172e-02 -1.340385708481223459e-01
2.000727122410106071e-02 2.214356681569796259e-01 8.815201192250372575e-01 5.833700460664317800e-02 -3.909504426616692840e-01
-1.457506349918203936e-01 -2.785643318430204296e-01 -1.184798807749627009e-01 9.235156773510028172e-02 -1.340385708481223459e-01
-1.457506349918203936e-01 -2.785643318430204296e-01 -1.184798807749627009e-01 9.235156773510028172e-02 -1.340385708481223459e-01
-1.457506349918203936e-01 -2.785643318430204296e-01 -1.184798807749627009e-01 9.235156773510028172e-02 -1.340385708481223459e-01
-1.457506349918203936e-01 -2.785643318430204296e-01 -1.184798807749627009e-01 9.235156773510028172e-02 -1.340385708481223459e-01
5.670206163524338372e-02 2.214356681569796259e-01 -1.184798807749627009e-01 -7.980100122254087103e-02 2.507101545706685863e-01
-1.457506349918203936e-01 -2.785643318430204296e-01 -1.184798807749627009e-01 9.235156773510028172e-02 -1.340385708481223459e-01
-1.457506349918203936e-01 -2.785643318430204296e-01 -1.184798807749627009e-01 9.235156773510028172e-02 -1.340385708481223459e-01
-1.457506349918203936e-01 -2.785643318430204296e-01 -1.184798807749627009e-01 9.235156773510028172e-02 -1.340385708481223459e-01
-1.457506349918203936e-01 -2.785643318430204296e-01 -1.184798807749627009e-01 9.235156773510028172e-02 -1.340385708481223459e-01
5.670206163524338372e-02 2.214356681569796259e-01 -1.184798807749627009e-01 -7.980100122254087103e-02 2.507101545706685863e-01
2.059683571450101891e-01 2.214356681569796259e-01 -1.184798807749627009e-01 -8.645122288459686222e-02 3.395666731431375429e-01
1.692735667338677863e-01 2.214356681569796259e-01 8.815201192250372575e-01 4.984278659975195647e-02 -2.926256065363962433e-01
-1.457506349918203936e-01 -2.785643318430204296e-01 -1.184798807749627009e-01 9.235156773510028172e-02 -1.340385708481223459e-01
2.059683571450101891e-01 2.214356681569796259e-01 -1.184798807749627009e-01 -8.645122288459686222e-02 3.395666731431375429e-01
-1.457506349918203936e-01 -2.785643318430204296e-01 -1.184798807749627009e-01 9.235156773510028172e-02 -1.340385708481223459e-01
-1.457506349918203936e-01 -2.785643318430204296e-01 -1.184798807749627009e-01 9.235156773510028172e-02 -1.340385708481223459e-01
-1.457506349918203936e-01 -2.785643318430204296e-01 -1.184798807749627009e-01 9.235156773510028172e-02 -1.340385708481223459e-01
-1.457506349918203936e-01 -2.785643318430204296e-01 -1.184798807749627009e-01 9.235156773510028172e-02 -1.340385708481223459e-01
-1.457506349918203936e-01 -2.785643318430204296e-01 -1.184798807749627009e-01 9.235156773510028172e-02 -1.340385708481223459e-01
-1.457506349918203936e-01 -2.785643318430204296e-01 -1.184798807749627009e-01 9.235156773510028172e-02 -1.340385708481223459e-01
-1.457506349918203936e-01 -2.785643318430204296e-01 -1.184798807749627009e-01 9.235156773510028172e-02 -1.340385708481223459e-01
-1.457506349918203936e-01 -2.785643318430204296e-01 -1.184798807749627009e-01 9.235156773510028172e-02 -1.340385708481223459e-01
-1.457506349918203936e-01 -2.785643318430204296e-01 -1.184798807749627009e-01 9.235156773510028172e-02 -1.340385708481223459e-01
-1.457506349918203936e-01 -2.785643318430204296e-01 -1.184798807749627009e-01 9.235156773510028172e-02 -1.340385708481223459e-01
-1.457506349918203936e-01 -2.785643318430204296e-01 -1.184798807749627009e-01 9.235156773510028172e-02 -1.340385708481223459e-01
-1.457506349918203936e-01 -2.785643318430204296e-01 -1.184798807749627009e-01 9.235156773510028172e-02 -1.340385708481223459e-01
-1.457506349918203936e-01 -2.785643318430204296e-01 -1.184798807749627009e-01 9.235156773510028172e-02 -1.340385708481223459e-01
-1.457506349918203936e-01 -2.785643318430204296e-01 -1.184798807749627009e-01 9.235156773510028172e-02 -1.340385708481223459e-01
-1.457506349918203936e-01 -2.785643318430204296e-01 -1.184798807749627009e-01 9.235156773510028172e-02 -1.340385708481223459e-01
-1.457506349918203936e-01 -2.785643318430204296e-01 -1.184798807749627009e-01 9.235156773510028172e-02 -1.340385708481223459e-01
-1.457506349918203936e-01 -2.785643318430204296e-01 -1.184798807749627009e-01 9.235156773510028172e-02 -1.340385708481223459e-01
-1.457506349918203936e-01 -2.785643318430204296e-01 -1.184798807749627009e-01 9.235156773510028172e-02 -1.340385708481223459e-01
-1.457506349918203936e-01 -2.785643318430204296e-01 -1.184798807749627009e-01 9.235156773510028172e-02 -1.340385708481223459e-01
-1.457506349918203936e-01 -2.785643318430204296e-01 -1.184798807749627009e-01 9.235156773510028172e-02 -1.340385708481223459e-01
-1.457506349918203936e-01 -2.785643318430204296e-01 -1.184798807749627009e-01 9.235156773510028172e-02 -1.340385708481223459e-01
-1.457506349918203936e-01 -2.785643318430204296e-01 -1.184798807749627009e-01 9.235156773510028172e-02 -1.340385708481223459e-01
-1.457506349918203936e-01 -2.785643318430204296e-01 -1.184798807749627009e-01 9.235156773510028172e-02 -1.340385708481223459e-01
-1.457506349918203936e-01 -2.785643318430204296e-01 -1.184798807749627009e-01 9.235156773510028172e-02 -1.340385708481223459e-01
-1.457506349918203936e-01 -2.785643318430204296e-01 -1.184798807749627009e-01 9.235156773510028172e-02 -1.340385708481223459e-01
-1.457506349918203936e-01 -2.785643318430204296e-01 -1.184798807749627009e-01 9.235156773510028172e-02 -1.340385708481223459e-01
-1.457506349918203936e-01 -2.785643318430204296e-01 -1.184798807749627009e-01 9.235156773510028172e-02 -1.340385708481223459e-01
-1.457506349918203936e-01 -2.785643318430204296e-01 -1.184798807749627009e-01 9.235156773510028172e-02 -1.340385708481223459e-01
-1.457506349918203936e-01 -2.785643318430204296e-01 -1.184798807749627009e-01 9.235156773510028172e-02 -1.340385708481223459e-01
-1.457506349918203936e-01 -2.785643318430204296e-01 -1.184798807749627009e-01 9.235156773510028172e-02 -1.340385708481223459e-01
-1.457506349918203936e-01 -2.785643318430204296e-01 -1.184798807749627009e-01 9.235156773510028172e-02 -1.340385708481223459e-01
-1.457506349918203936e-01 -2.785643318430204296e-01 -1.184798807749627009e-01 9.235156773510028172e-02 -1.340385708481223459e-01
-1.457506349918203936e-01 -2.785643318430204296e-01 -1.184798807749627009e-01 9.235156773510028172e-02 -1.340385708481223459e-01
-1.457506349918203936e-01 -2.785643318430204296e-01 -1.184798807749627009e-01 9.235156773510028172e-02 -1.340385708481223459e-01
-1.457506349918203936e-01 -2.785643318430204296e-01 -1.184798807749627009e-01 9.235156773510028172e-02 -1.340385708481223459e-01
-1.457506349918203936e-01 -2.785643318430204296e-01 -1.184798807749627009e-01 9.235156773510028172e-02 -1.340385708481223459e-01
-1.457506349918203936e-01 -2.785643318430204296e-01 -1.184798807749627009e-01 9.235156773510028172e-02 -1.340385708481223459e-01
-1.457506349918203936e-01 -2.785643318430204296e-01 -1.184798807749627009e-01 9.235156773510028172e-02 -1.340385708481223459e-01
5.670206163524338372e-02 2.214356681569796259e-01 -1.184798807749627009e-01 -7.980100122254087103e-02 2.507101545706685863e-01
-1.457506349918203936e-01 -2.785643318430204296e-01 -1.184798807749627009e-01 9.235156773510028172e-02 -1.340385708481223459e-01
5.670206163524338372e-02 2.214356681569796259e-01 -1.184798807749627009e-01 -7.980100122254087103e-02 2.507101545706685863e-01
5.670206163524338372e-02 2.214356681569796259e-01 -1.184798807749627009e-01 -7.980100122254087103e-02 2.507101545706685863e-01
-1.457506349918203936e-01 -2.785643318430204296e-01 -1.184798807749627009e-01 9.235156773510028172e-02 -1.340385708481223459e-01
4.746936053801016908e-01 2.214356681569796259e-01 -1.184798807749627009e-01 6.278786535582042000e-03 -3.887654463033299868e-01
5.670206163524338372e-02 2.214356681569796259e-01 -1.184798807749627009e-01 -7.980100122254087103e-02 2.507101545706685863e-01
-1.457506349918203936e-01 -2.785643318430204296e-01 -1.184798807749627009e-01 9.235156773510028172e-02 -1.340385708481223459e-01
3.725604097957208594e-01 2.214356681569796259e-01 -1.184798807749627009e-01 -5.171161802674255625e-01 -2.678623144752164120e-01
2.000727122410106071e-02 2.214356681569796259e-01 8.815201192250372575e-01 5.833700460664317800e-02 -3.909504426616692840e-01
5.670206163524338372e-02 2.214356681569796259e-01 -1.184798807749627009e-01 -7.980100122254087103e-02 2.507101545706685863e-01
5.670206163524338372e-02 2.214356681569796259e-01 -1.184798807749627009e-01 -7.980100122254087103e-02 2.507101545706685863e-01
5.670206163524338372e-02 2.214356681569796259e-01 -1.184798807749627009e-01 -7.980100122254087103e-02 2.507101545706685863e-01
2.000727122410106071e-02 2.214356681569796259e-01 8.815201192250372575e-01 5.833700460664317800e-02 -3.909504426616692840e-01
-1.457506349918203936e-01 -2.785643318430204296e-01 -1.184798807749627009e-01 9.235156773510028172e-02 -1.340385708481223459e-01
-1.457506349918203936e-01 -2.785643318430204296e-01 -1.184798807749627009e-01 9.235156773510028172e-02 -1.340385708481223459e-01
-1.457506349918203936e-01 -2.785643318430204296e-01 -1.184798807749627009e-01 9.235156773510028172e-02 -1.340385708481223459e-01
-1.457506349918203936e-01 -2.785643318430204296e-01 -1.184798807749627009e-01 9.235156773510028172e-02 -1.340385708481223459e-01
2.059683571450101891e-01 2.214356681569796259e-01 -1.184798807749627009e-01 -8.645122288459686222e-02 3.395666731431375429e-01
-1.457506349918203936e-01 -2.785643318430204296e-01 -1.184798807749627009e-01 9.235156773510028172e-02 -1.340385708481223459e-01
5.670206163524338372e-02 2.214356681569796259e-01 -1.184798807749627009e-01 -7.980100122254087103e-02 2.507101545706685863e-01
5.670206163524338372e-02 2.214356681569796259e-01 -1.184798807749627009e-01 -7.980100122254087103e-02 2.507101545706685863e-01
5.670206163524338372e-02 2.214356681569796259e-01 -1.184798807749627009e-01 -7.980100122254087103e-02 2.507101545706685863e-01
5.670206163524338372e-02 2.214356681569796259e-01 -1.184798807749627009e-01 -7.980100122254087103e-02 2.507101545706685863e-01
-1.457506349918203936e-01 -2.785643318430204296e-01 -1.184798807749627009e-01 9.235156773510028172e-02 -1.340385708481223459e-01
-1.457506349918203936e-01 -2.785643318430204296e-01 -1.184798807749627009e-01 9.235156773510028172e-02 -1.340385708481223459e-01
-1.457506349918203936e-01 -2.785643318430204296e-01 -1.184798807749627009e-01 9.235156773510028172e-02 -1.340385708481223459e-01
3.552346526547768835e-01 2.214356681569796259e-01 -1.184798807749627009e-01 -9.573512619926963230e-02 4.306081880739460188e-01
5.670206163524338372e-02 2.214356681569796259e-01 -1.184798807749627009e-01 -7.980100122254087103e-02 2.507101545706685863e-01
-4.452428667828850495e-02 -2.856433184302042960e-02 -1.184798807749627009e-01 6.275283256279696673e-03 5.833579186127306471e-02
5.670206163524338372e-02 2.214356681569796259e-01 -1.184798807749627009e-01 -7.980100122254087103e-02 2.507101545706685863e-01
2.059683571450101891e-01 2.214356681569796259e-01 -1.184798807749627009e-01 -8.645122288459686222e-02 3.395666731431375429e-01
5.670206163524338372e-02 2.214356681569796259e-01 -1.184798807749627009e-01 -7.980100122254087103e-02 2.507101545706685863e-01
-1.457506349918203936e-01 -2.785643318430204296e-01 -1.184798807749627009e-01 9.235156773510028172e-02 -1.340385708481223459e-01
5.670206163524338372e-02 2.214356681569796259e-01 -1.184798807749627009e-01 -7.980100122254087103e-02 2.507101545706685863e-01
5.670206163524338372e-02 2.214356681569796259e-01 -1.184798807749627009e-01 -7.980100122254087103e-02 2.507101545706685863e-01
5.670206163524338372e-02 2.214356681569796259e-01 -1.184798807749627009e-01 -7.980100122254087103e-02 2.507101545706685863e-01
-1.457506349918203936e-01 -2.785643318430204296e-01 -1.184798807749627009e-01 9.235156773510028172e-02 -1.340385708481223459e-01
5.670206163524338372e-02 2.214356681569796259e-01 -1.184798807749627009e-01 -7.980100122254087103e-02 2.507101545706685863e-01
5.670206163524338372e-02 2.214356681569796259e-01 -1.184798807749627009e-01 -7.980100122254087103e-02 2.507101545706685863e-01
-1.457506349918203936e-01 -2.785643318430204296e-01 -1.184798807749627009e-01 9.235156773510028172e-02 -1.340385708481223459e-01
5.670206163524338372e-02 2.214356681569796259e-01 -1.184798807749627009e-01 -7.980100122254087103e-02 2.507101545706685863e-01
3.725604097957208594e-01 2.214356681569796259e-01 -1.184798807749627009e-01 -5.171161802674255625e-01 -2.678623144752164120e-01
-1.457506349918203936e-01 -2.785643318430204296e-01 -1.184798807749627009e-01 9.235156773510028172e-02 -1.340385708481223459e-01
-1.457506349918203936e-01 -2.785643318430204296e-01 -1.184798807749627009e-01 9.235156773510028172e-02 -1.340385708481223459e-01
-1.457506349918203936e-01 -2.785643318430204296e-01 -1.184798807749627009e-01 9.235156773510028172e-02 -1.340385708481223459e-01
-1.457506349918203936e-01 -2.785643318430204296e-01 -1.184798807749627009e-01 9.235156773510028172e-02 -1.340385708481223459e-01
-1.457506349918203936e-01 -2.785643318430204296e-01 -1.184798807749627009e-01 9.235156773510028172e-02 -1.340385708481223459e-01
5.670206163524338372e-02 2.214356681569796259e-01 -1.184798807749627009e-01 -7.980100122254087103e-02 2.507101545706685863e-01
-1.457506349918203936e-01 -2.785643318430204296e-01 -1.184798807749627009e-01 9.235156773510028172e-02 -1.340385708481223459e-01
5.670206163524338372e-02 2.214356681569796259e-01 -1.184798807749627009e-01 -7.980100122254087103e-02 2.507101545706685863e-01
-1.457506349918203936e-01 -2.785643318430204296e-01 -1.184798807749627009e-01 9.235156773510028172e-02 -1.340385708481223459e-01
5.670206163524338372e-02 2.214356681569796259e-01 -1.184798807749627009e-01 -7.980100122254087103e-02 2.507101545706685863e-01
-1.457506349918203936e-01 -2.785643318430204296e-01 -1.184798807749627009e-01 9.235156773510028172e-02 -1.340385708481223459e-01
-1.457506349918203936e-01 -2.785643318430204296e-01 -1.184798807749627009e-01 9.235156773510028172e-02 -1.340385708481223459e-01
