-1.017707362704821927e-01 -2.055657221040715077e-01 -1.122060064675208524e-01 6.934665834280595575e-02 -9.413979608940839516e-02
-8.195430160951400200e-02 -1.445989434598866641e-01 -1.063884352658109878e-01 4.682107111211841755e-02 -3.443634514855446749e-02
-4.749660166507355813e-03 1.194827274683930851e-02 -1.119703634828648209e-01 -8.244590251476217879e-03 9.636498660076681100e-02
8.659076901360322764e-02 1.475339406091714101e-01 -9.596355424577514281e-02 -8.249559927311339580e-02 1.917544422759199785e-01
5.409796767843332022e-02 6.249322622655607840e-02 4.314019246944090780e-01 4.598316801586016522e-02 -1.709007419767143987e-01
-5.735374803948180278e-02 -1.039373100098772429e-01 -1.096813531835051925e-01 3.334065963661678872e-02 -8.675513011920932271e-04
-9.033592028274009533e-02 -1.592358338505429904e-01 -1.015846227480861896e-01 5.169681725338093337e-02 -5.114463634534339997e-02
7.460166062543972798e-02 1.763881539587158764e-01 -1.159873404953678799e-01 -6.517189058419931014e-02 2.318235887790648930e-01
7.373353916606727176e-02 1.747057426907439592e-01 -1.156162348984558358e-01 -6.451356673996593016e-02 2.300537568447839076e-01
8.285044432827179395e-02 1.808887408006513708e-01 -1.057309302389575906e-01 -6.571351373154243891e-02 2.332663809504957608e-01
-1.217080440340643083e-01 -2.318831012138269088e-01 -8.672918049485064951e-02 8.146674443568288626e-02 -1.239709114596024425e-01
-1.093635603405294643e-01 -2.064074177383980746e-01 -1.044955236638154539e-01 6.320393451038423815e-02 -9.218657726630306859e-02
3.526225947452288345e-02 9.569681175379404769e-02 -1.148962766758549747e-01 -3.707863638165515008e-02 1.664251888810907298e-01
-4.008830484980039494e-02 -6.164484245343872237e-02 -4.030285316607564589e-02 2.684241478100340278e-02 -6.249479676526668512e-03
8.845099908876545569e-02 1.772378199314753322e-01 -6.841893372867760559e-02 -7.858413533397520800e-02 1.956755190062349492e-01
5.524101232381699311e-02 1.312777633453181825e-01 -9.463529223856866068e-02 -4.627483640863591652e-02 1.798888682954119522e-01
-1.125568278030470160e-01 -2.164614513555851993e-01 -6.396900007859823711e-02 7.896496925474849604e-02 -1.239649743987032843e-01
6.637089310583413337e-02 1.616106752588480910e-01 -1.158726451548660885e-01 -6.004348009017866639e-02 2.197571079780633596e-01
-1.221062775483216234e-01 -2.286265062927705094e-01 -1.113505361849718156e-01 7.521957172787917256e-02 -9.889501510858594857e-02
2.073658797615181293e-04 -1.324559981331855513e-02 -1.148534838984259232e-01 -4.175355805643550522e-02 1.105874054668752084e-02
6.703706798636158148e-02 1.614693010861962263e-01 -1.157170702250976124e-01 -5.999470409922860736e-02 2.198363308109682335e-01
-1.058422545955064742e-01 -2.071795079032517639e-01 -1.074038810912406883e-01 5.944853358664649312e-02 -9.449397359650645034e-02
-5.651287608714985339e-02 -9.698355915879525169e-02 -1.108358679463706670e-01 3.023384353024116677e-02 8.575197899008464575e-03
7.485832989231393231e-02 1.703055629950658567e-01 -9.537014215972290654e-02 -6.047431833359609432e-02 2.164857227863750677e-01
-1.254744685437185758e-01 -2.363583958385116757e-01 -1.118107063833979620e-01 7.772942254598332046e-02 -1.047826546928449370e-01
6.874891290045881398e-02 1.642768650020537402e-01 -1.145341340384870288e-01 -6.074562702153871174e-02 2.209371928527736062e-01
-1.727797761180021457e-02 5.266561111258562244e-02 4.652440109401632107e-01 4.943146436282409850e-02 -2.582978078143990941e-01
-1.058844546279298915e-01 -2.071570538974942255e-01 -1.125794847422912082e-01 6.571726451966070082e-02 -7.973080081441813460e-02
7.659879817573879424e-02 1.769967527635077365e-01 -1.154606599686873597e-01 -6.540285570413441329e-02 2.330953864137913500e-01
-7.116636735307035888e-02 -1.351008627734327783e-01 -6.396023588781526992e-02 5.190452881931080509e-02 -6.687790924674769100e-02
-6.590958363676596710e-02 -1.080379256080532535e-01 -1.007357284650667040e-01 3.476125671741484013e-02 -9.039964923531053007e-03
-8.300394668563519651e-02 -1.555521624794971025e-01 -4.566469997956525140e-02 5.859211289063605277e-02 -7.698235960053967375e-02
6.584841608336877705e-02 1.530534519315354391e-01 -1.133829113872643762e-01 -5.574892615120521921e-02 2.037651025176388797e-01
6.908182346408965613e-02 1.668274629931211228e-01 -1.135495780539310384e-01 -6.150262617403096099e-02 2.222607117213434291e-01
6.988968178046708890e-02 1.682575811562539991e-01 -1.156843101923375750e-01 -6.227547641405907497e-02 2.246386521873189046e-01
7.379848231776174605e-02 1.773336990900812871e-01 -1.158186495372032498e-01 -6.545736689994581525e-02 2.320858338918549979e-01
-1.240919738014061025e-01 -2.333396826341382624e-01 -1.116197896466443878e-01 7.658602764232641524e-02 -1.023879427121884705e-01
-1.243811919394447463e-01 -2.340539683484239575e-01 -1.116197896466443878e-01 7.683195988369447005e-02 -1.029375837485010381e-01
5.303554520818150320e-02 1.171980660426981957e-01 -1.163962161840667586e-01 -4.396663136620714007e-02 1.798433071388814142e-01
7.610077616312366233e-02 1.777772034143125235e-01 -1.137309302389576254e-01 -6.547416353921201027e-02 2.327822298543535118e-01
6.434914422034314352e-02 1.618797566224361995e-01 -1.153925129091609852e-01 -6.000463960724049250e-02 2.186908425394955835e-01
-1.014863414963093485e-01 -1.846721998530418685e-01 -1.075068385756392797e-01 6.035214933417770711e-02 -6.589917386251664677e-02
7.604866731816288528e-02 1.792804403993401297e-01 -1.159873404953678799e-01 -6.621240459329642836e-02 2.345166699339757965e-01
-1.075510252148525747e-01 -1.979232815793139366e-01 -1.088373107967603032e-01 6.500093094460401844e-02 -7.577274806124220663e-02
-1.251146904461978571e-01 -2.355652923902357698e-01 -1.117417408661565831e-01 7.746386353574212513e-02 -1.041919532336692267e-01
5.900281314807344357e-02 1.404077197570235414e-01 -1.139320841276135893e-01 -5.239141727522970970e-02 2.017451916353196484e-01
3.204073919122144010e-02 9.518409514903181101e-02 -1.145036063371849266e-01 -3.701461008053705259e-02 1.631479843026807930e-01
-5.061298638132401273e-02 -6.561856840291868664e-02 -1.054549060448945197e-01 1.955974127610700386e-02 2.589214035789624835e-02
7.498711686984289859e-02 1.773155146440917873e-01 -1.159873404953678799e-01 -6.555532143348859198e-02 2.331162284043228061e-01
3.744563525307654794e-01 1.801666292456998442e-01 -7.445258192438798661e-02 -2.106834507132658227e-02 -3.104638077658953832e-01
-1.168055921957246307e-01 -2.150807138660923712e-01 -9.702614502589457235e-02 7.208206907925224227e-02 -9.762589791436662723e-02
-5.952087499795573333e-02 -1.058740642024501993e-01 -1.099212285729132821e-01 3.341941786554816773e-02 2.215916012052279380e-03
7.048178303261402877e-02 1.677438758007680220e-01 -1.159697325335068696e-01 -6.224460192845093776e-02 2.255192856092455289e-01
-8.647595649921986649e-02 -1.521071063391119804e-01 -1.011077860908655979e-01 4.990710116533100815e-02 -4.343537999826425910e-02
-1.223701908513616377e-01 -2.304230159674716394e-01 -1.116197896466443878e-01 7.564777216455165210e-02 -9.989097107089779659e-02
-7.875578441019280562e-02 -1.521958857645597518e-01 -4.402753220970806458e-03 6.254307645984361064e-02 -9.785157505500677311e-02
-1.190989116231508105e-01 -2.223415133710116565e-01 -1.081432373275723752e-01 7.309923418066335832e-02 -9.554269823449403065e-02
7.394265590139151301e-02 1.777488361626319568e-01 -1.159873404953678799e-01 -6.561506731051520991e-02 2.324504390682082533e-01
7.251628326031057947e-02 1.535951181068948845e-01 -9.515334014957882447e-02 -6.555512252663900363e-02 1.979317165064883310e-01
9.547677455216313502e-02 1.418338573546671921e-01 -9.540818366671742490e-02 -9.123156503639755222e-02 1.857620793687347338e-01
7.905562908110491671e-02 1.349549133163797654e-01 -9.845746112692091434e-02 -4.481623077184321291e-02 1.622905150468829105e-01
7.314350800694871535e-02 1.713880258026651837e-01 -1.154278999359273222e-01 -6.335406206140389851e-02 2.276374175455875559e-01
3.420406313388858754e-02 6.978261089724380195e-02 -1.138978463693140208e-01 -4.375304618428485504e-02 1.352968030145073330e-01
7.076070302433069836e-02 1.664466003302193797e-01 -1.153132045954255308e-01 -6.168260235409027403e-02 2.240775900525489583e-01
7.314350800694871535e-02 1.713880258026651837e-01 -1.154278999359273222e-01 -6.335406206140389851e-02 2.276374175455875559e-01
-4.057345215058390242e-02 -5.980993303304895509e-02 -1.074791707307700128e-01 1.340851669901909141e-02 2.918353281572799024e-02
7.190050628758422324e-02 1.719097802523329721e-01 -1.156162348984558358e-01 -6.354610452212892946e-02 2.277235457836814525e-01
7.231817510046215092e-02 1.741234842036581965e-01 -1.160735473919196070e-01 -6.437164960007402126e-02 2.296127069045738045e-01
6.232119377450343056e-02 1.412004661345687140e-01 -1.153242228601292496e-01 -5.096478562786452282e-02 1.879548107937914214e-01
6.589425080483067576e-02 1.606935174229028040e-01 -1.149079304401513651e-01 -5.962630136734275998e-02 2.186958257144100970e-01
-1.048251788498742038e-01 -1.887956134243638506e-01 -8.842226707280773090e-02 6.454760419749226708e-02 -8.176065491278383668e-02
1.103252670495573629e-01 1.865492659228672190e-01 4.125953008041077785e-02 -4.216684443738200061e-02 1.056978603136813910e-01
7.076580090699169379e-02 1.691490823550438338e-01 -1.137309302389576254e-01 -6.241585970496697777e-02 2.250421358050408160e-01
6.976843372588023562e-02 1.598853184453898346e-01 -1.134636116870090805e-01 -5.936322121390624762e-02 2.196118780140356719e-01
7.005022842486982593e-02 1.676375919522371805e-01 -1.159873404953678799e-01 -6.221965742227660023e-02 2.254208149392219751e-01
6.978927720010358327e-02 1.667556010667124167e-01 -1.075971971015500656e-01 -6.070989029435598650e-02 2.189981421743768253e-01
6.189916317783265842e-02 1.395199884869952334e-01 -1.109175537932382549e-01 -5.195960996892937112e-02 2.014918931164607352e-01
1.555772798372395405e-01 1.699115813602616876e-01 -7.204577528141159481e-02 -3.858504014916179503e-02 6.201705533898577150e-02
7.519280318839319244e-02 1.839049112684115472e-01 7.397509586221859279e-03 -5.118169664600630275e-02 1.625573822497056453e-01
6.406122205367806299e-02 1.550538596842620798e-01 -1.081968401985394651e-01 -5.676344952308969016e-02 2.102334109767546311e-01
6.409996317157193313e-02 1.546294216060216109e-01 -1.148574728860194266e-01 -5.746212946341895667e-02 2.135299291603811322e-01
-8.530158075522319139e-02 -1.276466595148021688e-01 1.076009560833227907e-01 7.045113727380500346e-02 -1.588859383940119663e-01
6.170644977071135240e-02 1.395142510447625050e-01 -1.102974028958002978e-01 -6.151342851058917705e-02 1.954384455384474140e-01
5.097397654997122551e-02 1.366746734767918248e-01 -1.139968533367326370e-01 -5.107241888438281141e-02 1.966384678543708353e-01
4.495659763185706759e-02 1.112667456125511212e-01 -1.057381331945271424e-01 -5.092090065591196868e-02 1.677713294270277711e-01
5.788582286767857132e-02 1.344628469668590343e-01 -1.128298810842340710e-01 -4.923055957892455425e-02 1.886667165947799318e-01
4.592321873780187691e-02 1.199396911553667067e-01 -1.159610336003834979e-01 -4.559343096021042929e-02 1.857005380247101767e-01
-1.246377766946807075e-01 -2.345896826341382357e-01 -1.116197896466443878e-01 7.710970203546922697e-02 -1.034439774640353166e-01
-9.897683053336095438e-02 -1.761780376631667255e-01 -1.099397892324349146e-01 5.561378483311696375e-02 -6.075156530000157262e-02
2.011055832953498601e-01 7.258722066409234452e-02 -1.165762327522655711e-01 -3.060970433794231726e-01 -1.985177797902165919e-01
6.628257415410615527e-02 1.519858277276525116e-01 -1.098320839640965219e-01 -5.566438279106968035e-02 2.064433425570509351e-01
-1.122757574750294918e-01 -2.089510934744883142e-01 -1.105899492961297248e-01 6.838628680553465733e-02 -8.328712117645757640e-02
-3.778326205732728676e-02 -9.105879805794236947e-02 -1.056155804003938992e-01 3.195267200082253789e-02 -1.578520292801131875e-02
-1.162732236531546504e-01 -2.164229487613117953e-01 -1.087189347419046104e-01 7.129594812648748503e-02 -9.073619667939786249e-02
-1.038366199805714624e-01 -1.899657934721936947e-01 -1.008921197198727610e-01 6.333443418371952072e-02 -7.464391740293935262e-02
7.071982175862651099e-02 1.678384486708723311e-01 -1.158485772977811551e-01 -6.218011128171510582e-02 2.248807331242628493e-01
4.399772929832175550e-02 1.196022015078202771e-01 -1.138049474289006546e-01 -4.529548260454964448e-02 1.831249205510567524e-01
2.198538599079522329e-02 -5.206231736342587652e-02 -1.117268764891098248e-01 1.044865419283833551e-02 7.952894153914671915e-02
7.133213341177081779e-02 1.543434706918320187e-01 -9.125055240445088811e-02 -6.419533693326982815e-02 1.970594134109020512e-01
-1.202969677999199821e-01 -2.250889808996227315e-01 -1.028747531516078784e-01 7.498257758353092661e-02 -1.010535315033154607e-01
6.034512653142287686e-02 1.574914504235934432e-01 -1.061628331062053066e-01 -5.711435987237169221e-02 2.081492257403670665e-01
1.446391952127261057e-02 5.162535694534284292e-02 -1.103510877006254609e-01 -3.499625837224587532e-02 1.291144051881865651e-01
-3.965816781426160370e-03 6.862047204670193579e-03 -1.116981756261367364e-01 -1.033424726715910860e-02 9.193172030687683793e-02
-2.092330516253124856e-02 -5.762281810576053848e-02 -1.133391516851035147e-01 8.902088935007811468e-03 5.066130809452146916e-02
-4.358339371218490632e-02 -8.441792747773560479e-02 -1.119674070497261309e-01 2.451361258907943513e-02 2.363056022281551788e-02
3.339091741252667167e-02 8.624612460640962430e-02 -1.131201709083251850e-01 -3.410212818751046093e-02 1.587665222561194245e-01
-6.812018148127507722e-02 -1.236772293020951680e-01 -1.037840881104659385e-01 4.161530599909407657e-02 -2.594813404567162390e-02
-1.066342082906703154e-01 -1.977582597024044875e-01 -1.108637108271917221e-01 6.451547466373375173e-02 -7.398320025820388779e-02
-1.274066155095732178e-01 -2.392764475481832520e-01 -1.134668027849530941e-01 7.899645310436358148e-02 -1.059902840189576867e-01
6.958840527812421017e-02 1.599831170763396926e-01 -1.129447134806198794e-01 -5.857871310403300891e-02 2.132461829767295369e-01
-1.808939109641616999e-02 -1.497097719586883147e-02 -9.813091479954025309e-02 3.193354984800923779e-03 6.617225807318949382e-02
-9.634907554340989277e-02 -1.783274708002670073e-01 -1.642168591929631105e-02 6.937638722463339291e-02 -1.141802923339647474e-01
7.164907435242190425e-02 1.734936806509317364e-01 -1.108726451548660841e-01 -6.347991298711073982e-02 2.261036459345093508e-01
-8.394702036095054443e-02 -1.770434916136485182e-01 -6.118171065085572374e-02 5.075607933888777457e-02 -1.008045870718072834e-01
-8.713296740762357939e-02 -1.915724163911795841e-01 -8.971842271213033293e-02 3.827386231071550071e-02 -1.030663182674782241e-01
3.537670004754368824e-02 7.696505647066634315e-02 -7.109192057171551116e-02 -2.180812196649101545e-02 1.026977259038773238e-01
-1.151011813304470555e-01 -2.144962065502793169e-01 -1.105899492961297248e-01 7.031382726475859934e-02 -8.781759948242910674e-02
-1.121921468204993139e-01 -2.142720056745074375e-01 -1.116197896466443878e-01 6.991821089132976841e-02 -8.529144176968175839e-02
-1.208757839580278659e-01 -2.254178468534886182e-01 -1.111652441920989304e-01 7.401131737333115079e-02 -9.663896751619141523e-02
6.969053678664544060e-02 1.683646062463110549e-01 -1.149583082126612033e-01 -6.223325333573574702e-02 2.244049902968342225e-01
2.757595663873391514e-02 5.590648221386811112e-02 -9.489771845272694517e-02 -2.933102190976175430e-02 1.106378981716673315e-01
-1.088019057924984045e-01 -2.077261503775875706e-01 -8.891332932708129189e-02 6.393185737886597497e-02 -9.864650756484044658e-02
-7.621543168892487563e-02 -1.622217865911320667e-01 -1.093094134568973474e-01 2.342354150156761988e-02 -2.611459620131823672e-02
7.977760199121530782e-02 1.745229662439797824e-01 -1.132309302389576250e-01 -6.405126745631845031e-02 2.288957186003102162e-01
1.346912576248842086e-01 2.077552189032398910e-01 4.370378128274974294e-01 -1.064045223087615663e-03 -7.424295089530756619e-02
-1.228159601834510339e-01 -2.303364931074956268e-01 -1.112862323915803087e-01 7.548273866103244467e-02 -1.007353962601247738e-01
7.579687527978382078e-02 1.764071763825002526e-01 -1.157309302389576272e-01 -6.519780350379579537e-02 2.323620566749932947e-01
-1.240243997244930008e-01 -2.327020429478040831e-01 -1.109264108880657629e-01 7.670263227801164818e-02 -1.023931824587429595e-01
7.373353916606727176e-02 1.747057426907439592e-01 -1.156162348984558358e-01 -6.451356673996593016e-02 2.300537568447839076e-01
-9.723202001116520998e-02 -1.860522358116472597e-01 -9.551456652595607943e-02 5.650308865059781860e-02 -8.113734940773989490e-02
2.915938156606089418e-02 7.859140065874661851e-02 -1.111175794969324893e-01 -3.054841909303840711e-02 1.500723818642684948e-01
-6.299044359433049467e-02 -9.280802800760074023e-02 -1.127554048825338551e-01 2.786580030979968203e-02 9.440064356290744918e-03
-1.203637583785306664e-01 -2.245576102451005418e-01 -1.114616023383248195e-01 7.362323549035275361e-02 -9.596528287629606246e-02
-1.155714332258522825e-01 -2.131065501004967278e-01 -8.671691342500807698e-02 7.323917919992485592e-02 -1.018877733930805829e-01
-1.249615659517304828e-01 -2.353388750753883651e-01 -1.117707223770005309e-01 7.725661670254112268e-02 -1.038686980884093863e-01
-7.632718663417577265e-02 -1.753629080658554162e-01 -8.896527809751417215e-02 2.408635015645008842e-02 -1.155234734846554007e-01
-1.084416414366285927e-02 8.686356957158025693e-03 -8.879222580308587798e-02 -4.647363508675332600e-03 7.593150224639790002e-02
-9.857393277514391039e-02 -1.835350385230730130e-01 -1.063984633185452722e-01 6.200960101793658030e-02 -7.278814112612493059e-02
-1.221877683444358570e-01 -2.300276062843346070e-01 -1.121814837464086001e-01 7.537143466542543802e-02 -9.948180973244745429e-02
-1.034225227205231579e-01 -1.865296059669980522e-01 -1.120118034264129397e-01 5.885456754887619102e-02 -6.809052362912365597e-02
6.417142815053270000e-02 1.546818982610921878e-01 -1.144564503875345751e-01 -5.757223440837015704e-02 2.134716157213437104e-01
-8.814712870700298908e-02 -1.678122740478164010e-01 -3.979153099032674279e-02 6.346952768946242940e-02 -9.027117060571888951e-02
-1.141288211246001827e-01 -2.065855879695901731e-01 -8.877574113617102414e-02 7.054675309282609774e-02 -9.675483941469910365e-02
-1.244295404610218925e-01 -2.339736124750264601e-01 -1.118397800818428656e-01 7.690082611618616337e-02 -1.028831110218502570e-01
7.579574277184131931e-03 -1.187455313285064318e-02 -1.010062670759863390e-01 -8.669805579766172443e-02 1.544244129623862094e-01
-1.222348127150173214e-01 -2.282295438760912065e-01 -1.090144505413052772e-01 7.519179279935134241e-02 -1.001973910704991172e-01
-1.092106385565860954e-01 -2.179367711845825450e-01 -1.119978175723193581e-01 6.655501617326139985e-02 -9.358526304722053490e-02
5.029530055576056369e-02 1.289924018748544454e-01 -1.103184521974660270e-01 -4.797032574595748444e-02 1.899474263511995442e-01
-1.183755400475417080e-01 -2.183200644637557364e-01 -8.973888913041914994e-02 7.353622031293752248e-02 -1.063826280033470656e-01
-1.115947620268520901e-01 -2.103885560952724332e-01 -1.054747835248797949e-01 6.963590451125196978e-02 -8.649635521560447571e-02
4.169987352646173373e-02 1.089686830098530734e-01 -1.090392036979412338e-01 -4.123014805228225610e-02 1.732059407649401417e-01
-1.175148825238366695e-01 -2.195207461039244135e-01 -1.116091126995980842e-01 7.187285637291285223e-02 -9.132002106006015252e-02
-1.244284019801630559e-01 -2.342035081776561445e-01 -1.119112323915803092e-01 7.696607137291656964e-02 -1.029588939917700369e-01
-1.092563819062375707e-01 -2.053202697742562421e-01 -8.886432456685985914e-02 6.993291804525506028e-02 -9.255728155670926716e-02
-1.147798054416755004e-01 -2.146758269041311173e-01 -9.787607745292473127e-02 7.221903433452526999e-02 -9.530090372594372805e-02
-1.190507949143948807e-01 -2.204887495314538648e-01 -1.056643228128499590e-01 7.248803200625208998e-02 -9.711500087031726958e-02
-1.245225894005391881e-01 -2.336181976106583846e-01 -9.749532479040670663e-02 7.962286888197239731e-02 -1.108244740450838317e-01
-1.111402986075197830e-01 -2.056600808183901563e-01 -1.152013344670046735e-01 6.749387481429711122e-02 -7.724349020452823955e-02
-1.006913843132789116e-01 -1.767839019953774127e-01 -1.057456883664612129e-01 5.639522872933375175e-02 -6.471798088386229719e-02
-1.103856700517164974e-01 -2.008588695387141798e-01 -9.496009494978910337e-02 6.763389218675867898e-02 -8.833687162293871187e-02
-7.093951498476534778e-02 -1.497451541821217535e-01 -9.334979666351518601e-02 3.352053638049845574e-02 -4.788695785552659484e-02
-8.270231508793073061e-03 1.261527526351391426e-05 -1.129038687585555700e-01 -9.950772104447471594e-04 6.549495040602512641e-02
6.496408410679728462e-02 1.556365877616109339e-01 -1.140176435256709114e-01 -5.772880612382841337e-02 2.141906879714430001e-01
-1.086524131241796143e-01 -1.965418021773399637e-01 -1.017584337218842561e-01 6.551901721571544435e-02 -8.048026481005964017e-02
-1.206616333162878058e-01 -2.270645295282765208e-01 -1.117772699616050164e-01 7.430514589764282418e-02 -9.714344232972535464e-02
-9.994157440799097958e-02 -1.925192927291647094e-01 -9.940563938749380490e-02 5.395782502568571837e-02 -7.650413970273453601e-02
3.927936074809965095e-02 1.064534736435993612e-01 -1.129908522923069314e-01 -4.100981002574223544e-02 1.726375815158641691e-01
-1.041741851071767838e-01 -1.941512011711352959e-01 -7.273867929424138179e-02 6.819107640225904876e-02 -9.369959471130115403e-02
-1.421978723930976962e-01 -2.691529422257479820e-01 -1.084798807749627059e-01 9.048770227583882719e-02 -1.331482571383485469e-01
-1.090250366789807385e-01 -2.130142484230757860e-01 -1.124939149399873384e-01 6.392677010152646166e-02 -9.118962134548978804e-02
-7.439106762234062864e-02 -1.378779041336403721e-01 -1.139006783245332666e-01 4.509085914679189511e-02 -3.041844320835919435e-02
2.453629600789073162e-01 1.149060062279962380e-01 -1.173883997193089501e-01 -3.402473018360502865e-01 -2.022430517387052151e-01
-3.113722312995578778e-02 -8.206514219366933816e-02 -1.093330276639424559e-01 5.788082624413561604e-03 2.065810632888865142e-02
-1.237928424867327654e-01 -2.325480319649388949e-01 -1.117417408661565831e-01 7.642017268595092949e-02 -1.018102573348233369e-01
-1.050439450740266040e-01 -1.947471775592678755e-01 -1.105368959491724173e-01 6.355360449346542095e-02 -7.182696792537301977e-02
-1.208567074448165940e-01 -2.262710582972173035e-01 -1.113031752265816882e-01 7.417646147437066684e-02 -9.692078135985582321e-02
5.164243975965595590e-01 -1.577215545503867777e-01 -4.402414362477630183e-02 -5.694900284835257009e-01 -1.740407844338882903e-01
2.753844703255203460e-02 2.791066242943147924e-02 -1.109001815431140403e-01 -1.683376376488409168e-02 1.238277111568873573e-01
-1.254437023904289294e-01 -2.373919916085458215e-01 -1.159012755740171235e-01 7.880834655576252068e-02 -1.064239207718533781e-01
7.481099681473669938e-02 1.735084135979333975e-01 -9.537014215972290654e-02 -6.154628560201592935e-02 2.184264621990411326e-01
-1.119170693018979590e-01 -2.059716404993686967e-01 -1.145068900225602315e-01 6.773885106179818039e-02 -7.841700817806908363e-02
-1.161096742435201723e-01 -2.176188457994921999e-01 -1.092577706545952571e-01 7.177137090874642633e-02 -9.061157804150303530e-02
-1.167480820727136714e-01 -2.152405661708914064e-01 -1.118367785401038761e-01 7.041576141656437360e-02 -8.838826449839805310e-02
-1.096498753267660942e-01 -2.205703237623562185e-01 -1.117463719251254040e-01 5.918030752887638857e-02 -1.081880931070240692e-01
-1.026527905862069934e-01 -1.870121250692756421e-01 -1.486412966605503427e-02 6.955971184489546932e-02 -1.318208807390055248e-01
-1.125339522864772651e-01 -2.090311358676308906e-01 -8.516857721426410177e-02 7.280893499466464802e-02 -1.037947257768488812e-01
-1.070775077053231911e-01 -2.142362488290085465e-01 -1.125551743743573863e-01 5.682658363738112006e-02 -1.030650404469343889e-01
-1.106569692608576488e-01 -2.021164250848071220e-01 -9.749852905386904856e-02 6.806436976659552274e-02 -8.657191665161555194e-02
6.857252452490764788e-03 3.895496584603179435e-02 -1.123031968654523705e-01 -1.735136981658780969e-02 1.174118768375451288e-01
-1.239828478604960982e-01 -2.331502394125229694e-01 -1.117417408661565831e-01 7.662548839722821414e-02 -1.022419167993228323e-01
6.607922790955308989e-02 1.622941217410186210e-01 -1.160735473919196070e-01 -6.023643665500297284e-02 2.197249408720957364e-01
-1.165832042238559851e-01 -2.161179836036308533e-01 -1.118612236181112940e-01 7.069014988831794077e-02 -8.873706556881130747e-02
8.147380886129703542e-03 -1.281931659192782347e-02 3.073987876956467136e-01 5.140873280516861099e-02 -1.696188623991008726e-01
-9.518757758701888727e-02 -1.735472575920896376e-01 -5.930514894820022170e-02 5.941670626019719681e-02 -9.302439649649353604e-02
-1.158135279710688220e-01 -2.225987513068840296e-01 -1.085646670701485156e-01 6.645759570622931933e-02 -9.886397185117531961e-02
-1.223701908513616377e-01 -2.304230159674716394e-01 -1.116197896466443878e-01 7.564777216455165210e-02 -9.989097107089779659e-02
-1.140048676952174767e-01 -2.130002528403812379e-01 -1.097504338083226394e-01 6.475356655849030807e-02 -8.293882326300008878e-02
-1.217348222625922044e-01 -2.300657595724463211e-01 -1.086397730665143585e-01 7.337696118099493181e-02 -9.920611642850796219e-02
-7.133584360669313618e-02 -1.263930233880511123e-01 -1.115293901786551523e-01 3.969167448170619894e-02 -1.563752415044521171e-02
3.048506751061868039e-02 1.361890811591541517e-01 2.827576328990962784e-01 3.715974188354936175e-03 -5.878154946592857588e-02
-1.243453478919108873e-01 -2.337769992561563592e-01 -1.116197896466443878e-01 7.683152298771962763e-02 -1.028404257393078780e-01
-1.168257194384578479e-01 -2.148820333893184942e-01 -9.501232608108861610e-02 7.190088029180607965e-02 -9.991663493340056934e-02
-1.248222616434280369e-01 -2.347526090122538933e-01 -1.117417408661565831e-01 7.718568448799251192e-02 -1.035884015089417604e-01
-1.212146466333741401e-01 -2.263206007825513399e-01 -1.118192602460015422e-01 7.426350455331830192e-02 -9.693695603474426770e-02
1.130533603966784109e-02 5.162535694534284292e-02 -1.103510877006254609e-01 -3.062310658179704173e-02 1.343001298786454245e-01
-1.315538264865169227e-01 -2.477509878870026161e-01 -1.135743296666735236e-01 8.192364736430114702e-02 -1.127782093779487321e-01
-7.951775017974700710e-02 -1.757998819817902236e-01 -9.990170140385074005e-02 3.852743276302544179e-02 -7.539357411818412014e-02
-1.236681771419000514e-01 -2.320055965788192787e-01 -1.117417408661565831e-01 7.623764055396713146e-02 -1.014493890454585129e-01
-1.230901634799272115e-01 -2.305652923902358209e-01 -1.117417408661565831e-01 7.574233784616571374e-02 -1.003444659794812954e-01
5.356531356429695967e-02 1.458362972276983915e-01 -4.040213781548267213e-02 -4.438472034059358362e-02 1.593661044789729808e-01
4.296687523387633656e-02 8.327848374359361761e-02 -9.330353913076275263e-02 -3.327432408270772357e-02 1.282651972565793663e-01
7.307349863253408129e-02 9.458129440688725631e-02 3.770871081907745670e-01 2.867186909890813429e-02 -1.197645218074027268e-01
-1.228202615440888296e-01 -2.306568043954009828e-01 -1.111642811720681134e-01 7.557283093134287144e-02 -1.009587272417317716e-01
3.586555380279626837e-02 9.382427724875505581e-02 -1.125192344116667659e-01 -3.657981860413378472e-02 1.632997613521793567e-01
-1.251426045478698790e-01 -2.397211273945524246e-01 -7.839216147671709822e-02 8.568047644082274483e-02 -1.383822140240506260e-01
-1.201777484025286086e-01 -2.251605202079792201e-01 -1.071770175592242635e-01 7.452531268255034591e-02 -9.859339176337016120e-02
-1.239935868143050568e-01 -2.330555015903562621e-01 -1.111652441920989304e-01 7.655097265150376251e-02 -1.024609300312547544e-01
-1.226437261690625641e-01 -2.298821325677743721e-01 -1.111652441920989304e-01 7.545510091113277751e-02 -9.998006105484501249e-02
-1.154553868127321942e-01 -2.147092685290707959e-01 -8.487849045227266465e-02 7.279845911374042966e-02 -1.029123270930318301e-01
-1.243811919394447463e-01 -2.340539683484239575e-01 -1.116197896466443878e-01 7.683195988369447005e-02 -1.029375837485010381e-01
-9.536938175455222932e-02 -1.897401440779637460e-01 -6.766660412997341223e-02 6.213643977461671963e-02 -9.762955437444531537e-02
-1.218651066372565261e-01 -2.291991415755556261e-01 -1.111453356373984236e-01 7.535374136031555703e-02 -9.953993948229483690e-02
-1.215151001214755527e-01 -2.274096396017184496e-01 -1.112201683668579133e-01 7.463778298924958476e-02 -9.830731191998041962e-02
-1.372269393669739782e-02 -4.588219180009885795e-02 -1.052312347713213608e-01 -7.091929873570095022e-03 4.242891245738561815e-03
-1.236822109334977937e-01 -2.321930030698212688e-01 -1.111652441920989304e-01 7.634685106882597994e-02 -1.018900133321684748e-01
-1.112936568477099208e-01 -2.187486629003357608e-01 -1.102642336529305045e-01 6.292859913040059483e-02 -1.019851676236055299e-01
-5.276008433383452823e-02 -1.105602663842285838e-01 2.248702096866173061e-04 3.801755822110872152e-02 -6.912222082929476985e-02
-1.193257948337945185e-01 -2.231858683375178287e-01 -1.068934122756189792e-01 7.379028255340945586e-02 -9.714794137568516508e-02
-1.174675598690467226e-01 -2.177733058042669589e-01 -1.124203136465727615e-01 7.117563165317250529e-02 -9.014941884734492539e-02
5.507259718416188110e-02 1.362588698505964313e-01 -1.155696148518357835e-01 -5.117562870272779341e-02 1.990387075864884503e-01
5.507259718416188110e-02 1.362588698505964313e-01 -1.155696148518357835e-01 -5.117562870272779341e-02 1.990387075864884503e-01
-1.119296310843359704e-01 -2.088900853210712560e-01 -9.788728745688587973e-02 7.011208416015830835e-02 -9.095119564235112919e-02
-1.211311347179366282e-01 -2.259205677172559101e-01 -1.091944298812345809e-01 7.461170436820548091e-02 -9.810854709646754657e-02
-1.216620179732618157e-01 -2.264804296302410092e-01 -1.047057225415993914e-01 7.510658562992469922e-02 -1.020337307656767056e-01
-9.276062030820728110e-02 -2.015611420664010778e-01 -1.033308199406167138e-01 3.970082174070392600e-02 -1.163157324203920734e-01
-1.251146904461978571e-01 -2.355652923902357698e-01 -1.117417408661565831e-01 7.746386353574212513e-02 -1.041919532336692267e-01
-1.169037807623714842e-01 -2.185529981958013734e-01 -1.110331253490999398e-01 7.168969972358839315e-02 -9.117263913464350444e-02
-1.170106137003928265e-01 -2.161132368435660644e-01 -1.120498376324424727e-01 7.063844008221706328e-02 -8.914206657283303692e-02
-1.127989705229928696e-01 -2.170376067242820450e-01 -1.132819961080667043e-01 7.216624253103511022e-02 -9.461341353235462603e-02
-1.237043686762663991e-01 -2.323412158760705670e-01 -1.111652441920989304e-01 7.630504041013570771e-02 -1.019112889949421868e-01
-9.961921595067219082e-02 -2.129579228236069821e-01 -1.084621071225495004e-01 5.140428081075421041e-02 -1.002061131528694526e-01
2.322574803969755866e-02 7.285732704798758563e-02 -1.144324089639670722e-01 -2.902869312091485229e-02 1.461031054838217713e-01
-6.282278336778161776e-02 -1.108372912745270583e-01 -1.116813531835051942e-01 3.496546473596033600e-02 -1.417850548114087117e-03
-1.087309003461970069e-01 -2.026198352241154466e-01 -1.098495181958425576e-01 6.626930445668821612e-02 -7.860535366149977443e-02
-1.176467986511826047e-01 -2.176738742804530669e-01 -9.734694446838940141e-02 7.308182834983423248e-02 -9.885425350679832857e-02
-1.237043686762663991e-01 -2.323412158760705670e-01 -1.111652441920989304e-01 7.630504041013570771e-02 -1.019112889949421868e-01
-1.176605686728429828e-01 -2.247030289186512930e-01 -1.118668005519130870e-01 7.344850138614915369e-02 -9.384324541827922250e-02
-1.064339495993750495e-01 -1.959288456958515612e-01 -1.108922106631663462e-01 6.407106270289718297e-02 -7.322883055679500763e-02
-1.047457476973881751e-01 -1.955949020547175510e-01 -5.865012490394359845e-02 6.637633671553000436e-02 -1.005888209178917442e-01
2.627794322503169619e-02 8.016325262251058903e-02 -1.036736469515306125e-01 -3.012671646103575254e-02 1.454760730241095312e-01
-1.220809727133229800e-01 -2.297087302531858888e-01 -1.116197896466443878e-01 7.540183992318359729e-02 -9.934133003458527067e-02
-9.876979765925922305e-02 -1.762744888001042953e-01 -5.270674307490119670e-02 6.561482420378110525e-02 -9.697840277702017564e-02
7.427688696366897825e-02 1.872378199314753133e-01 -6.841893372867760559e-02 -6.208381483317398919e-02 2.069238802589661863e-01
-1.186919775612615552e-01 -2.154857503851660694e-01 -7.523169656757341950e-02 7.544147953303274867e-02 -1.126725195953493935e-01
5.385062818494751324e-02 1.395694984256229676e-01 -1.163792991656284470e-01 -5.233436845664250769e-02 2.008811567786331631e-01
1.163164752112932562e-02 4.750658308035268784e-02 4.883137049218541637e-02 1.100234425106138073e-03 2.924469752563976788e-02
-8.234922060597467397e-02 -1.837499553139912145e-01 -9.459827535966222611e-02 3.148661465892343969e-02 -1.112147946065922544e-01
2.973996968115625861e-01 1.308738319967831798e-01 -9.498261301539985546e-02 -2.435580897815288123e-02 -2.427916203205890688e-01
5.895159504695213215e-02 1.439948869293373179e-01 -1.136023748845958192e-01 -5.366227806252818477e-02 2.046476174206965093e-01
-1.223827872742880712e-01 -2.294442729510012546e-01 -1.121814837464086001e-01 7.519126490958336073e-02 -9.929084671553399521e-02
1.591828658067360458e-01 3.699052447635398089e-02 -1.154345035910075978e-01 -2.556310949404169142e-01 -1.744118760810171309e-01
-6.283082482866758633e-02 -6.215001842289885614e-02 2.218128837652253438e-01 6.385681520363148400e-02 -1.816145881141333629e-01
5.287126048575753468e-02 1.266086456982593589e-01 -9.453725302288237820e-02 -4.463035978691139161e-02 1.759489653349561034e-01
6.483385138828709482e-02 1.563959742352099835e-01 -9.582733990120455292e-02 -5.517268867978505908e-02 2.005668604106880804e-01
6.524291501164822260e-02 1.617547169083288494e-01 -1.158726451548660885e-01 -6.009575106032290226e-02 2.196565346635117322e-01
1.154028098566041785e-02 1.375971787539233271e-01 4.621612457953905295e-01 2.892365546193766124e-02 -1.814793117531481315e-01
-2.380634713196468077e-02 -1.025892503109060439e-01 -1.056745725983548045e-01 -1.387439689975214149e-02 -8.328224672547430985e-02
-5.159551040253734788e-02 -1.571721351939211475e-01 -9.322822705048758318e-02 6.244277273637967307e-02 -1.182087879416882231e-01
-1.176876652197934581e-01 -2.191634267549384396e-01 -1.123611840668096024e-01 7.183463866707599788e-02 -9.053401382533619868e-02
-1.216671537482772875e-01 -2.277603458590377328e-01 -1.121814837464086001e-01 7.460960323108455083e-02 -9.797463920383711611e-02
7.191692773302715835e-02 1.663120809468404682e-01 -1.158726451548660885e-01 -6.189393654154172475e-02 2.259429074960541406e-01
-8.930096529804017191e-02 -1.886342999987792313e-01 -6.476807155409078365e-02 5.754562001428123463e-02 -9.365256803252533513e-02
5.844005814368832818e-02 1.377893394974858132e-01 -5.856300745201569596e-02 -5.375138667694140393e-02 1.606377711245904061e-01
6.428700935528704197e-02 1.588542912648376881e-01 -9.061623489845579971e-02 -5.564724322427218317e-02 2.017339717248532727e-01
8.190302645768485212e-02 1.543369151380061255e-01 -1.151523136465821828e-01 -6.471853279591038843e-02 1.911770828501695718e-01
7.373353916606727176e-02 1.747057426907439592e-01 -1.156162348984558358e-01 -6.451356673996593016e-02 2.300537568447839076e-01
-9.998800609236140058e-02 -1.814154789592966333e-01 -1.006955228870124314e-01 6.004884094098997260e-02 -6.804712190087601476e-02
-9.836116399101133001e-02 -1.885008936462526097e-01 -1.116236336856009925e-01 6.239206563750895884e-02 -7.249744942178848461e-02
-9.150203161165479382e-02 -1.930052869936452475e-01 -1.125891249866522031e-01 6.165161322148215994e-02 -6.224628176245343425e-02
6.522794641041906871e-02 1.495233182077890244e-01 -1.157720294905831976e-01 -5.601031128009224813e-02 2.121839307340851188e-01
6.796787835946864476e-02 1.647273419255147475e-01 -1.158726451548660885e-01 -6.110676057584647769e-02 2.221562004762425158e-01
6.683990026528274786e-02 1.648713835749956169e-01 -1.158726451548660885e-01 -6.115903154599071356e-02 2.220556271616909161e-01
5.224648247691292269e-02 1.335224453631071728e-01 -8.424762937964193343e-02 -4.600061182144739302e-02 1.766190476431107881e-01
7.583292434568597584e-02 9.262528382211693279e-02 -9.555192705407900000e-02 -3.047838976325374996e-02 1.368116076709164075e-01
5.947223555841631148e-02 1.564222883642742978e-01 -6.968751167532361013e-02 -5.204688540889047810e-02 1.848072768340288108e-01
-1.132859399258630689e-01 -2.137256427429198857e-01 -1.110519979326219653e-01 6.981636801841109574e-02 -8.583605773313769671e-02
7.238821379477687612e-02 1.726019858012612929e-01 -1.149721682265212180e-01 -6.367761223175405494e-02 2.277408645052741154e-01
7.066312970060908971e-02 1.685571969419565053e-01 -1.158726451548660885e-01 -6.253785836026549971e-02 2.262842900383889022e-01
6.965939903918989817e-02 1.696676362540193439e-01 -1.059873404953678433e-01 -6.153250627556297592e-02 2.203397742042834673e-01
1.615449687203630511e-02 6.036647657445164128e-02 -1.152895204213671837e-01 -2.483246624421810503e-02 1.362013168610757552e-01
7.250901648086800072e-03 3.804507003623533445e-02 -9.979162636391883390e-02 -1.934471609554899371e-02 1.073078304985107534e-01
7.151874542557558334e-02 1.762601137858869627e-01 -7.606998512346702102e-02 -5.965416712764802509e-02 2.060808630375107753e-01
-1.168328455403683797e-01 -2.170297108872255298e-01 -1.106324708753469721e-01 7.119934768687401216e-02 -9.028407239783904636e-02
5.293170611819122962e-02 1.298678621001024547e-01 -1.154455714930231608e-01 -4.900486454627166200e-02 1.935484438134533747e-01
1.198026395846149839e-01 7.039358001853027180e-04 -1.050838213260587573e-01 -2.118379395041560254e-01 -1.754902541636167712e-01
-1.131704340583007118e-01 -2.102492103399710988e-01 -7.733497808608588708e-02 7.165659165370016903e-02 -1.032669813364945344e-01
-1.085167390460125003e-01 -2.027632851990910368e-01 -7.242831754440540171e-02 7.146598903076267773e-02 -1.006410940747844707e-01
-1.242720659985347559e-01 -2.338645251268086644e-01 -1.117417408661565831e-01 7.687142063859626895e-02 -1.027915578356353860e-01
-1.246377766946807075e-01 -2.345896826341382357e-01 -1.116197896466443878e-01 7.710970203546922697e-02 -1.034439774640353166e-01
-6.609109340191290927e-02 -1.660003429913732009e-01 -9.021230449434884668e-02 1.152525393270604701e-02 -1.184463771816782612e-01
7.449537166608853622e-02 1.797596976760213183e-01 -1.159873404953678799e-01 -6.629559226470993494e-02 2.338419831423725614e-01
-7.706185739424629977e-02 -1.318514551189185480e-01 -9.765152731673018560e-02 4.429689198081791790e-02 -2.902602006301609194e-02
4.684636292579583139e-02 1.025585681536319294e-01 -1.056323760483706409e-01 -8.051045539332984946e-02 9.387292181504036659e-02
-1.117590650483869519e-01 -2.126359894600748091e-01 -9.185222342749904678e-02 6.769670079645391525e-02 -1.036531922799576871e-01
6.969053678664544060e-02 1.683646062463110549e-01 -1.149583082126612033e-01 -6.223325333573574702e-02 2.244049902968342225e-01
-9.246280023810027338e-02 -1.698825277380379695e-01 -7.241747200155435049e-02 5.568389868668310871e-02 -8.089564649144662112e-02
-1.212523849216555621e-01 -2.260523420218981949e-01 -1.022862759381306663e-01 7.535480994569292157e-02 -1.026256351649881271e-01
