-1.262925155876108707e-01 -2.387567883163746185e-01 -1.057189420812095493e-01 7.998583260007095797e-02 -1.110948123521329767e-01
3.657700703140633058e-02 9.299124414512047188e-02 -7.895322199781101835e-02 -3.067795156044852631e-02 1.406874876137578501e-01
7.009130580555351930e-02 1.782915765001783226e-01 -2.904352528105945408e-02 -5.319569217691605401e-02 1.757617603815038732e-01
4.568502765538666466e-02 1.061890802704386905e-01 -9.353828756068312267e-02 -3.634766520444487892e-02 1.541637066201686779e-01
1.880408259914648911e-03 -3.328807023345264904e-02 2.955976171490612980e-01 6.094265450427481523e-02 -1.701035586581698122e-01
1.209539254211778603e-01 2.443988854724429838e-01 -5.694715037608639313e-02 -3.991081052641824722e-02 8.689405225394190857e-02
-4.380405758713547260e-02 -5.895515731815223481e-02 -8.576448925774267373e-02 2.208405344549895302e-02 1.263146460758362427e-02
7.288258933401901840e-02 1.687728162847123847e-01 -1.118940339440221976e-01 -6.096906246906991234e-02 2.210405492727205434e-01
6.542115830120348585e-02 1.550118615242073727e-01 -1.116038672142003058e-01 -5.640958032147558310e-02 2.104674239955371950e-01
7.127517874061577163e-02 1.678591391902571617e-01 -1.127307091902346181e-01 -6.076034103775396211e-02 2.205810827229032212e-01
8.058026638238433015e-02 1.778131950989464971e-01 -1.121907372407255077e-01 -6.441686428027131039e-02 2.311170756247293012e-01
-1.077848371506633790e-01 -2.003179592634920236e-01 -9.609931038788889490e-02 6.845944246000916500e-02 -8.601374664314587193e-02
-1.041493513427513562e-01 -1.883072458160385265e-01 -8.845544662179545548e-02 6.291631685650282690e-02 -8.313504996111018008e-02
3.705731079099593150e-02 9.367904606812552104e-02 -1.051170577463064193e-01 -3.425372445308576264e-02 1.576416802847280252e-01
-1.046370567938300494e-02 5.061227709392143725e-03 -9.842750500173293171e-02 -2.890721137858813516e-03 7.911010218938439864e-02
7.330525464298931482e-02 1.765848568757862613e-01 -7.614294312307841317e-02 -5.868583185724869644e-02 2.029806687773200169e-01
8.063480337028747225e-02 1.741998191179234268e-01 -1.121830152330035024e-01 -6.321201418577464259e-02 2.290279501855687905e-01
5.940166801001152408e-02 1.478920047126840442e-01 -1.077530447798025204e-01 -5.199621366922187182e-02 1.969479175399677651e-01
-9.288521993422714507e-02 -2.124134730886223510e-01 -7.825507457341232542e-02 7.979344637829302589e-02 -1.426192194413058167e-01
7.391318970564676738e-02 1.707829767168501933e-01 -1.120966512192201198e-01 -6.187022861092332515e-02 2.237545407332478808e-01
-2.757205005555665722e-02 -6.615024886103958168e-02 -1.141783965377458215e-01 -2.168449503396773295e-02 -1.886374122784574558e-02
6.745491883759617557e-02 1.568302058863177140e-01 -1.118402409628098670e-01 -5.703425560397680505e-02 2.124256972354673367e-01
-9.320387773834520884e-02 -1.749227122352625674e-01 -9.714159969247564141e-02 5.277299718974083620e-02 -7.195498107807002386e-02
-1.929677477273219338e-02 -1.871356481507464864e-02 -1.074518234804586470e-01 3.996204231312867894e-03 6.904273328833501755e-02
7.175940516995137075e-02 1.627950632455696378e-01 -1.121806848326654948e-01 -5.917025659355588940e-02 2.181769495081959664e-01
-1.274475379089679838e-01 -2.401222997263733616e-01 -1.117972444537432553e-01 7.913828864284808140e-02 -1.076128157671522034e-01
7.114187549738774929e-02 1.641270604809162148e-01 -1.116376236876119449e-01 -5.932595626553356649e-02 2.172081307558533236e-01
4.421648054877474338e-03 5.955075996186313947e-02 4.333333779527137608e-01 3.524677960522851206e-02 -2.443894535341082086e-01
-1.250103401531955372e-01 -2.361584127361705532e-01 -1.118621795186783147e-01 7.769349496168222180e-02 -1.040006901740859191e-01
7.236556349671391386e-02 1.667858291320501452e-01 -1.051918893144581924e-01 -5.952235627594058831e-02 2.163244308973263086e-01
-1.020892662397792638e-01 -2.004334316073076439e-01 -8.350296211109631273e-02 7.165787691199015930e-02 -1.045228244182204586e-01
-3.198718679505576507e-02 -4.699685714866476405e-02 -6.919908504087982082e-02 1.971522543217876441e-02 1.274461870571244951e-02
-9.872960900493749081e-02 -1.996436732334296305e-01 -5.986302557129404012e-02 6.322597884603164964e-02 -1.148085124879605762e-01
5.333272411164027837e-02 1.318404985508313532e-01 -1.112550893914870109e-01 -4.807695802179165478e-02 1.900628866158028674e-01
6.839577494368422050e-02 1.608328428655755871e-01 -1.106900430424506560e-01 -5.737195669699750311e-02 2.108902113233196984e-01
7.476218481024034246e-02 1.731906412762261593e-01 -1.125133178858867822e-01 -6.263417205523363895e-02 2.253784076776019496e-01
-1.211295678339587290e-01 -2.243506483146576191e-01 -1.122721574933988054e-01 7.346686983071275268e-02 -9.549277766017578994e-02
-1.235845224185976032e-01 -2.302757139405210429e-01 -1.121303135217675967e-01 7.572058177843271620e-02 -9.985106966215398505e-02
4.746293287678286787e-02 9.672567066501597255e-02 -1.129359451011286430e-01 -3.647620921526648075e-02 1.680810579422835904e-01
7.513461572330026872e-02 1.731350127987498488e-01 -1.109235773075383236e-01 -6.209738050301193135e-02 2.239213741144753245e-01
6.795735445304801337e-02 1.630040287514032682e-01 -1.124742989338243654e-01 -5.912245393437831620e-02 2.162880312262786542e-01
-1.082171111756946441e-01 -1.970463531843971439e-01 -1.120311202991010890e-01 6.414869014029236927e-02 -7.315650374489850172e-02
7.232500458283716571e-02 1.687100381881553035e-01 -1.113402439742049860e-01 -6.050116718533783688e-02 2.192248622808555536e-01
-8.192536057461577426e-02 -1.485470657157574592e-01 -1.074757366062598363e-01 4.946138602068156365e-02 -4.312447236336763856e-02
-1.274475379089679838e-01 -2.401222997263733616e-01 -1.117972444537432553e-01 7.913828864284808140e-02 -1.076128157671522034e-01
6.855772323720991934e-02 1.524777805913782869e-01 -1.117599111022405667e-01 -5.552024979227271340e-02 2.098381670362340912e-01
-5.138219405929508876e-02 -8.462402936308038859e-02 -8.606959172893549614e-02 2.911183294222828913e-02 3.925126136826549358e-03
7.604241007982502631e-02 1.748626922390853489e-01 -1.112431565955642188e-01 -6.262443468329209617e-02 2.249770398933734761e-01
3.116648780263889251e-01 1.237257480214228045e-01 -9.553262236089370141e-02 9.147076702126725328e-03 -2.887364101392985161e-01
-1.053474732854057655e-01 -1.953200796139151763e-01 -9.141334056524269558e-02 5.940637960052599920e-02 -8.873294426804130552e-02
-1.981802118031328330e-02 -2.380069313331882597e-02 -1.064163525699877294e-01 7.867867422514610715e-03 5.580905163589919976e-02
8.567121947444787666e-02 1.710021669849953185e-01 -9.133661453948942188e-02 -6.873850433230427326e-02 2.097301861910361165e-01
-9.305344195524567485e-02 -1.704593890248031207e-01 -1.102338845530045908e-01 5.528645368787379888e-02 -5.170356075868381973e-02
-1.264329341249542105e-01 -2.374880242766254923e-01 -1.090255716820704712e-01 7.857804530017399591e-02 -1.073091790437125659e-01
-1.081537486698356115e-01 -2.080221967981084052e-01 -6.965088690751644607e-02 7.099838752770665229e-02 -1.092134962344980531e-01
-1.176060062029325587e-01 -2.199835783891674335e-01 -1.117462099709846390e-01 7.187887229762120189e-02 -9.135753611733268831e-02
7.156853807246006671e-02 1.685358058353523258e-01 -1.115657372407255071e-01 -6.044172382866390414e-02 2.194260625140443677e-01
6.501407757039415203e-02 1.429897249502922463e-01 -2.971433145193298070e-02 -5.088032938441509889e-02 1.458495412875470965e-01
7.354658644025481584e-02 1.517601828839193756e-01 -7.059528383288532494e-02 -6.405127481338013240e-02 1.744837733822280079e-01
8.141259257321827036e-02 1.588012231367933735e-01 -7.935295814189650965e-02 -5.568709108572225674e-02 1.655390065801687072e-01
7.355315464350382915e-02 1.691539601637829793e-01 -1.122166145891834999e-01 -6.095420885884006434e-02 2.211464969048435036e-01
2.950330159462047699e-02 8.731718037134789112e-02 -8.133806978822336053e-02 -2.887713428495271642e-02 1.351366594898268658e-01
7.034141147070716027e-02 1.638198007356821417e-01 -1.116376236876119449e-01 -5.912414480137610784e-02 2.164663376897178471e-01
-8.542165246257678313e-03 1.524876618368833925e-02 -6.206285769996412738e-02 -3.465033503221255640e-03 6.703091357779941695e-02
7.475890029925268132e-02 1.738898696055121984e-01 -1.082431565955641883e-01 -6.147769309254529080e-02 2.197126872033857703e-01
7.416281242799815931e-02 1.702067287768093129e-01 -1.126133178858867989e-01 -6.139457954248507543e-02 2.213300141633243179e-01
-9.608125503972368697e-02 -1.757309533070418039e-01 -8.909514693872305768e-02 6.029561845105810280e-02 -6.866246414799043185e-02
1.011107679415934879e-01 2.002551099224983422e-01 -6.671150869468657485e-02 -4.533201380757168053e-02 1.298566605072962177e-01
7.678503913328377228e-02 1.748961394794291413e-01 -1.108264899288975425e-01 -6.265485170487868072e-02 2.253640227981206501e-01
7.865306231469919307e-02 1.733585591782062507e-01 -1.111490705740588308e-01 -6.230400511573898348e-02 2.260008233780047004e-01
7.594562245290023550e-02 1.724376175322415439e-01 -1.120966512192201198e-01 -6.241363652084984392e-02 2.254827112077817108e-01
7.532631449312622574e-02 1.543423223553307411e-01 -1.122253760979450010e-01 -6.623095168940651423e-02 2.089093032643401793e-01
4.816425644135993722e-02 1.169191851737705068e-01 -1.117241123542967313e-01 -4.307847949398470322e-02 1.793690828788161440e-01
1.581289378199615958e-01 2.124568370226189717e-01 -7.475981038632702191e-02 -3.763595887217861813e-02 5.458248755781306555e-02
6.915987638086665279e-02 1.689260747313704458e-01 -4.919716617561359362e-02 -5.286174478202410043e-02 1.824139321098952327e-01
5.879743321076467966e-02 1.384168673758104928e-01 -1.128147660768522992e-01 -5.072662054892822237e-02 1.982562172632212627e-01
6.493530920210370538e-02 1.532975758099216212e-01 -1.114610100713431529e-01 -5.574517685129493083e-02 2.088292682557791047e-01
-7.107232602852010805e-02 -9.368943151410101533e-02 1.638430756676023115e-01 6.660775804036121739e-02 -1.669593256655633184e-01
5.046360315394980700e-02 1.273337570742836822e-01 -1.097225582585312220e-01 -4.639521444176375464e-02 1.857650398796353852e-01
4.228558936932159951e-02 1.206953073115904496e-01 -1.112554739952927307e-01 -4.420737566428621645e-02 1.789051299377754645e-01
6.025517190661162925e-02 1.401356494792305729e-01 -1.117689277725213426e-01 -5.099219937457563634e-02 1.984499449698023943e-01
5.806712103957320514e-02 1.397510340946152008e-01 -1.117689277725213426e-01 -5.075464245128727403e-02 1.969320672175473852e-01
5.543754525399373356e-02 1.388041282859192038e-01 -1.118362026740764570e-01 -5.015277374893012396e-02 1.944983708685285584e-01
-1.271565915934993185e-01 -2.395833667775629783e-01 -1.117972444537432553e-01 7.891542450063944447e-02 -1.071285346656115772e-01
-8.342442973230841663e-02 -1.485728166039043119e-01 -1.114105980607088264e-01 4.245378742942047812e-02 -4.080166238717260196e-02
1.692644784421875881e-01 3.350054417198593260e-02 -1.160349249121280651e-01 -2.750280099881222684e-01 -2.034075291660086826e-01
6.546773472511610570e-02 1.525032952209763593e-01 -1.119286728012417048e-01 -5.531333380410875800e-02 2.078610802247578271e-01
-1.020870288113713414e-01 -1.910116344507975794e-01 -8.999332691996105027e-02 6.522345673746748895e-02 -8.052528875469412706e-02
-3.644452529033782862e-02 -6.705752330592770760e-02 -1.004393328297793486e-01 1.890805192420868044e-02 8.401392804262669198e-03
-1.209607532678684261e-01 -2.257701048494771268e-01 -1.132347235104865096e-01 7.432724201120027852e-02 -9.496966990358131355e-02
-1.018958473305288381e-01 -1.797841540676053396e-01 -6.312067257110894059e-02 6.549280713411574639e-02 -9.197115310507117392e-02
7.463521543085614718e-02 1.696686660461359242e-01 -1.122166145891834999e-01 -6.115843673109226664e-02 2.219348971447646923e-01
5.134510159920194217e-02 1.260738264740307868e-01 -1.111026119254261146e-01 -4.620437230506323212e-02 1.859850441107768482e-01
-9.460439891000159418e-02 -1.745275213667158432e-01 -1.117074090212106380e-01 5.667077362979103250e-02 -5.408965635900531144e-02
-5.506688909679074290e-03 -6.138653757673729477e-02 -1.094927517711616061e-01 1.490058813255849476e-02 5.593205484733440591e-02
6.385484828663556822e-02 1.434270107697904195e-01 -9.035514679092217227e-02 -5.901964242412112427e-02 1.822254299229542629e-01
-1.144343357462551392e-01 -2.159855870452004056e-01 -1.019616197737637092e-01 7.194496620787078911e-02 -9.301596158532646208e-02
5.012907383937967309e-02 1.365468808584914540e-01 -9.342565961143499409e-02 -4.714774683716356496e-02 1.803072618820305562e-01
7.243872123599423563e-02 1.671886968399045881e-01 -1.122707372407255044e-01 -6.070558152003330266e-02 2.211827903293446251e-01
1.903603185656790528e-02 6.496901725187392840e-02 -7.352146141963522563e-02 -3.893120287163329141e-02 1.286914486938403324e-01
-1.859800870359546929e-02 -2.779413063505277795e-02 -1.054878784237349709e-01 6.095945117948970218e-03 6.334145341042662913e-02
-4.924574403791077970e-02 -1.129666059209522427e-01 -1.134359646114268677e-01 3.400412328906859960e-02 7.237014214642016781e-03
-2.253257054204303028e-02 -3.848077391749492315e-02 -1.086550362746951520e-01 1.008900052394540170e-02 5.701509128159155254e-02
9.978428197536007294e-02 1.640006728295609340e-01 5.060317350511288614e-01 -5.282777577429834115e-02 -2.064342571559521500e-01
5.905615214211162867e-02 1.410785028774541594e-01 -1.002389640841019336e-01 -4.990931501781134538e-02 1.912629537546728931e-01
-8.236596167833729054e-02 -1.609093803118867017e-01 -1.168694213678956179e-01 5.325321339989554092e-02 -4.961496076110706588e-02
-1.156719382100672017e-01 -2.224995008311353162e-01 -1.035531761368036624e-01 7.564053845863363823e-02 -1.043261872669761642e-01
-1.237251659417858418e-01 -2.312221373932933088e-01 -1.107173266308157794e-01 7.621822862215849037e-02 -1.012719916403808235e-01
7.381176004061312801e-02 1.636625057889614931e-01 -1.118839815359621986e-01 -5.924277555952399410e-02 2.184840635914265250e-01
-1.087332978300988712e-02 -1.211928361902269574e-02 -7.693118335713539091e-02 5.660456471727401406e-04 5.145965827153550082e-02
-3.191008313243803157e-02 -4.761815907676886228e-02 -1.026483800332330665e-01 1.502541632874675528e-02 3.895721739712901949e-02
-9.998805574807086149e-02 -2.054587249384410286e-01 -1.104720305082747822e-01 4.991935786626175431e-02 -1.019148435423965077e-01
5.555770216142746909e-02 1.407398616358837562e-01 -1.018163666683072482e-01 -4.982064779827863332e-02 1.901897215705842803e-01
7.185240395696680660e-02 1.669301487600177714e-01 -1.087145467645350139e-01 -5.988298357049212650e-02 2.176582033234415736e-01
-1.112576351404363506e-01 -2.088219922965051101e-01 -1.086516500588784045e-01 6.861213923082278010e-02 -8.314524256663011204e-02
-8.354769128828132274e-02 -1.824455185269314716e-01 -5.024562484825575992e-02 4.518182440878437678e-02 -1.247512706992927739e-01
-6.714857685847915036e-02 -1.612585379267137409e-01 -4.356165606549656372e-02 2.368295862334728399e-02 -1.265141746392316469e-01
5.794241528094408455e-02 8.544871801437067815e-02 -6.970454960602961991e-02 -1.450835442443136961e-02 5.952932330552293538e-02
-1.127795364946085066e-01 -2.148636673647967010e-01 -1.118921753293192906e-01 6.998430492266005665e-02 -8.562170961031372041e-02
-1.135799110716833316e-01 -2.141710649480563777e-01 -1.119776454147893702e-01 6.979038324362971113e-02 -8.568653792089132859e-02
7.164001821586471475e-02 1.667388335018418766e-01 -1.122569076294765433e-01 -6.046710444202389734e-02 2.202261143664236698e-01
-1.006909696499448392e-01 -2.052007559515448554e-01 -6.622188800515649287e-02 5.908476383277819211e-02 -1.241846930904725727e-01
-1.099744033901501883e-01 -2.145674104023458373e-01 -1.023494577635761515e-01 6.435132585992553444e-02 -9.227579411831876577e-02
7.756334505794719447e-02 1.701790658527191635e-01 -9.065759576000334552e-02 -5.809098250009751829e-02 2.085923641118300476e-01
1.110320942772614894e-01 1.946556738098030315e-01 1.983926114893671544e-01 -2.244227424687149711e-02 3.230769956383632013e-02
-1.255394893080632734e-01 -2.359259729427561625e-01 -1.115241569226468749e-01 7.778665533895452733e-02 -1.043137104185347247e-01
7.718330136003749564e-02 1.716822979838185381e-01 -1.120966512192201198e-01 -6.231201340646390363e-02 2.260608187254240509e-01
-1.235504061669204789e-01 -2.306692668713289651e-01 -1.107569654707019485e-01 7.629145623287156286e-02 -1.010640295563231539e-01
-1.078724129615600408e-01 -2.034606518228797289e-01 -1.075076254029170564e-01 6.731958302188385812e-02 -8.194538995233320577e-02
4.454379072037600862e-02 1.097301289371800659e-01 -1.109817749015237220e-01 -4.030670034461596163e-02 1.719005848164526506e-01
-1.172788007361471180e-01 -2.174972320267422043e-01 -1.104858198694318866e-01 7.172160458258897142e-02 -9.060451081376355575e-02
-1.102629657757094039e-01 -2.093696733485026495e-01 -7.184658264612187040e-02 7.386135150680640804e-02 -1.057627517987375365e-01
-1.140996292252901001e-01 -2.143528422319541660e-01 -9.924657303233574979e-02 7.131065172935500962e-02 -9.434175567381344885e-02
-1.229573378249936844e-01 -2.288201977645850371e-01 -1.120876017805825797e-01 7.522331804236428998e-02 -9.873430879813129002e-02
-9.963415663148073032e-02 -2.141196485929616200e-01 -9.138593700317378110e-02 5.531018559781208932e-02 -1.327958883982666705e-01
7.990022041779312051e-03 4.461436764454776438e-02 -1.025946554992382964e-01 -1.912586627333063768e-02 1.162198411314815799e-01
-9.360302791716246240e-02 -1.639258601390178871e-01 -8.435950142469930690e-02 5.775604939703714302e-02 -6.638717156183693291e-02
-1.261214061535700925e-01 -2.375030226179396242e-01 -1.115972444537432495e-01 7.819977691127136255e-02 -1.055213227916083768e-01
-1.117617523484145808e-01 -2.041008783633973811e-01 -1.117936697526477063e-01 6.653619820622404257e-02 -7.944030507075786063e-02
6.480337776733037514e-02 1.532609186032419801e-01 -1.119333269706017653e-01 -5.571216362398849486e-02 2.086281353525685778e-01
-7.384936782286703749e-02 -1.562618230040060396e-01 -2.362759272713582659e-02 4.457509557149141877e-02 -1.136945652982445792e-01
-1.230216990894935913e-01 -2.324281831943577903e-01 -1.112292260470708338e-01 7.650260145175580284e-02 -1.011667363765517552e-01
2.449712723685435953e-02 2.638110652557944247e-02 -4.020460144199125563e-02 -9.297855632635629308e-02 1.483435161488580734e-01
-1.243235427043746510e-01 -2.329574185233523886e-01 -1.041255716820704558e-01 7.750353158505444984e-02 -1.069781698736847891e-01
-1.200825858574670751e-01 -2.306197852857191088e-01 -1.115972444537432495e-01 7.141847339363859015e-02 -1.053286682043229755e-01
6.083909464661101107e-02 1.441120534955420696e-01 -1.119970353011576075e-01 -5.238722089336639298e-02 2.010021432437087696e-01
3.835403451252421270e-02 9.942939930871322329e-02 -1.076472551476221201e-01 -3.626576090284862330e-02 1.611794494004583911e-01
-1.267298466504635235e-01 -2.373811531941377173e-01 -1.041255716820704558e-01 7.928515569834936050e-02 -1.105135511110674762e-01
-1.081297126960528848e-01 -2.067614984268212885e-01 -1.112350382963194634e-01 6.688090400805501989e-02 -7.974485491348763666e-02
3.800543814954371324e-02 1.000168959483714037e-01 -1.090863726423977054e-01 -3.720965323349977039e-02 1.638706586332468740e-01
-1.200500106233894360e-01 -2.233058494726240517e-01 -1.104916898894180294e-01 7.360239911383979761e-02 -9.519448560150262084e-02
-1.267540087057676401e-01 -2.386653192068928508e-01 -1.117972444537432553e-01 7.843987959683119959e-02 -1.067513836722987636e-01
-1.189645290936195421e-01 -2.251684496295054405e-01 -1.015972444537432268e-01 7.499418234866882249e-02 -1.010977465960370691e-01
-1.035362959158869500e-01 -1.921320926131695472e-01 -9.586903306570306038e-02 6.461645598048774974e-02 -7.937401568602692192e-02
-1.209990708629678641e-01 -2.216585218100060595e-01 -9.025770274928508752e-02 7.573483710053248441e-02 -1.073468846819153610e-01
-1.135749454803359482e-01 -2.156277990298596237e-01 -1.049685863138632574e-01 7.297477624849534050e-02 -9.611321956856420934e-02
-9.419606119767681696e-02 -1.743115687012899429e-01 -1.135945122897180914e-01 5.723214123481840110e-02 -5.444553826727535628e-02
-1.167815498352797188e-01 -2.125812005994763276e-01 -8.959009666156236840e-02 7.276055669025814632e-02 -1.005583226417066378e-01
-1.167358677208073237e-01 -2.217798721025820985e-01 -1.082654810139652146e-01 6.823681428734269805e-02 -1.010908006102280987e-01
-9.155497007426846579e-02 -1.573818598892832710e-01 -6.542110231476944149e-02 5.737574876808128332e-02 -7.106521734099388588e-02
-1.056524643581425449e-01 -2.003128312451343263e-01 -1.104160698468735907e-01 5.436652138845372850e-02 -6.571422826334410994e-02
-1.094868287639949589e-01 -2.110580711868788595e-01 -1.009532034522575977e-01 6.897411743288925368e-02 -8.797209727466513696e-02
7.421592381220001866e-02 1.669845807580462027e-01 -1.018940339440221748e-01 -5.887413225269537420e-02 2.139640388651578018e-01
-9.475282144413345320e-02 -1.830491465317768962e-01 -8.338407244911738569e-02 6.572957399850697102e-02 -9.399230289555866869e-02
-1.190110606059831266e-01 -2.280668482568329325e-01 -1.112981915643122127e-01 7.066714938366279453e-02 -1.035049051203536519e-01
-1.256895040098806315e-01 -2.349424754237087465e-01 -1.021727238674335764e-01 7.869483182148066802e-02 -1.097390556485576540e-01
3.733725534914118793e-02 9.711238114865339277e-02 -1.088459790238837654e-01 -3.585139968578657244e-02 1.603800752191712475e-01
-1.164207649621647328e-01 -2.221226168807895474e-01 -8.110354697475163910e-02 7.686220932031580244e-02 -1.102336455930630899e-01
-1.233530831480224299e-01 -2.244351715400760838e-01 -6.814374632118122554e-02 8.077827327593731233e-02 -1.251599347221478697e-01
-1.025645276369055170e-01 -2.045571076147469913e-01 -1.121616590585545054e-01 5.110829362871563419e-02 -9.299730537437581046e-02
-8.235486720100133884e-02 -1.612886280158996877e-01 -1.167023870025270527e-01 5.320075391558377886e-02 -4.854171962571996596e-02
1.690776061213420112e-01 3.811088686110317147e-02 -1.159239859508747611e-01 -2.662725421586130681e-01 -1.947449153100670738e-01
-8.197382751286549918e-02 -1.429706600597652755e-01 -1.101981755666241736e-01 3.548414823390978745e-02 -2.319334838742804356e-02
-1.244754150081603394e-01 -2.333736408368546900e-01 -1.110331476156982827e-01 7.690947223011797285e-02 -1.026589859761120049e-01
-7.776440404042701815e-02 -1.413184129220006469e-01 -1.079308257320779202e-01 4.575591448069180056e-02 -2.981066271195677991e-02
-1.103157095906850543e-01 -2.069648141851798961e-01 -1.122897795673311744e-01 6.751192330874947189e-02 -7.966578840344211432e-02
5.354631393783605420e-01 -1.450693092569890208e-01 4.226487494953012902e-02 -5.860189708813495768e-01 -2.307376885672431932e-01
3.666552941770864771e-02 6.268080065959837077e-02 -1.103237797189599578e-01 -2.747753616196034129e-02 1.459604988936326897e-01
-1.158831237856918633e-01 -2.188790920796008510e-01 -1.179753343410045591e-01 7.209572999883717692e-02 -8.839507599591137077e-02
7.294336397886642953e-02 1.658890803395867419e-01 -1.125973514993321711e-01 -6.017094106688521127e-02 2.203611724448945042e-01
-1.108701397193672389e-01 -2.043690547246788669e-01 -7.227352849601173523e-02 6.809693622383330980e-02 -1.104761765781442778e-01
-9.644686994993091622e-02 -1.777348223777604763e-01 -1.134382622897180809e-01 5.844671128664835624e-02 -5.761748514544400013e-02
-1.144009127386338975e-01 -2.122465564991430909e-01 -1.108478227618331230e-01 6.970868977163242886e-02 -8.607518597059765630e-02
-1.248525100948451177e-01 -2.339092216459172646e-01 -1.117972444537432553e-01 7.680341210701657761e-02 -1.031060269375952271e-01
-1.240612880271898255e-01 -2.298725040020297983e-01 -9.187724445374323423e-02 7.838356344514868512e-02 -1.125440888570750780e-01
-1.103250098986475330e-01 -2.025243061805577227e-01 -4.281095632511867921e-02 7.534962767653805016e-02 -1.201834739458982476e-01
-9.028491535940796897e-02 -2.037164301782931064e-01 -1.122811593937650676e-01 3.595700180351481257e-02 -1.154493447177266791e-01
-9.118660777929740724e-02 -1.866272383282420455e-01 -8.194820693103394005e-02 5.072868237696996629e-02 -9.194608132106277254e-02
1.962012858380858538e-04 2.049043985896084608e-02 -1.103441444790756731e-01 -9.855587626914411731e-03 1.004051528068137245e-01
-1.270516762490271068e-01 -2.391446351495708500e-01 -1.117972444537432553e-01 7.880167370589720444e-02 -1.068605053675284744e-01
6.276802649459142791e-02 1.519845411289994508e-01 -1.023697218851176843e-01 -5.403000556012436950e-02 2.008661475596587032e-01
2.862057175125507988e-02 1.609600361801810653e-02 4.182230664386977770e-01 5.658190253721784302e-02 -2.062477098878147119e-01
-8.464251776700976171e-02 -1.937988961107327823e-01 -5.814078885912663669e-02 6.504230290523001223e-02 -1.350688401959240781e-01
-1.274475379089679838e-01 -2.401222997263734171e-01 -1.117972444537432553e-01 7.913828864284808140e-02 -1.076128157671522034e-01
-1.272651127483011846e-01 -2.396273469422639524e-01 -1.117972444537432553e-01 7.896867508777928590e-02 -1.072426564661423387e-01
-1.232300603718538140e-01 -2.321967109662920470e-01 -1.119827145392133377e-01 7.377704929182812843e-02 -9.882546927921739832e-02
4.085987999555237837e-02 1.618013658901253649e-01 3.251727905107643646e-01 1.224916524715350535e-03 -6.769961180758161945e-02
-1.265322831499677003e-01 -2.380920035706234617e-01 -1.117972444537432553e-01 7.840102949672357602e-02 -1.059687623537668294e-01
-1.256020130545106861e-01 -2.364503910389922636e-01 -1.115972444537432495e-01 7.779913270209776188e-02 -1.046295797778467040e-01
-1.226092623853091701e-01 -2.273279728925235443e-01 -9.450050255764649854e-02 7.691268059284384062e-02 -1.089394341065349353e-01
-1.265322831499677003e-01 -2.380920035706234617e-01 -1.117972444537432553e-01 7.840102949672357602e-02 -1.059687623537668294e-01
-1.274475379089679838e-01 -2.401222997263733616e-01 -1.117972444537432553e-01 7.913828864284808140e-02 -1.076128157671522034e-01
9.769547138033605332e-03 4.521733451992712705e-02 -8.455689885042147469e-02 -3.369105105924356802e-02 1.199639787857710860e-01
-1.157335796292061902e-01 -2.208681256034485396e-01 -9.670891384172169980e-02 7.604862802142005329e-02 -1.077582474452517119e-01
-1.029166093135788357e-01 -2.007896548726623709e-01 -7.954504199014675314e-02 6.136781371966087972e-02 -9.928968822602926569e-02
-1.213267391449681099e-01 -2.332100588585473144e-01 -1.121776454147893759e-01 7.235513087550005107e-02 -1.070970252628190150e-01
-1.245327157637255155e-01 -2.355255255328250197e-01 -1.118778896150335739e-01 7.493550736518732325e-02 -1.014242458825106025e-01
-1.174548066473901781e-01 -2.276710883033877253e-01 -1.119428246799686333e-01 6.781624320509681281e-02 -1.000858221855471936e-01
4.500973742585634430e-02 1.251953197494950210e-01 -3.717923083071687090e-02 -3.551916817075305433e-02 1.354033681494788144e-01
-1.223560303175750819e-01 -2.278053232010262552e-01 -1.118876017805825740e-01 7.487462686695697811e-02 -9.794843958342927537e-02
3.485294272170479102e-02 7.179243100804755251e-02 -4.338243746060095607e-02 -1.785208912784654739e-02 9.725480383838804033e-02
9.095970527361808833e-02 1.406730327610250519e-01 3.629792241914442386e-01 1.082613894646182809e-02 -7.076506453160393006e-02
-1.178225778302665061e-01 -2.166667479796151874e-01 -1.123568874948682877e-01 7.012038471271951623e-02 -8.888681399666938099e-02
5.349944068077382153e-02 1.232963371323167467e-01 -5.248464376054438885e-02 -3.748763037151131572e-02 1.497681100965982948e-01
-1.189628346980770995e-01 -2.219015445478138282e-01 -8.845082348776837911e-02 7.606100812999661009e-02 -1.071477120246612375e-01
2.132008943632636780e-02 6.464091976682917462e-02 -1.020922428637832668e-01 -2.364032193995060580e-02 1.305179456516508130e-01
-1.210336638899917189e-01 -2.258625246644535289e-01 -1.123530669199981208e-01 7.394826530743069115e-02 -9.612027059834928056e-02
-1.090110428625467309e-01 -2.037293791050751035e-01 -4.906725797719868609e-02 7.429614755481084298e-02 -1.151308359219380267e-01
-7.085696372437630397e-02 -1.749117148643234421e-01 -6.514248741092509842e-02 3.482557195086814772e-02 -1.128709269512031127e-01
-1.262173504315893258e-01 -2.373713650125396091e-01 -1.112292260470708338e-01 7.826566716765952225e-02 -1.056879093223241362e-01
-1.129248765891138484e-01 -2.146093937877840141e-01 -1.105704748145948518e-01 7.048704947209526173e-02 -8.642908821856955248e-02
-2.798587905972701323e-02 -8.051496823907700051e-02 -9.964748989503861842e-02 1.307726618011307608e-02 -2.748680581583842764e-02
-1.221921657221158308e-01 -2.299406134053164352e-01 -1.119827145392133377e-01 7.299472145856106264e-02 -9.701536085839540524e-02
-1.058102011953465649e-01 -2.204837550403410673e-01 -1.114894184370887192e-01 6.953046763009486375e-02 -1.096823475573835832e-01
-1.220287018711824489e-01 -2.284614126932188738e-01 -1.110122575063918204e-01 7.522892977652970159e-02 -9.856864510403651192e-02
-1.065853658712159341e-01 -2.171802884702827841e-01 -1.120207826967945797e-01 5.615388015379757514e-02 -1.072549224255771455e-01
-9.542213036724583874e-02 -1.908340718828940019e-01 -6.981144383954684951e-02 5.584840168416976836e-02 -8.402891115944879918e-02
-9.632110413830363704e-02 -1.914725856062179654e-01 -6.488904917917338866e-02 6.141257373436904976e-02 -8.639991207102866444e-02
-1.140838146121017221e-01 -2.193828968731268703e-01 -1.109903113583883411e-01 6.744678303205779712e-02 -9.642292363613763628e-02
7.236919583458877037e-02 1.660599430697659307e-01 -1.117999479225168236e-01 -5.995352438551075636e-02 2.189622739681449382e-01
-1.177513555239069198e-01 -2.200763987037346603e-01 -1.070332659097531641e-01 7.287201131452634983e-02 -9.406365505170599661e-02
-1.170075856339867493e-01 -2.184998118846090964e-01 -1.113633197164289046e-01 7.166205382102890098e-02 -9.034000084275609077e-02
-1.178004159059821004e-01 -2.194355623802928257e-01 -1.049924078064536082e-01 7.183181156853667149e-02 -9.516362088501659211e-02
-6.933899099002993616e-02 -1.726166079426630917e-01 -1.025051824482788726e-01 2.195279438707020692e-02 -9.969754140428889466e-02
-1.269281448099085496e-01 -2.390696681474260010e-01 -1.117972444537432553e-01 7.873764443367446686e-02 -1.067210727533905584e-01
-8.492343597393435528e-02 -1.543452993947646568e-01 -1.071249588227274063e-01 5.157141973812898184e-02 -4.717878785183676066e-02
-1.104649766259478416e-01 -2.103183982369803695e-01 -1.105704748145948518e-01 6.908022357033644090e-02 -8.308700670834825996e-02
-1.252769718223793460e-01 -2.361441096100434234e-01 -1.117972444537432553e-01 7.753816728057830177e-02 -1.044729938672036285e-01
-1.039038446625315942e-01 -1.997241512448447442e-01 -9.051158742471375473e-02 5.922502665774052877e-02 -1.003108879204369364e-01
-1.454947543105151661e-02 -1.163737939912470182e-02 -1.103366751538981949e-01 1.199968104217836659e-03 7.413508060950656231e-02
4.202450389346062964e-02 1.074647626646747789e-01 -1.095786313052830585e-01 -3.937412451710275985e-02 1.693728083967072917e-01
-2.012470551358340465e-02 -2.401774968200317412e-02 -8.953931630453328128e-02 8.746165288941903579e-03 5.306607586984197350e-02
-1.027459482237396415e-01 -1.919109919981994705e-01 -9.914277760703475717e-02 6.420732371851391174e-02 -7.631665902615514252e-02
-1.216031963466736726e-01 -2.278001620367829383e-01 -1.018132687945140225e-01 7.612699794080932114e-02 -1.037048637870991302e-01
-1.222573362193769414e-01 -2.311441096100434467e-01 -1.117972444537432553e-01 7.576645415402682993e-02 -1.000282742750696202e-01
-1.015800337969384459e-01 -2.068533471712613592e-01 -1.123978912954495535e-01 5.015047014335276276e-02 -1.024868669174870822e-01
-8.110826109856146549e-02 -1.439240714307495894e-01 -1.070089669412945532e-01 4.689473093645368795e-02 -3.427997340191026726e-02
-4.408164054726989439e-02 -1.051163601469694009e-01 1.002451500291553221e-01 5.960625857386474269e-02 -1.181076632514168473e-01
3.664411363037722857e-02 1.021328816089515368e-01 -8.219192028069727263e-02 -3.374698282155161322e-02 1.468487539816108189e-01
-1.261214061535700925e-01 -2.375030226179396242e-01 -1.115972444537432495e-01 7.819977691127136255e-02 -1.055213227916083768e-01
-1.027290970173934531e-01 -1.954322497825370375e-01 -3.652361506211636299e-02 6.464595344457846338e-02 -1.228720734283088173e-01
7.330525464298931482e-02 1.765848568757862613e-01 -7.614294312307841317e-02 -5.868583185724869644e-02 2.029806687773200169e-01
6.188645083937109603e-02 1.473713432699473858e-01 -1.037710792652101477e-01 -5.250695506571426141e-02 1.987850977308586731e-01
-1.884433040778344878e-02 -2.049121093891940332e-02 -1.927404887313975690e-02 1.570973152838875744e-02 1.373556431061424485e-02
-1.184548158999869510e-01 -2.268850106135490707e-01 -1.023035469747516357e-01 7.153644787686368189e-02 -1.082022469295753353e-01
2.735664793204946599e-01 8.611974447456832715e-02 -1.053170294570655169e-01 2.392826737495828970e-02 -2.694458081164890495e-01
-5.050431115930629350e-02 -1.681416136731871402e-01 -9.671210288406080491e-02 -4.420093485873213129e-03 -1.420251034670921286e-01
6.958162313873067495e-02 1.626734283383993451e-01 -1.121966512192201226e-01 -5.903965556127856174e-02 2.169471503536205825e-01
-7.236201749659749993e-02 -1.829158540348131967e-01 -1.037407697622185487e-01 1.811576524823365134e-02 -1.181395791646879939e-01
-1.274475379089679838e-01 -2.401222997263733616e-01 -1.117972444537432553e-01 7.913828864284808140e-02 -1.076128157671522034e-01
1.363364148683126123e-02 4.980975785104593823e-02 -9.785613713698480820e-02 -1.796056606144010720e-02 1.145926674101811898e-01
1.821052878395977015e-01 4.845313017818689283e-02 -1.063932815877378230e-01 -2.850181588475474426e-01 -2.089011941571447539e-01
-3.864627811730800971e-02 -1.107686391136144394e-02 2.174126440627491830e-01 4.798409879510262543e-02 -1.450835741958545755e-01
5.940166801001152408e-02 1.478920047126840442e-01 -1.077530447798025204e-01 -5.199621366922187182e-02 1.969479175399677651e-01
7.108029181951522335e-02 1.581247079742676975e-01 -1.044918311021641871e-01 -5.541251067027540278e-02 2.071222528923560569e-01
7.895196297406058272e-02 1.757429336610379922e-01 -1.117740705740588314e-01 -6.366470256703823938e-02 2.291066133956521922e-01
-5.257003733718571686e-03 1.053319212294797913e-01 5.276272339703852454e-01 5.036441190314050464e-02 -2.580468890113262748e-01
-2.862910259908773083e-02 -1.371256921028668752e-01 -9.524961534291724596e-02 -2.002895561973004265e-02 -1.350109787764519342e-01
-5.878664314038756222e-02 -1.780058471547232846e-01 -1.074976711058053813e-01 6.823106350728545821e-02 -1.268837199072098965e-01
-1.243140313847889145e-01 -2.339670452107740217e-01 -1.119462099709846309e-01 7.697037562360012353e-02 -1.024037368190599123e-01
-1.274475379089679838e-01 -2.401222997263733616e-01 -1.117972444537432553e-01 7.913828864284808140e-02 -1.076128157671522034e-01
7.669867596094952222e-02 1.750674700013434559e-01 -1.125133178858867822e-01 -6.333569335214599139e-02 2.275254178509196201e-01
-9.152963810892179863e-02 -1.731828563521276010e-01 -7.827239510526920463e-02 5.960419848853670821e-02 -7.390844976485881623e-02
9.778174731727257152e-02 1.424406148798535721e-01 5.601505487909541614e-02 -8.860138684036533707e-02 7.818716513947190916e-02
7.066514976073937082e-02 1.697494551011738129e-01 -7.246306551094447435e-02 -5.610812757503093329e-02 1.973261488515715700e-01
7.483245300192019334e-02 1.724283608341792007e-01 -1.120478800978683548e-01 -6.211280492609018433e-02 2.237818673855513640e-01
6.973896668893013462e-02 1.594755665710150816e-01 -1.123325186022674227e-01 -5.696942243984114140e-02 2.063458122255219240e-01
7.057324811450647883e-02 1.644345868878190620e-01 -1.121340869944200819e-01 -5.954992202009057323e-02 2.178962570954223188e-01
-7.437586907617650678e-02 -1.354310339202468572e-01 -1.020881651089143166e-01 4.664595910092371456e-02 -4.045307512165451785e-02
-9.650659386932537720e-02 -2.019385169603734598e-01 -1.125287627616184810e-01 6.911264755473328636e-02 -9.725007620959809362e-02
-1.106463059618225803e-01 -2.177308096869988163e-01 -1.123262954035205013e-01 6.621618251458601112e-02 -9.316424081787617884e-02
6.840894514019610351e-02 1.487605520816023263e-01 -1.117717409545332524e-01 -5.428497424455631937e-02 2.075517735244797046e-01
7.445943232661819677e-02 1.723385322724057533e-01 -1.125133178858867822e-01 -6.241816245190419388e-02 2.249766027224038567e-01
6.357517172788987314e-02 1.479702427167739753e-01 -1.114667907928642565e-01 -5.363245887161130487e-02 2.033334034789654188e-01
7.359247235192234449e-02 1.714644092793803087e-01 -1.125133178858867822e-01 -6.201241095185440477e-02 2.237645027913568729e-01
4.201346039992830128e-02 6.914297188390022830e-02 -8.448371307334182068e-02 -2.041886163191009365e-02 1.121031792707211233e-01
-1.253060154368479950e-01 -2.360270616311352376e-01 -1.117972444537432553e-01 7.770323149903819726e-02 -1.041709012941525181e-01
7.746476341506274010e-02 1.768082931381621536e-01 -1.121907372407255077e-01 -6.389670610713947541e-02 2.287039214403249754e-01
7.666478347564514850e-02 1.748003913548593080e-01 -1.017740705740588086e-01 -6.192378493751786450e-02 2.211617450128046669e-01
1.863086159886774909e-02 5.855628925159617193e-02 -1.124666122070680230e-01 -2.311182500702963286e-02 1.328459974660076703e-01
-5.079578821028454816e-03 6.916898275827323972e-03 -6.957340168196150809e-02 -6.858532246589547909e-04 6.680676119380597744e-02
7.880658840839373236e-02 1.653467836110661393e-01 4.486347816682140222e-03 -6.261162240852888305e-02 1.320431351152781818e-01
-8.601994959752606862e-02 -1.583728865536528085e-01 -1.107205882117929807e-01 5.136696941259175087e-02 -4.120731492427699011e-02
5.586930976526539860e-02 1.349365561398039592e-01 -1.122612470319955813e-01 -4.952112369805354575e-02 1.944366175263674557e-01
1.485791725280631304e-01 2.739429144336874566e-02 -9.984438933435732522e-02 -2.417437386582239611e-01 -1.817483284472579952e-01
-9.183664951744473226e-02 -1.768898851983432552e-01 -4.461723237492905975e-02 5.703885221382054560e-02 -8.679405062085049360e-02
-1.128011438286833507e-01 -2.135521010815475962e-01 -7.674985668254334648e-02 7.459602047143570891e-02 -1.062211477533509113e-01
-1.269281448099085496e-01 -2.390696681474260010e-01 -1.117972444537432553e-01 7.873764443367446686e-02 -1.067210727533905584e-01
-1.274475379089679838e-01 -2.401222997263733616e-01 -1.117972444537432553e-01 7.913828864284808140e-02 -1.076128157671522034e-01
-7.381774199358552557e-02 -1.878270071186435020e-01 -1.081535116398668478e-01 1.594021725552279348e-02 -1.244463300884587481e-01
7.005226191567864857e-02 1.640688353680754552e-01 -1.124696428011844607e-01 -5.950542582702726679e-02 2.180077362919330408e-01
-5.840533962624316205e-02 -1.016506244160444994e-01 -1.151449373565032741e-01 3.195191618411486606e-02 4.916821067511411431e-03
-1.135555218351825824e-01 -2.124825456065189133e-01 -9.951940125656591474e-02 7.088579771217601300e-02 -9.185729199068455586e-02
7.471186613549914146e-02 1.720021072060019252e-01 -1.125133178858867822e-01 -6.222505227127349270e-02 2.245866540090714347e-01
-1.253350289273822415e-01 -2.355939799218926822e-01 -1.120921753293192824e-01 7.752137345884499431e-02 -1.037028204362157591e-01
-1.242703383916699267e-01 -2.334390005122820577e-01 -1.017443032772726436e-01 7.812893814221660849e-02 -1.083408657857165003e-01
-1.220023638584619846e-01 -2.295027137866646472e-01 -1.006368803080849722e-01 7.700191567242416213e-02 -1.056457585615824257e-01
-1.219917427555282929e-01 -2.299245471904810545e-01 -1.115972444537432495e-01 7.533421196026052202e-02 -9.930974571966996733e-02
