-1.219738324920099787e-01 -2.261316796047984079e-01 -1.035258931267717813e-01 7.555599672619983664e-02 -1.022592853339786556e-01
-6.715898960468015544e-02 -1.175871958893063007e-01 -1.067443060631635965e-01 3.740340635678807146e-02 -1.375669635487171590e-02
2.028846213730655518e-03 2.553751789370413416e-02 -1.058434432175385659e-01 -1.194486596540660431e-02 1.020520747863086913e-01
7.126253205644436650e-02 1.624205620393825156e-01 -5.583574765458912403e-02 -6.098816604395637664e-02 1.769179465428987186e-01
2.229613699799253348e-02 6.531393947506430875e-02 -9.122194219482313016e-02 -2.288015288865217003e-02 1.277460556369300892e-01
3.272594961132916508e-03 -2.227339359799489216e-02 2.425964440326440208e-01 4.979842984026446040e-02 -1.308757975840701693e-01
1.308261089498765073e-01 2.906312577709018741e-01 3.553482207293816308e-02 -2.549119658048481021e-02 2.169806785333611848e-02
6.852940668339264213e-03 3.352786686360439972e-02 -1.020984854046996376e-01 -1.316562571500029533e-02 1.079693984907200283e-01
7.458002475933750430e-02 1.723872824168566076e-01 -1.158755485265985652e-01 -6.304165180878035235e-02 2.281887438301719861e-01
6.995621754153645566e-02 1.650129633077969393e-01 -1.158755485265985652e-01 -6.045025895549048511e-02 2.217659513675619976e-01
7.446586113114010697e-02 1.749273066507757990e-01 -1.158755485265985652e-01 -6.389380367155943208e-02 2.296188055385899596e-01
7.880765314911170050e-02 1.747759584492107887e-01 -1.159990053167220259e-01 -6.418460902399156232e-02 2.324551482120764678e-01
-1.241507491952000136e-01 -2.348092641246261325e-01 -1.182912015296797292e-01 7.744421062294815084e-02 -1.008509973241002305e-01
-1.072621148423261173e-01 -1.977001838727414640e-01 -6.531122860620125481e-02 7.036934454106630321e-02 -1.027039208945183107e-01
5.172822019362448287e-02 1.236970735061992677e-01 -1.161676561103728300e-01 -4.638620173809272773e-02 1.900035423330943274e-01
-3.446106833190211438e-02 -4.855636543747947342e-02 -9.806437526213483691e-02 1.457727503893430088e-02 3.797059224931648852e-02
7.526620245325216230e-02 1.621190448859165800e-01 -8.037243890068189456e-02 -6.438222074418552265e-02 1.942979429206032893e-01
7.828680942383803298e-02 1.735537362269885808e-01 -1.159990053167220259e-01 -6.376266051911669286e-02 2.314992191312174874e-01
5.686935573663350063e-02 1.353591416455757757e-01 -1.081248136910206298e-01 -5.160012662341854905e-02 1.813834624473132096e-01
-8.021726888538130429e-02 -1.977292162500048633e-01 -9.354423591435233332e-02 6.877019376265135209e-02 -1.304706882664558032e-01
6.379425933800636495e-02 1.511677508233646161e-01 -1.157094449229949668e-01 -5.575276243445356772e-02 2.111285391198732264e-01
-1.198052270559825105e-01 -2.228519345204007518e-01 -1.049853562523200556e-01 7.376511503905182343e-02 -9.898552771848610765e-02
-2.226318025920082794e-02 -5.817346456730689008e-02 -1.134875863394083501e-01 -1.438319518337585409e-02 -1.836857635673803946e-02
7.527888268270191419e-02 1.712547463279986693e-01 -1.159990053167220259e-01 -6.290081023022667250e-02 2.287350822021864682e-01
-1.064388574124491837e-01 -1.934643812997154377e-01 -8.449247117898793513e-02 6.651155197319341683e-02 -8.818060042099230833e-02
1.478542304534195828e-04 2.061875335007277987e-02 -9.608501096537608310e-02 -8.516139511356633079e-03 9.365585171332130310e-02
7.047308960065902517e-02 1.497083171935555401e-01 -1.156052782563282977e-01 -5.571872753229711872e-02 2.145884036763787417e-01
7.281283285343177758e-02 1.685856392243683388e-01 -1.158755485265985652e-01 -6.160085932514469675e-02 2.247693039582246977e-01
7.644616259173755285e-03 9.776352917466288317e-02 5.261294553439578303e-01 4.272827471904194763e-02 -2.667117463255179177e-01
-7.457569712783054805e-02 -1.245321325499745002e-01 -9.208223835958033454e-02 4.185301924708888927e-02 -2.879871219830057449e-02
6.885649140634737819e-02 1.613103114424247475e-01 -1.135199929710430100e-01 -5.879654832909253503e-02 2.175980907676540177e-01
6.921463074623619705e-02 1.622201062952242367e-01 -1.133917878428378767e-01 -5.921505851674561949e-02 2.185722915098230745e-01
7.287901335314445062e-02 1.706005239203851331e-01 -1.158755485265985652e-01 -6.228076060998077867e-02 2.259382976312529490e-01
7.394648785950128089e-02 1.724261451755287888e-01 -1.059990053167220170e-01 -6.176480109940878094e-02 2.219732756829637665e-01
-1.216121043303145521e-01 -2.275094818059380519e-01 -1.102829707376223739e-01 7.440388636284597790e-02 -9.937641712856509768e-02
-1.223102382551694289e-01 -2.289566658911159347e-01 -1.103992498073898265e-01 7.492108291525192976e-02 -1.005076870651008258e-01
5.114677806298277563e-02 1.110996489040122492e-01 -1.164257185458733301e-01 -4.223259150360417213e-02 1.832673699865824124e-01
7.007501254518504197e-02 1.595297350846520135e-01 -1.149990053167220250e-01 -5.868605633803596067e-02 2.187215487035887307e-01
7.265524816948232267e-02 1.705433057506857697e-01 -1.158755485265985652e-01 -6.239667749770590188e-02 2.263150645108091275e-01
-1.118717183399193932e-01 -2.063859070855683653e-01 -1.092099861400488287e-01 6.757504067483692534e-02 -8.267958909645979626e-02
-9.877405369993341733e-02 -1.796156806059134303e-01 -1.049742702761297802e-01 5.877190906681625804e-02 -6.385703536066711372e-02
6.687844189011431240e-02 1.564267975647604947e-01 -1.151917878428378866e-01 -5.728933414333596541e-02 2.145201235015089802e-01
1.767399565730108993e-02 6.048954794874816798e-02 -1.115549633820564907e-01 -2.477712413099807456e-02 1.332687959357572449e-01
-5.677542758356603214e-02 -9.606350619058814932e-02 -1.061936363793020005e-01 2.984050396450203813e-02 6.299130144708711167e-03
7.644704279834463323e-02 1.756471705704229780e-01 -1.059990053167220031e-01 -6.297441046345399196e-02 2.252920283021247749e-01
3.515086528867737981e-01 1.738328151445245329e-01 -8.804684880911439748e-02 -1.691883124377016601e-02 -2.810136648610675469e-01
-1.012010478063184865e-01 -1.898273858959748372e-01 -7.753387782846227205e-02 5.778065704258297797e-02 -9.632928931974042708e-02
7.062053273457616354e-02 1.645585841287852402e-01 -1.057287350464517217e-01 -5.922943137528395574e-02 2.165625136580061338e-01
-9.645986368882857043e-02 -1.787228212102235370e-01 -1.088792064206376281e-01 5.813173098533620797e-02 -5.942886873237242240e-02
-1.234399934353437589e-01 -2.318161566594698353e-01 -1.103992498073898265e-01 7.586246453977604776e-02 -1.027613096604003129e-01
-1.027603188204526813e-01 -1.967157902389993218e-01 -5.145812247684645319e-02 7.171709316552067615e-02 -1.075179886438461657e-01
-1.033673173668498008e-01 -1.964486623714138958e-01 -1.113966752597997656e-01 5.505531806663961636e-02 -6.442349843378827878e-02
7.287398003939779545e-02 1.688996832105074120e-01 -1.158755485265985652e-01 -6.182655837140667299e-02 2.253290950575297658e-01
4.794002183616463686e-02 1.113055673103901522e-01 -4.743057504665739582e-02 -3.789088496545137130e-02 1.294928619071597231e-01
7.145136711869565227e-02 1.568595909018284662e-01 -8.432180904204865379e-02 -5.108754242817227509e-02 1.876933649636864931e-01
7.222037248282756061e-02 1.664588715476006675e-01 -1.158755485265985652e-01 -6.087940482097869976e-02 2.232917344834331463e-01
6.993555942407629622e-02 1.639648225886973232e-01 -1.158755485265985652e-01 -5.998893009787009678e-02 2.208440437170870740e-01
7.222037248282756061e-02 1.664588715476006675e-01 -1.158755485265985652e-01 -6.087940482097869976e-02 2.232917344834331463e-01
-2.378186386592869017e-02 -3.161065279573204573e-02 -1.009345679844045190e-01 2.360275710051339126e-03 6.027861988873287058e-02
7.001133560434191772e-02 1.647210443575581607e-01 -1.098909925420425704e-01 -5.932041003865856643e-02 2.173938105065839621e-01
7.040496966828425907e-02 1.633779392979657075e-01 -1.159990053167220259e-01 -5.992159871432507778e-02 2.209911310473099411e-01
6.244438886320662074e-02 1.375622569778635340e-01 -1.160648342408842904e-01 -4.985711816234821014e-02 1.915263154943573076e-01
6.213394532794237757e-02 1.478858261501468097e-01 -1.159094449229949586e-01 -5.476607997572070785e-02 2.091617290432115639e-01
-9.339763293811607914e-02 -1.725260373392582813e-01 -1.004966084739481597e-01 5.719271714436702236e-02 -5.874600642000439576e-02
1.248269150314308962e-01 2.277058933114801120e-01 -3.100297475936960451e-02 -4.198034050991636401e-02 9.359448198620554105e-02
7.494265356184308391e-02 1.671333652641204259e-01 -1.159990053167220259e-01 -6.151004063166017055e-02 2.261081902231683594e-01
7.796998830618707965e-02 1.574666855780561814e-01 -1.158329017131184135e-01 -5.871851652016411849e-02 2.234845044185342355e-01
7.603302835378478175e-02 1.696788198095749711e-01 -1.159990053167220259e-01 -6.238440509509406151e-02 2.280985471059068515e-01
4.383530300553878378e-02 1.104544042451574559e-01 -1.128956531510235395e-01 -4.130148230997253422e-02 1.755291978590988733e-01
1.833486677129163023e-01 2.217574679718171127e-01 -6.688534821199590419e-02 -3.406067224487750733e-02 1.522889017814003237e-02
6.116953187945005366e-02 1.581018564694728623e-01 -9.837918602887338326e-03 -4.377644820598865227e-02 1.490421856045217874e-01
5.852027253048958100e-02 1.411866661989190364e-01 -1.155575655982397781e-01 -5.231987510711995359e-02 2.028333241850621138e-01
6.113048939223884870e-02 1.463925001604445275e-01 -1.158755485265985652e-01 -5.402179542163844383e-02 2.067938198099019131e-01
-9.493746338885165892e-02 -1.552698731107310937e-01 4.967294795806759256e-02 7.188426381625311057e-02 -1.431897538395606184e-01
6.320782595898463696e-02 1.556550064721815563e-01 -1.156052782563282977e-01 -5.723778086267614085e-02 2.133122665157425601e-01
6.038056093345589570e-02 1.482832693948067659e-01 -1.159672916458646258e-01 -5.458567066253265654e-02 2.072890419209559576e-01
4.705075015129531191e-02 7.996157711458951045e-02 -1.161180852966582772e-01 -5.114248803333797111e-02 1.502263022662057579e-01
6.701999287132145988e-02 1.571187321365730416e-01 -1.140755485265985691e-01 -5.740539558338531023e-02 2.144976734552202224e-01
6.924688131653483625e-02 1.618285535651445006e-01 -1.140755485265985691e-01 -5.904243752563383130e-02 2.183132513087214788e-01
4.926290896324585222e-02 1.253037202868419187e-01 -1.045853312547819214e-01 -4.581834165228508560e-02 1.817296599065325868e-01
-1.259605353529953120e-01 -2.369761749673458262e-01 -1.109229198379399484e-01 7.786064379175584860e-02 -1.063580700616056501e-01
-1.052434863868065701e-01 -1.885599887692136212e-01 -1.052281644573968555e-01 6.160438512898301633e-02 -7.226635797915267889e-02
1.256692587213970314e-01 -1.499013299084188400e-03 -1.152245679072961410e-01 -2.212521742961503224e-01 -1.779931332768963648e-01
6.552285685664695214e-02 1.541719123547241888e-01 -1.158755485265985652e-01 -5.678788608191241705e-02 2.136431601253479529e-01
-1.148005168583838553e-01 -2.137735992549495423e-01 -1.089964199546927665e-01 7.031596462053962826e-02 -8.833872285519515921e-02
-3.332965607802819419e-02 -4.636873158273096401e-02 -6.467255151485201692e-02 1.885937689534069456e-02 1.813925475731960682e-02
-1.139373989288392369e-01 -2.131625845087810056e-01 -1.095563617545205204e-01 7.001553399484142237e-02 -8.725312539611410068e-02
6.958213905310256520e-02 1.621500083142028426e-01 -1.158755485265985652e-01 -5.936701382773519609e-02 2.195367490081060191e-01
4.745227786334817177e-02 1.188285223129765811e-01 -1.131378698792551984e-01 -4.433822652046186252e-02 1.827853404682453220e-01
-9.015029480719799482e-02 -1.626035371796595574e-01 -1.079864083059462743e-01 5.236784093639945681e-02 -4.751544437525537928e-02
4.834351867082063020e-03 -4.848632115727984082e-02 -8.433078042379370254e-02 1.434304529721739697e-02 5.469806366032771427e-02
6.163157264771484956e-02 1.600337018439542403e-01 -7.582912346689915650e-02 -5.267183427719418498e-02 1.886073778846850402e-01
-1.147206724720780530e-01 -2.141229168637393543e-01 -1.092498301895008933e-01 6.995090233761454279e-02 -8.874884608811320352e-02
5.554859660481900607e-02 1.388898607070152835e-01 -1.159549136059636470e-01 -5.138515974419548271e-02 1.998982130599889218e-01
7.510086848461117182e-02 1.736095046390788710e-01 -1.158755485265985652e-01 -6.346360031365519405e-02 2.291446729110309666e-01
-2.863305373039156526e-02 -3.179147435974749580e-02 -1.048484387483797214e-01 6.181355189995703554e-03 5.774825030971795364e-02
-4.237889447982697011e-02 -9.129466437361064002e-02 -1.134238989752356652e-01 2.409014535299784654e-02 2.395885802873595760e-02
-2.168854848503269303e-02 -4.533631319498278300e-02 -1.077800216754748602e-01 1.038848842425815419e-02 5.551132818060412755e-02
8.122954036588948823e-02 1.545476344065128405e-01 5.533177194196502446e-01 -3.386171102461763005e-02 -2.384682619750514709e-01
3.009801199772441441e-02 7.958896222935030185e-02 -9.011950176548934321e-02 -2.813871564535920175e-02 1.369407534201455279e-01
-5.839804796882200333e-02 -1.200931577934838262e-01 -1.168561618519809719e-01 2.775046142200388727e-02 -8.536209143232496507e-03
-9.257326909097499112e-02 -1.689722124210407961e-01 -9.783179446272245727e-02 5.626787712931931307e-02 -5.832349792807892119e-02
-1.203100044391260670e-01 -2.237009382317114992e-01 -1.134439629292162688e-01 7.363880240231100716e-02 -9.406444323864526780e-02
-1.209136243064281163e-01 -2.264685429001050410e-01 -1.101153393342722553e-01 7.432751879559101882e-02 -9.831096530458213745e-02
6.929869207364522388e-02 1.564199786191992902e-01 -1.057287350464517217e-01 -5.646874415107093481e-02 2.112772243178168419e-01
-3.665510792673167678e-02 -5.094316780826060875e-02 -9.488251138099917936e-02 1.531608947969875789e-02 3.535251311699894733e-02
-3.645818052661148334e-02 -5.341506329677217502e-02 -1.106857573376846954e-01 1.517526872250425131e-02 4.009270636348364475e-02
-1.108159604287704270e-01 -2.051644112244217222e-01 -6.998483820150691592e-02 6.903077076013509894e-02 -1.028058523899525317e-01
-9.660875551603702316e-02 -1.930393481442854997e-01 -1.106460845110285030e-01 4.947152351703859585e-02 -8.769085137005713793e-02
3.568201041842586352e-02 1.068272788232922932e-01 -9.905294711889865711e-02 -3.815564621115252741e-02 1.612000682817353037e-01
6.503655394226631747e-02 1.556501541762756458e-01 -1.111937738315495333e-01 -5.669911787206416420e-02 2.115947299974741402e-01
-1.053760871172942093e-01 -1.937583198572074561e-01 -1.112804555590445471e-01 6.301215870590622103e-02 -7.066670816263449784e-02
-1.131027694283999463e-01 -2.217184496900076462e-01 -1.007029292336049375e-01 6.502379769554035571e-02 -1.053078837730209300e-01
-8.957812149728247575e-02 -1.861264477327505829e-01 -4.612702895669665293e-02 5.602102872572463366e-02 -1.184169858598217301e-01
-1.162778450005728659e-01 -2.164154713323054591e-01 -1.104431452723858287e-01 7.099261102632697940e-02 -8.982494204412093397e-02
-1.038694056069996291e-01 -1.967403274072094810e-01 -1.111148484608625725e-01 6.354035404082433725e-02 -7.217124754942194631e-02
-1.126994616154165796e-01 -2.075075683206646093e-01 -1.107727786849264651e-01 6.756283523359538079e-02 -8.317063397012472437e-02
7.204853451914142171e-02 1.666183590635412770e-01 -1.158755485265985652e-01 -6.113250091116301244e-02 2.240160303978489253e-01
3.128038263261222196e-02 8.305714441297448736e-02 -1.012096025187826098e-01 -3.015085096033045739e-02 1.474723265784044224e-01
-1.061198272842340945e-01 -1.997314771121855292e-01 -9.974789263272704209e-02 5.569197644136378300e-02 -7.833793720355319845e-02
-9.085338649981677950e-02 -1.755636284678115944e-01 -1.127386877680561228e-01 3.699800763383119528e-02 -3.700922452317600975e-02
7.688664022500520112e-02 1.773198969721127005e-01 -9.516126281231282458e-02 -6.040295222926934937e-02 2.148974542356381079e-01
1.156637279111046024e-01 2.061151596843048828e-01 2.847017627481158719e-01 -7.595857021290747940e-03 -3.365585679644715611e-02
-1.185321032469080493e-01 -2.221496747723744891e-01 -1.114758153934254925e-01 7.261433943725656426e-02 -9.375861165713325618e-02
7.259305158548862158e-02 1.681415931860707202e-01 -1.158755485265985652e-01 -6.156778440802342101e-02 2.247621365240525804e-01
-1.128566929974787469e-01 -2.090717356285086426e-01 -9.745897825027666217e-02 7.027558049273137375e-02 -9.173031822260491186e-02
6.996448378819276892e-02 1.652346007346975620e-01 -1.158755485265985652e-01 -6.052193958076482194e-02 2.218871692181248467e-01
-1.148744277237683381e-01 -2.132754670287733412e-01 -1.091802020862563255e-01 6.997857883921310140e-02 -8.834636873507356603e-02
3.593369588773244472e-02 9.200764242844419738e-02 -1.158970213755943501e-01 -3.543268214543106309e-02 1.641137351488056451e-01
-5.982152786179933956e-02 -9.744713982549516040e-02 -1.073684206436318622e-01 2.575374899005997142e-02 3.263496785458378305e-03
-1.190535797181740685e-01 -2.200523545032040673e-01 -1.001941837623728376e-01 7.367552566969898242e-02 -9.980552244747760426e-02
-1.166404112793211212e-01 -2.186130156282592718e-01 -1.002953034471328053e-01 7.304417944044606925e-02 -9.737591839755649348e-02
-1.136663634708863363e-01 -2.091929046386474533e-01 -1.102521854696957015e-01 6.844754846298604922e-02 -8.445581140936282705e-02
-1.226940857700099391e-01 -2.294703389806226346e-01 -1.106312021716812782e-01 7.531726197524840627e-02 -1.005327979101933167e-01
-1.145028485005643026e-01 -2.251088959211727247e-01 -1.112383677825159317e-01 6.533510331717261310e-02 -1.067531749759728227e-01
-2.295907264607142256e-02 -1.989117314569424644e-02 -9.661443115754683730e-02 3.854740006366916272e-03 6.003400668790617734e-02
-6.834210388823834526e-02 -1.134752248783842676e-01 -9.189838776781052154e-02 4.166094220422103533e-02 -2.946064191089332873e-02
-1.254252461466945079e-01 -2.357374063370295536e-01 -1.106903616984050570e-01 7.754234843905830066e-02 -1.055160775612638269e-01
-1.081797481447384357e-01 -1.985341699585715103e-01 -1.106971549091249063e-01 6.467403468782136067e-02 -7.697720967507595824e-02
-9.443688583860196384e-02 -1.751150967795093716e-01 -7.791419429069143532e-02 5.568447172190861549e-02 -7.579668827497790251e-02
-1.128305203888375768e-01 -2.080431756194889292e-01 -1.048681715282356597e-01 6.851953302391890210e-02 -8.803263084559798113e-02
1.557940938687837548e-02 6.708175144839734205e-04 -9.484519465241326996e-02 -8.993063359476315133e-02 1.559252619908269299e-01
-1.186682326491830808e-01 -2.221640568375436442e-01 -1.081706712723817382e-01 7.260583427922320809e-02 -9.646094889692437280e-02
-1.140262723400976147e-01 -2.215956619689742613e-01 -1.106533635943898891e-01 6.812334265903978447e-02 -9.828807981044897224e-02
5.088391476762331445e-02 1.245001890407319012e-01 -1.150755485265985700e-01 -4.640621703501170148e-02 1.891551907429416257e-01
3.726877324095559385e-02 9.998664220069858333e-02 -1.101937738315495324e-01 -3.723485908378824927e-02 1.655172590614171213e-01
-1.263624666433675603e-01 -2.374477253087069750e-01 -1.088721798802232410e-01 7.839087014962331512e-02 -1.081052367997217961e-01
-1.128755277991682904e-01 -2.139285067261213202e-01 -9.548845316987343568e-02 7.200245847229422291e-02 -9.568825278542081314e-02
1.724328298831858189e-02 5.627720039042369282e-02 -1.097677311386427573e-01 -2.288551711518875889e-02 1.289237265651090036e-01
-1.181534306874828105e-01 -2.192312143833509419e-01 -1.074141647927930876e-01 7.229766564038271615e-02 -9.433965514645628603e-02
-1.225050547382414839e-01 -2.290426692430741207e-01 -1.103085356394861438e-01 7.506643414098118638e-02 -1.008288553076395061e-01
-1.117468939883161233e-01 -2.077137746662444384e-01 -1.102100287533952644e-01 6.746967639436501907e-02 -8.317035027218239174e-02
-1.082246121867080357e-01 -2.051093360550110545e-01 -1.011007920354180523e-01 6.338465248396342455e-02 -9.130463107002764755e-02
-1.229644092799964394e-01 -2.304197055170294495e-01 -1.082869503421491769e-01 7.567399767752458484e-02 -1.030494669164046390e-01
-1.114720232078954959e-01 -2.073456501962466780e-01 -1.047526080476899879e-01 7.044125531735431767e-02 -9.021753814070340716e-02
-1.170687202648384717e-01 -2.170305162558363032e-01 -1.049799033448942098e-01 7.145329083555222727e-02 -9.457838644683455587e-02
-1.080427178173494623e-01 -2.121437740221521207e-01 -1.106115710624449022e-01 6.558404786738994408e-02 -9.910643694925297398e-02
-8.925073760645302334e-02 -1.723559025872049011e-01 -1.137874818397402177e-01 3.177974269083774089e-02 -3.008754740719794124e-02
-9.354915654532282299e-02 -1.820725451361157321e-01 -1.087846637991315424e-01 4.664077575048881930e-02 -5.015444296736792928e-02
-4.660044020538659654e-03 3.993669669631684516e-02 -1.071541038728480444e-01 -1.630108319562094052e-02 1.095565720123296422e-01
6.648059504074041448e-02 1.510584306024718715e-01 -1.152088818599319026e-01 -5.559630781320333559e-02 2.116964349280263946e-01
-9.753351699191849244e-02 -1.802214787394081086e-01 -1.116882140701225407e-01 5.765992863765036225e-02 -5.940263768193364269e-02
-1.160181078764505463e-01 -2.167971994491097454e-01 -1.118667434400426736e-01 7.029840839664797114e-02 -8.940220939701946923e-02
-1.055351955104873174e-01 -2.047108415370437473e-01 -1.089307171305573391e-01 5.651345848468086741e-02 -8.027290866844720429e-02
2.636718295499991885e-02 7.538033371950159101e-02 -1.101644841648335149e-01 -2.934131305505831636e-02 1.442584126666512367e-01
-1.147618808751830338e-01 -2.168306827345339582e-01 -8.119267776271327230e-02 7.482564587319250060e-02 -1.071551587541557937e-01
-1.371097811410068867e-01 -2.628325923219448912e-01 -1.182912015296797292e-01 8.716377254048332524e-02 -1.233158472743517559e-01
-7.519605201648053849e-02 -1.316533641618890527e-01 -1.151631503881361679e-01 4.192212263933278033e-02 -1.734844651824835743e-02
1.766115662405105813e-01 5.278866020904397771e-02 -1.155663932026634588e-01 -2.802421372742565087e-01 -1.868596292913339285e-01
-1.222794658314893396e-01 -2.289350909040393789e-01 -1.102565700821758476e-01 7.521867596717866922e-02 -1.002310317759936703e-01
-9.379028467978078876e-02 -1.733199136508899452e-01 -9.418028727946466117e-02 5.809384024654776213e-02 -6.536167937557982310e-02
-1.139380171927823621e-01 -2.124257295965350512e-01 -1.099714558241437767e-01 6.912890118679919371e-02 -8.721066872045409035e-02
5.960697496796264483e-01 -2.115271408999191416e-01 -6.546233477640540921e-02 -6.640169119413714682e-01 -2.200471890361110350e-01
9.793270727950463550e-04 2.092672305820324208e-03 -1.067494147226433626e-01 -1.150411032260377497e-02 9.576701529742828733e-02
-1.105510182344352638e-01 -2.049064223973443843e-01 -1.160304872439654467e-01 6.720585844592899538e-02 -7.624537111652524013e-02
7.401108339001769010e-02 1.613816869881753990e-01 -1.157287350464517584e-01 -5.973630823426510916e-02 2.230705186370146587e-01
-1.185016583574412391e-01 -2.159837805141923417e-01 -8.854104671597246012e-02 7.396613031534088334e-02 -1.042809029018225836e-01
-6.564786572180709989e-02 -1.118066043041171242e-01 -1.163677239871468011e-01 3.542860941863861662e-02 -4.080490082603081478e-03
-1.031004282502001740e-01 -1.917878466787138747e-01 -1.074145392766821527e-01 5.941463503952885972e-02 -6.821579779622014006e-02
-1.218284870732843084e-01 -2.276626961506275082e-01 -1.101922565697187051e-01 7.457212705226745619e-02 -9.974594196796306156e-02
-1.179484872246908678e-01 -2.256286065772015181e-01 -1.102586180988138209e-01 6.970304040670959045e-02 -1.030357816423091016e-01
-1.118580230577223278e-01 -2.021037014297451806e-01 -4.437453178819624616e-02 7.463932681521291690e-02 -1.209924143382611755e-01
-1.143927551443357504e-01 -2.244461207745833964e-01 -1.115462963690041776e-01 7.508443935665269631e-02 -1.033109094831008434e-01
-1.114053773116987223e-01 -2.238436212914053647e-01 -1.113044170923451759e-01 6.025726727202401767e-02 -1.117042737719847606e-01
-9.641199783864820572e-02 -1.763581044747809246e-01 -1.070223648612130957e-01 5.689912731977876670e-02 -5.868902753503937864e-02
-1.194320203523703550e-03 1.817217379475642713e-02 -1.084954666201438517e-01 -9.480255946559906777e-03 9.693986993901984595e-02
-1.233697203297009215e-01 -2.296345050088723361e-01 -1.002821551481065387e-01 7.693547489338523060e-02 -1.074223098980300189e-01
5.956342949426823852e-02 1.405195197564909626e-01 -1.145069877522273960e-01 -5.214532085788893545e-02 2.030711912265275032e-01
-1.168360548819022127e-01 -2.180572644892213308e-01 -1.102463223840202122e-01 7.120783911438186009e-02 -9.166392372327275551e-02
-1.132464945208667972e-02 -4.441095601759468409e-02 2.768816294288287128e-01 6.214878633384446349e-02 -1.721699172694120816e-01
-9.046560426453530146e-02 -2.128576057744479555e-01 -1.024414397622263051e-01 5.445720146051728772e-02 -1.179968479172685963e-01
-1.260680045816718053e-01 -2.369884278167185832e-01 -1.101527272898029097e-01 7.810961460389183320e-02 -1.067957635850449172e-01
-1.210098701002021160e-01 -2.318938754680842096e-01 -1.091393615959805191e-01 7.207163011551395715e-02 -1.088851194515088328e-01
-1.228218979514103526e-01 -2.340915793553539903e-01 -1.106903616984050570e-01 7.349237465633698396e-02 -1.056423786727496705e-01
-5.248190460189532114e-02 -8.811737132443450693e-02 -1.006243720942872760e-01 2.841014482937100419e-02 6.497533938475437768e-03
2.976997884572706379e-02 1.068344274450409026e-01 2.305499654028909662e-01 -3.283551959807028131e-03 -5.164991388224632329e-02
-1.241783452072359045e-01 -2.329674898222609258e-01 -1.106288021908811287e-01 7.654229776161991516e-02 -1.033088141733169846e-01
-1.213006181147255613e-01 -2.286457958930833145e-01 -1.007474812414487220e-01 7.630477209800196059e-02 -1.053918833231055202e-01
-1.222592652666326662e-01 -2.299498603978739897e-01 -1.099617875188968474e-01 7.553350900366452569e-02 -1.010398250227581701e-01
-1.234588123081181432e-01 -2.317075556316046392e-01 -1.104533635943898973e-01 7.595349483346400254e-02 -1.026043756300323434e-01
-1.253447635198509380e-01 -2.355251296701883212e-01 -1.103986440321464008e-01 7.747976239279570632e-02 -1.055126334407089778e-01
2.516398865076088440e-02 5.234174941206981568e-02 -9.067266028029628833e-02 -5.783414350311988361e-02 1.437847721280084423e-01
-1.127154118449187337e-01 -2.283356279704306935e-01 -1.136292361202486251e-01 6.524040478709026980e-02 -9.911848088457066164e-02
-1.015006622738073155e-01 -1.929915493754285338e-01 -4.683257381297913080e-02 7.123768951360362478e-02 -1.075228530526548959e-01
-1.141406636558866122e-01 -2.225420142959380621e-01 -1.010751362660658043e-01 6.566772014151844861e-02 -1.117775120997841626e-01
-1.214662484345869764e-01 -2.270812119785312611e-01 -1.104903871514124475e-01 7.456921904410888924e-02 -9.863322003978582109e-02
-1.203764444054814114e-01 -2.291605749133990844e-01 -1.008829766460350996e-01 7.652375064176830666e-02 -1.049677118470895287e-01
3.677281551907884971e-02 1.000705128717390702e-01 -3.307856098114389520e-02 -2.782748565706711155e-02 1.180717482016819947e-01
-1.202691654445766228e-01 -2.242257024355657213e-01 -1.004599937253979197e-01 7.501124176139493949e-02 -1.024677408824486713e-01
2.576220415538988881e-02 5.390511178895897315e-02 -6.139810241975911242e-02 -1.875107582988800453e-02 8.752810522967059692e-02
7.503955489571824400e-02 9.983332527452534744e-02 3.669723162193090360e-01 2.490051198801426086e-02 -1.043505459455353612e-01
-1.223740279849452883e-01 -2.285919000203217588e-01 -1.102396843685848615e-01 7.499572337979565351e-02 -1.004337804573782189e-01
1.689882161579778566e-02 4.832515955006574937e-02 -6.679305055416671910e-02 -1.434659438753325966e-02 9.837651870783351016e-02
-1.333447622235093832e-01 -2.550130611391743241e-01 -1.184798807749627564e-01 8.441883674020696227e-02 -1.168288845609384702e-01
-1.171351043726710367e-01 -2.180674917293720094e-01 -1.043886641503457696e-01 7.168420589952342881e-02 -9.435921376213160516e-02
-1.219637528263373266e-01 -2.287505595115198187e-01 -1.101051321603309929e-01 7.466734626725468615e-02 -1.007274079475864448e-01
1.839905666455320804e-03 2.494892578450025322e-02 -1.124919946681670613e-01 -1.187115506212644764e-02 1.067140126052645993e-01
-1.115335464379287461e-01 -2.130442956367580853e-01 -1.107703040946001194e-01 6.483680305079644879e-02 -9.273872890543309599e-02
-1.154107048672306929e-01 -2.156883371037695840e-01 -8.170753880494610599e-02 7.109067660146105305e-02 -1.036420065060813106e-01
-1.225774638444316472e-01 -2.280417197165074683e-01 -1.004533635943898884e-01 7.622315780355301551e-02 -1.061097259160870554e-01
-6.605053760656662276e-02 -1.745825889520635221e-01 -9.052379579063302151e-02 2.822762394104315689e-02 -9.932802770908577550e-02
-1.175245866989766408e-01 -2.209970725818151127e-01 -1.104001476432327766e-01 7.236938241648459280e-02 -9.375683967666580132e-02
-1.179193886921817563e-01 -2.186420184114303555e-01 -1.107946917123544955e-01 7.167976266012336672e-02 -9.186125927740967922e-02
-3.483653909872857363e-02 -8.001947985057511481e-02 -9.387662302958729721e-02 9.798876656330212168e-03 -1.761264544351669875e-02
-1.210098701002021160e-01 -2.318938754680842096e-01 -1.091393615959805191e-01 7.207163011551395715e-02 -1.088851194515088328e-01
-1.075701639037865837e-01 -2.138362964191818372e-01 -9.809500160186780671e-02 5.858045257643007542e-02 -1.123855047205352259e-01
-1.192759198457042230e-01 -2.236768496130944750e-01 -1.097851876367080259e-01 7.347410554784013226e-02 -9.591516149607880182e-02
-1.016742750597497552e-01 -2.090273201607883435e-01 -1.014998800543900626e-01 5.617266822566983897e-02 -1.043041048048619773e-01
-9.774219977024629913e-02 -1.776690264232617666e-01 -6.280139583848809437e-02 6.305740722243961816e-02 -8.645465346394605455e-02
-9.965481990774835430e-02 -1.825693695391475968e-01 -5.194993436104376056e-02 6.651149471547634917e-02 -9.716272734259581711e-02
-7.818100855334103594e-02 -1.620742050703612991e-01 -6.450241316344611231e-02 4.226612369027795552e-02 -7.333591649614761010e-02
-1.145818179171514128e-01 -2.143986445186417122e-01 -1.081046569307816951e-01 7.000175079590703620e-02 -8.982325299747044578e-02
-1.220736317550591976e-01 -2.283513583108365275e-01 -1.108859476100440555e-01 7.487662644925771604e-02 -9.950767956316255991e-02
5.893016885383363379e-02 1.402216631864319496e-01 -1.157094449229949668e-01 -5.196362661467184008e-02 2.024475016391071580e-01
5.893016885383363379e-02 1.402216631864319496e-01 -1.157094449229949668e-01 -5.196362661467184008e-02 2.024475016391071580e-01
-1.106552774595710859e-01 -2.047635802830727880e-01 -1.015022708831757187e-01 6.799111933439833111e-02 -8.754689006799082351e-02
-1.064775576394597356e-01 -2.013445459976818397e-01 -1.120788684409511349e-01 6.197361874620950506e-02 -7.250793228938152979e-02
-1.234979341859684110e-01 -2.309224622016508577e-01 -1.084756163374031163e-01 7.604968436732977011e-02 -1.034268591431755785e-01
-1.249652811714462991e-01 -2.348633006925567313e-01 -1.108392243607147776e-01 7.713733390688320979e-02 -1.046986572728356157e-01
-9.756655647759286676e-02 -1.837747291459136678e-01 -1.099520265479654590e-01 5.975730214930639883e-02 -6.285044583726794032e-02
-1.106826554113569533e-01 -2.049803103250042446e-01 -1.102470809747328473e-01 6.711175228184808328e-02 -8.096675698149838341e-02
-1.190197393506804008e-01 -2.209065295231514570e-01 -1.134439629292162688e-01 7.266903806482431782e-02 -9.181915975672039210e-02
-1.217000470722965355e-01 -2.283249513360843530e-01 -1.099888530905635542e-01 7.450280964811979711e-02 -1.003946120800009445e-01
-9.683400757913150636e-02 -2.061959609527029835e-01 -1.067985851592734986e-01 4.872773540238289902e-02 -9.691800693084462459e-02
-2.122309401276545326e-02 -2.143068288398961713e-02 -1.097030972388181036e-01 4.021754950126299466e-03 6.610364787152986366e-02
3.410116774186289224e-02 9.062229712348082722e-02 -1.141281911086689249e-01 -3.436938677295507671e-02 1.597358647809127841e-01
-1.050578386161871297e-01 -1.950963239558196338e-01 -1.077651129354728343e-01 6.350558944679152162e-02 -7.523153609411184495e-02
-1.223093809235530627e-01 -2.285618369250949911e-01 -1.120792474113626869e-01 7.475394578965549597e-02 -9.878207547612802286e-02
-1.218232819402539774e-01 -2.281094837354342986e-01 -1.103370845246224585e-01 7.466341079799848623e-02 -9.983015726438719539e-02
-1.200142333040916109e-01 -2.243317504138042928e-01 -1.101666916678549352e-01 7.342012034053113645e-02 -9.682857591171435685e-02
-5.030766193896864247e-02 -1.076268888464895906e-01 7.619967490110224340e-02 5.769577149948858230e-02 -1.062316107055164688e-01
-1.116194789905832763e-01 -2.067439621581815268e-01 -7.493670547161278284e-02 6.893389529964277784e-02 -1.008085679019738168e-01
2.792302531623263792e-02 8.444802975606055528e-02 -7.320835584785105599e-02 -2.673491426424768821e-02 1.278721234695240072e-01
-1.237326813856793190e-01 -2.321491068574102756e-01 -1.106312021716812782e-01 7.619561854814178858e-02 -1.026366490964773087e-01
-1.154316050364240925e-01 -2.069198478158372767e-01 -6.425857942656224009e-02 7.435324206537180514e-02 -1.125548635052433660e-01
7.949020457464565925e-02 1.711653111196828336e-01 -7.037243890068189955e-02 -6.616152484660786648e-02 1.953987503524285962e-01
-1.248511628019635944e-01 -2.310941833981347560e-01 -8.899999667941982384e-02 7.904921516641076618e-02 -1.161026518110119948e-01
5.255989486058608440e-02 1.376398539202672855e-01 -1.163463534665082622e-01 -5.105643607018241215e-02 1.983091336828014806e-01
-1.197245823703117912e-01 -2.271683191127625845e-01 -9.120041309775119009e-02 7.716953655323026406e-02 -1.093979105200167806e-01
3.172208124046261291e-01 1.425795929251669203e-01 -1.039339647027308355e-01 -4.614927925048445401e-03 -2.683756312315109804e-01
-7.434237470017247829e-02 -1.822805271355085743e-01 -9.053106824952247833e-02 2.233939078049323318e-02 -1.232257946679283650e-01
5.003916125151534888e-02 1.229157319898793177e-01 -1.159094449229949586e-01 -4.617248513295137136e-02 1.892077089430895254e-01
-8.445346260797316484e-02 -1.877033832969563498e-01 -1.120072488061921723e-01 4.274861631253226713e-02 -8.338455356417921738e-02
-1.257779223562698334e-01 -2.364991556442142817e-01 -1.103986440321464008e-01 7.781685187041760543e-02 -1.062852235599852091e-01
-4.571866813724248524e-02 -7.095148482007353208e-02 -1.072687179241917227e-01 2.158453899610318638e-02 2.418527572573399981e-02
1.487226576885033458e-01 2.400483251805880791e-02 -1.029195080873630402e-01 -2.473933273484409390e-01 -1.892223207746016600e-01
-5.341495693078315149e-02 -5.721144150601367023e-02 1.693104657980636918e-01 5.568575128504084371e-02 -1.451508808484851809e-01
6.890847631421123665e-02 1.623381284586719597e-01 -9.833745570326229979e-02 -5.539813282610571432e-02 2.037285047532251814e-01
6.881523294674339597e-02 1.592495658866935893e-01 -1.158329017131184135e-01 -5.876956121360848995e-02 2.188600742887267248e-01
-1.053735785637342423e-02 -1.064490924217997014e-01 -1.050812585053237380e-01 -3.468282119684178155e-02 -1.140144471820537936e-01
-4.712223830632104871e-02 -1.642024010706729653e-01 -1.083290871241691100e-01 6.559673009123613563e-02 -1.270693868937382009e-01
-1.251911489425751034e-01 -2.351172516689317149e-01 -1.100364482200354710e-01 7.744595977596882563e-02 -1.053332084504162575e-01
6.945882760366828279e-02 1.602388800812709346e-01 -1.158329017131184135e-01 -5.911879132364185330e-02 2.197641695085680025e-01
-8.899148282026204948e-02 -1.707102083174026341e-01 -4.082144570393753807e-02 6.377494080677739707e-02 -9.158087933958573845e-02
8.716434690995497614e-02 1.537564240055075693e-01 -3.344118011178402045e-02 -7.148551224461047182e-02 1.376442975599438401e-01
6.554246392948183397e-02 1.578640807703478033e-01 -1.158755485265985652e-01 -5.556697686192092756e-02 2.084266031658106311e-01
7.214694635203132422e-02 1.686894139177663454e-01 -1.158755485265985652e-01 -6.161350115413304074e-02 2.245248104115974697e-01
7.694149487214073380e-02 1.377621411369717441e-01 -1.159981370491870861e-01 -7.535967450548622382e-02 1.907262750138831453e-01
6.996448378819276892e-02 1.652346007346975620e-01 -1.158755485265985652e-01 -6.052193958076482194e-02 2.218871692181248467e-01
-7.653531477169588093e-02 -1.340947593189522336e-01 -7.359037601810081153e-02 4.932718139470947116e-02 -5.151718550069404878e-02
-1.067012864717088727e-01 -1.975667512006600846e-01 -1.132761673536771679e-01 6.386969669849038023e-02 -7.236375308527237538e-02
-1.109167407344074791e-01 -2.149189124817277030e-01 -1.067486239067361176e-01 7.058483670460816151e-02 -8.810032142502066677e-02
7.152574725100351027e-02 1.578314329494598933e-01 -1.146251211761712130e-01 -5.800977708213328476e-02 2.180548427365770758e-01
6.432336930993633184e-02 1.526116104724875022e-01 -1.157094449229949668e-01 -5.624639156460276013e-02 2.122056860512950005e-01
6.768996981743209684e-02 1.595269717256844466e-01 -1.157094449229949668e-01 -5.865666689573498238e-02 2.178676417676099208e-01
4.470618451848992758e-02 1.126080700991466121e-01 -1.118904716208481281e-01 -4.200143811314201170e-02 1.765219274559363671e-01
7.238772801457529771e-02 1.691317280474984863e-01 -1.158755485265985652e-01 -6.196644135751039340e-02 2.255451749776168635e-01
2.370857387266018731e-02 5.581550379656312344e-02 -9.280940825314153153e-02 -2.019864371442386605e-02 1.246865947950338283e-01
7.020852752196429791e-02 1.605247206235570767e-01 -1.419808748065576331e-02 -5.449645011418746687e-02 1.415729012386100216e-01
-1.228357754138175717e-01 -2.294881255892572691e-01 -1.110377499361047404e-01 7.542380694935109375e-02 -1.003172593064903806e-01
7.370566094779092137e-02 1.711243716187345609e-01 -1.158755485265985652e-01 -6.258879758733409959e-02 2.269993060820518216e-01
6.934434291867334899e-02 1.606934255358164476e-01 -1.158329017131184135e-01 -5.926319034375768235e-02 2.199372212201484988e-01
7.118627983114281244e-02 1.633513944463097223e-01 -1.157287350464517584e-01 -6.014140426574692000e-02 2.220678443460749329e-01
1.608521854543800908e-02 5.457191601212749155e-02 -1.137781542048648953e-01 -2.206711212734102298e-02 1.302122960644224448e-01
-9.460547100390633013e-03 2.428052631604643574e-03 -1.010956687000315601e-01 -5.135461529433189148e-03 8.434252207336979945e-02
5.740911622445706020e-02 1.384722465528397395e-01 -1.150553301504780024e-01 -5.121069978807391010e-02 2.000450093493490178e-01
1.632351430766796341e-01 3.166696021022284702e-02 -1.152786782781887315e-01 -2.664153796251154671e-01 -1.956577310687827587e-01
-1.053285272276705958e-01 -1.988762546191038538e-01 -6.958924645255903929e-02 7.009120194292314809e-02 -9.906621031664487875e-02
-1.267155112351401602e-01 -2.385318150455896791e-01 -1.106903616984050570e-01 7.851211277654497611e-02 -1.077613610431886887e-01
-7.862867892031361050e-02 -1.887225235076902541e-01 -9.532210781463244798e-02 2.386885311571670248e-02 -1.263950526775285688e-01
6.815419783279652588e-02 1.611876926414286260e-01 -1.048755485265985415e-01 -5.761346313652528084e-02 2.117789305505588249e-01
2.957572481225794955e-02 5.134398141454003806e-02 -1.068074129474164552e-01 -6.510993412580334816e-02 5.529616476546219545e-02
-1.098025699835514096e-01 -2.069083063065295658e-01 -9.687530811554392884e-02 6.951490207751238881e-02 -8.899101109402536569e-02
7.204853451914142171e-02 1.666183590635412770e-01 -1.158755485265985652e-01 -6.113250091116301244e-02 2.240160303978489253e-01
-1.214190368880986443e-01 -2.276852805579311911e-01 -1.111695680231060690e-01 7.456288014537620912e-02 -9.864091356548528033e-02
-1.231389300217616278e-01 -2.286983705846512283e-01 -1.006312744860243247e-01 7.654430886343575879e-02 -1.065525117953882855e-01
-1.209875519997815757e-01 -2.245818030583477953e-01 -1.114034011583735773e-01 7.364752323487130936e-02 -9.631540329812199319e-02
-1.215757026952370146e-01 -2.270726323148546388e-01 -1.106312021716812782e-01 7.421490598687652263e-02 -9.890706790634234968e-02
