-1.017104545146217676e-01 -1.947546563683131005e-01 -1.133207255615428510e-01 6.484226226513482849e-02 -7.876986798126338341e-02
-6.183896838559956033e-02 -1.095907819233356839e-01 -1.089774804872973013e-01 3.575745894364472377e-02 -1.244605081833583156e-02
1.657003629907249573e-02 5.843344796146182629e-02 -9.264115315201920664e-02 -2.090638729044992303e-02 1.202103844870069244e-01
4.831008337540670244e-03 4.353887897875943769e-02 -1.106721184067969987e-01 -1.735665944122544851e-02 1.143661044926123499e-01
3.981021097427542288e-02 3.127208153640978483e-02 3.923963811806299717e-01 5.153142993976041197e-02 -1.716987345075054738e-01
1.060275666538681161e-01 2.525243187918567167e-01 -5.646436687380169961e-02 -4.052076185986842882e-02 1.017402592256620442e-01
-2.307564349707596357e-02 -2.152277068110452357e-02 -1.105700775904704669e-01 4.977566428153489334e-03 6.457742375036699956e-02
-6.152454904185176293e-02 -1.007867824476854357e-01 -1.087852208372215579e-01 3.240882831441996986e-02 -2.809218497528092121e-03
6.935740304671085543e-02 1.719427629349614961e-01 -1.157823234595918849e-01 -6.241455480733038019e-02 2.232782844619795593e-01
6.857738794949248817e-02 1.686143030625916750e-01 -1.157823234595918849e-01 -6.157558558671402671e-02 2.221802474471420985e-01
7.318453582566041005e-02 1.781098039624312845e-01 -1.162498316409850546e-01 -6.484543080684987415e-02 2.299036117591193584e-01
7.433015256459361841e-02 1.784039216094901181e-01 -1.162498316409850546e-01 -6.506487112815378948e-02 2.307975367222359075e-01
-1.095050480431400963e-01 -2.027681532155659327e-01 -7.830549302759745589e-02 7.182890109837736237e-02 -9.995332159240474801e-02
-1.170755622087273490e-01 -2.210745526593448917e-01 -7.487803261207558181e-02 7.764687820131999096e-02 -1.136299214851195921e-01
-2.402328603354053627e-02 -2.284523343770171466e-02 -7.568448497716886991e-02 9.746287289578811630e-03 4.388990860366924485e-02
1.064602851500405511e-01 1.595036931761861509e-01 1.724273663493303133e-02 -8.991753660124693348e-02 1.227717478690850822e-01
7.225104917375479996e-02 1.714390022776641209e-01 -1.161049041047531732e-01 -6.271252207182992366e-02 2.259658556313434985e-01
4.956960813726336845e-02 1.373220960708615157e-01 -1.148767109275593556e-01 -4.995195710427449698e-02 1.901754124467583962e-01
-1.116389101855587151e-01 -2.213445935915150653e-01 -1.075453014462583456e-01 7.535529634521434539e-02 -1.047635293542017593e-01
6.606631436600897411e-02 1.602654463277511376e-01 -1.159121935894620037e-01 -5.885979006715544304e-02 2.166892934127487569e-01
-1.145188602296418334e-01 -2.129644183445877359e-01 -1.082999144356300569e-01 7.041487525429071526e-02 -8.786966357795429616e-02
9.948055450634783747e-04 -6.835208068127880676e-03 -1.146481494242989480e-01 -4.953091759426349328e-02 1.644360121717722972e-02
7.324166317890266897e-02 1.764651460992860688e-01 -1.160457500083319909e-01 -6.432032759887297557e-02 2.287236075438638661e-01
7.893854971281895339e-02 1.727636058027453847e-01 -1.030457500083319516e-01 -6.155452903333394343e-02 2.209275031865049477e-01
-1.269940338056756712e-01 -2.411988836744017595e-01 -1.008280635422217769e-01 8.113093504745351459e-02 -1.142587889357676717e-01
6.731601581000209999e-02 1.680816701107349376e-01 -1.153741601942857575e-01 -6.097215292572524814e-02 2.194960624145015915e-01
-1.278463085645857311e-01 -2.412566832003037176e-01 -1.108372128957983566e-01 7.961129038600213426e-02 -1.090758711370244244e-01
7.684574647740341491e-02 1.762655568296159492e-01 -1.163441712636265613e-01 -6.344043394175116757e-02 2.223365652384431956e-01
-6.490418951428789107e-02 -1.237493010868492976e-01 -8.400832881116694628e-02 4.552479178281045036e-02 -4.523643913268678152e-02
-5.193299406146210939e-02 -7.583563254478417615e-02 -1.002742677234996910e-01 2.459730594216447130e-02 1.410534061693210529e-02
-1.046144786267594606e-01 -1.995371707281095308e-01 -5.510844893464367927e-02 7.276071031615446993e-02 -1.068307132797482184e-01
5.592041303985653689e-02 1.432919967871281175e-01 -1.152320380624494711e-01 -5.236537901395155181e-02 1.992739911938093411e-01
6.053089702764419267e-02 1.526363893375027592e-01 -1.154361196951025209e-01 -5.587470090090242147e-02 2.082583398550295062e-01
6.658605454877376817e-02 1.659911677367648386e-01 -1.156967408394470459e-01 -5.997937921364111802e-02 2.170625255565150624e-01
7.087452068500371682e-02 1.736195426908264117e-01 -1.061049041047531782e-01 -6.201322068576727020e-02 2.202262506566537714e-01
-1.288111350379527731e-01 -2.433821673339822689e-01 -1.107561839890406213e-01 8.041561763023093168e-02 -1.107208156044961617e-01
-1.290000893208098631e-01 -2.435263679609414866e-01 -1.106872184717992424e-01 8.046282386771125283e-02 -1.109386255394942400e-01
5.640512990283422234e-02 1.140631923270261916e-01 -1.159402056442049578e-01 -5.246762424215553611e-02 1.776998620190284595e-01
7.578835885950233053e-02 1.635876855328470270e-01 -1.160457500083319909e-01 -6.973026580618665871e-02 2.162074585708199104e-01
-1.130101272716512867e-01 -2.070906106016018877e-01 -1.087262289999999937e-01 6.806076559376561530e-02 -8.373498675141867464e-02
6.697265121050685610e-02 1.667602698418075291e-01 -1.160292918121502981e-01 -6.089139630194764785e-02 2.203143367378294915e-01
-8.788324199400245063e-02 -1.564439786993566950e-01 -1.081814708233284350e-01 5.099228145207550245e-02 -4.381974766825944001e-02
-1.298119848136878862e-01 -2.455522300299070315e-01 -1.106872184717992424e-01 8.126897019212539486e-02 -1.123094106312891999e-01
2.126525259869154957e-02 7.178799281573017277e-02 -1.128425743410112481e-01 -2.868684394285749353e-02 1.419227421696370450e-01
-4.975558548112270912e-02 -7.615912483573800129e-02 -1.076083779056328238e-01 2.291852634934478730e-02 2.212488942152084428e-02
7.334715457226177737e-02 1.771035995482984904e-01 -1.161049041047531732e-01 -6.459551169228384959e-02 2.296002573535040059e-01
1.946348252285801106e-01 6.816749375552744183e-02 -9.583665106928732080e-02 -3.078469586962296820e-03 -1.839843989127080692e-01
-1.096286591451884757e-01 -2.101602138328463876e-01 -8.191096545083996483e-02 6.759942476224048424e-02 -1.052922928056521934e-01
-2.950340924294110601e-02 -3.485924424886825690e-02 -9.932929710710236559e-02 1.354690510375979560e-02 3.992144657856957352e-02
7.379103945272245946e-02 1.741275101468077180e-01 -1.141049041047531576e-01 -6.321104880728610487e-02 2.254927078980505650e-01
-1.059420445725426235e-01 -1.964417511378661885e-01 -1.098978136233961789e-01 6.472226398434537120e-02 -7.477384146449901625e-02
-1.298119848136878862e-01 -2.455522300299070315e-01 -1.106872184717992424e-01 8.126897019212539486e-02 -1.123094106312891999e-01
-1.149633532818583742e-01 -2.174934248917096413e-01 -7.173695180021960605e-02 7.673883937745755446e-02 -1.124935398133617009e-01
-1.101182243178812914e-01 -2.078901137933690801e-01 -1.105463563791631160e-01 6.702476491353477617e-02 -7.976547097933958663e-02
7.249058336793880175e-02 1.751109794326193569e-01 -1.160457500083319909e-01 -6.384379187316541193e-02 2.275598314660819688e-01
7.679613762964908330e-02 1.365721606672145594e-01 -7.841987235692465807e-02 -6.464187925079357966e-02 1.641378670094377490e-01
8.912908902292156210e-02 1.567783350875306680e-01 -4.916075970975689741e-02 -7.886098283373063622e-02 1.665146786430323211e-01
6.773167128770699041e-02 1.662852853838236722e-01 -1.156967408394470459e-01 -6.019881953494503335e-02 2.179564505196316115e-01
3.787499943509901879e-02 1.084030550251536829e-01 -8.225616472695169989e-02 -3.565236448742087338e-02 1.433404494553003616e-01
6.717360648095807574e-02 1.649369259180862024e-01 -1.156967408394470459e-01 -5.974518916776806743e-02 2.170186759606569649e-01
6.773167128770699041e-02 1.662852853838236722e-01 -1.156967408394470459e-01 -6.019881953494503335e-02 2.179564505196316115e-01
-6.789010578156898928e-03 5.486818004263052662e-03 -9.138659796692903681e-02 -6.324215149299535627e-03 7.753401572513878015e-02
7.172263357668152983e-02 1.678925927393208895e-01 -1.037823234595918465e-01 -5.969814217575661330e-02 2.146425783093804107e-01
6.931931327804122245e-02 1.700734020037811822e-01 -1.158416683756789273e-01 -6.191254023236186788e-02 2.224417689498472961e-01
4.939461039609667481e-02 1.267905185001342583e-01 -8.494128396256912794e-02 -4.168774283597671826e-02 1.606683221579161269e-01
6.862384927448031413e-02 1.668378328598925098e-01 -1.163797017708551873e-01 -6.115079229909960168e-02 2.217968609603627461e-01
9.188920647822418353e-02 1.957940738618112464e-01 -6.618962638623152039e-02 -5.007657734696323304e-02 1.543042539023365411e-01
7.028552936351932512e-02 1.504064730115695914e-01 -1.031756201382020843e-01 -5.390583165287334000e-02 2.040521909106810527e-01
7.587030713386577752e-02 1.755355005568585425e-01 -1.152498316409850537e-01 -6.409887205978347102e-02 2.297234169605836263e-01
7.057441141440053134e-02 1.742099383710334626e-01 -1.159272509958237662e-01 -6.340853628423304134e-02 2.260880550086182827e-01
5.173853597214214672e-02 1.320872882647913804e-01 -1.153619081923195899e-01 -4.833488321833320778e-02 1.901935215020298942e-01
1.592976274365968392e-01 1.908113389011033001e-01 -8.356481318779256096e-02 -3.570198897450861664e-02 4.303514004121694603e-02
6.877958275745069128e-02 1.648503573741575134e-01 -7.686236030138529629e-03 -5.567570168932078900e-02 1.489535803411525527e-01
6.457758403315137785e-02 1.588828640755135801e-01 -1.145782418269388203e-01 -5.804175151044514702e-02 2.137647865874845177e-01
-1.006146042903371812e-01 -1.647956677418707383e-01 2.954869946722464558e-02 7.285993769598533842e-02 -1.394341700363066761e-01
4.697382925200029036e-02 1.293442699742911040e-01 -9.575467250113570139e-02 -4.429427446565685489e-02 1.742232954726671279e-01
3.917080686623761188e-02 5.739602341092021887e-02 -9.453640667987323054e-02 -4.920612086266326624e-02 1.043867606764549011e-01
6.365067196558039930e-02 1.592569459009108013e-01 -1.158416683756789273e-01 -5.764801183243226101e-02 2.116773401977372349e-01
5.951178630279042869e-02 1.510435477605895915e-01 -1.157824967780457931e-01 -5.482275562830443705e-02 2.050060727483957179e-01
4.587182839170940440e-02 1.321382799141135045e-01 -1.151534882186807107e-01 -4.600454784397405017e-02 1.810774060155400655e-01
-1.297395076980396023e-01 -2.454161208033127650e-01 -1.114339717185524881e-01 8.112009869465230949e-02 -1.117354826252744820e-01
-9.545951577086328466e-02 -1.658322421141466274e-01 -1.090857441769274433e-01 5.369678462837258748e-02 -5.110094523656057153e-02
1.967801174789262086e-01 6.515663920886599625e-02 -1.156380250011896094e-01 -3.060692671749139504e-01 -2.029804689531745365e-01
6.560307800647881271e-02 1.638944761965546171e-01 -1.157231693631707026e-01 -5.958986133911972627e-02 2.164707554597559702e-01
-1.173611153912085536e-01 -2.216672964128363899e-01 -1.045196224103966537e-01 7.425047291554599804e-02 -9.951879803872187846e-02
-7.489103031203932226e-02 -1.324065390278035825e-01 -9.070951042453935520e-02 4.554134024913418510e-02 -3.717127315362846879e-02
-1.038058219670219412e-01 -1.918300284753659823e-01 -1.115755344130887061e-01 6.276997905200723538e-02 -6.906630302625872686e-02
-1.007497224926731383e-01 -1.819375412680497572e-01 -9.981118944956400563e-02 6.115627158913174155e-02 -7.012163741673489714e-02
6.538500046701148372e-02 1.636975901733257743e-01 -1.158266109693171786e-01 -5.923416476746853898e-02 2.155496359242674853e-01
4.233523317069730341e-02 1.150630836172464033e-01 -1.149299323617732765e-01 -4.294777249563681842e-02 1.783197687367588102e-01
-9.233289607748314254e-02 -1.653315111964488437e-01 -1.085342303644730583e-01 5.401801817323098609e-02 -4.911728336265974715e-02
5.585145080363510678e-03 -4.982670288706986944e-02 -1.121825920083288075e-01 8.867575027436170459e-03 7.270390425743672447e-02
-1.139498771610073791e-01 -2.141424966521785767e-01 -1.094634074748786906e-01 7.059643555761672962e-02 -8.703861647313043681e-02
4.436074817221657973e-02 1.305367591347703637e-01 -7.758296763674117635e-02 -4.214194452179916006e-02 1.569055719675871430e-01
7.067361146619459411e-02 1.733653398948223900e-01 -1.157823234595918849e-01 -6.320782594920865138e-02 2.258317764986171317e-01
1.012483311701569896e-02 5.064635724688518192e-02 -1.026190354985316300e-01 -3.121152962217691937e-02 1.299444845179730523e-01
-6.092912560552435353e-02 -1.342590629545987180e-01 -1.126271999329562373e-01 3.974358136833519572e-02 -9.805483870358540702e-03
-2.628209755157130678e-02 -4.870286519472936948e-02 -1.000427806896403010e-01 1.249519009767694963e-02 4.630979330454292747e-02
1.480823118408869654e-01 1.245002325790794673e-01 4.734574345700788278e-01 -1.096519007847460980e-01 -2.408322641277935994e-01
4.405351750443582681e-02 1.143180858818221568e-01 -1.141151183856251444e-01 -4.302250952943560691e-02 1.784396465780413721e-01
-6.975487265983087992e-02 -1.211199159059210134e-01 -1.157157341020807473e-01 3.871932230588732982e-02 -1.257927698879422566e-02
-8.370276833708298336e-02 -1.519542977686842433e-01 -9.966891728210312829e-02 5.092984837124985009e-02 -4.559438033523473960e-02
-1.149936927521744839e-01 -2.150980694439171004e-01 -1.143589792123349824e-01 7.092372404642138806e-02 -8.743917336904204196e-02
-1.298119848136878862e-01 -2.455522300299070315e-01 -1.106872184717992424e-01 8.126897019212539486e-02 -1.123094106312891999e-01
7.654869307447111082e-02 1.707556235820975876e-01 -9.380090750611368156e-02 -5.797712939812570132e-02 2.022072428888837536e-01
-2.647616204554958247e-03 1.989038006832377636e-02 -1.017184520960171951e-01 -1.036155598083914053e-02 9.595735459323047334e-02
-3.366956860990799605e-02 -4.433780284980349401e-02 -1.113365313566834630e-01 1.237547632761768629e-02 4.693555810117967797e-02
-1.071434057549912749e-01 -1.998177697666299601e-01 -6.538459173351005016e-02 6.712135439830937966e-02 -1.002944693718353514e-01
-1.171219022504682711e-01 -2.301814832028056812e-01 -1.112678314337994384e-01 6.688775636457727769e-02 -1.108883988664509657e-01
5.252743654722841216e-02 1.412044910405403364e-01 -1.054875725978386414e-01 -4.996014993938943660e-02 1.897708157647093885e-01
7.217673187685380576e-02 1.568273835210321765e-01 -1.012019914833938994e-01 -6.543942623738181752e-02 2.020031472118846705e-01
-1.191915802538801583e-01 -2.253795423838288459e-01 -1.077489918948656145e-01 7.455516139074445936e-02 -9.749741311356781293e-02
-1.016312968548075818e-01 -2.102827273719432843e-01 -1.009774236464318492e-01 5.335018105745714667e-02 -1.046545747348152922e-01
2.342493031673352835e-02 7.216077813867965984e-02 -1.087318850290636130e-01 -1.775638733726451340e-02 9.656610277640990947e-02
-1.214713785652483530e-01 -2.311455307706429541e-01 -1.077803739387702686e-01 7.699445074001121103e-02 -1.045760295602043838e-01
-1.160365106725722573e-01 -2.184418635173349388e-01 -1.107702987817699991e-01 7.192074525810288055e-02 -8.975329950111703148e-02
-1.127971241899748400e-01 -2.108060891676343807e-01 -1.117416186373180464e-01 6.917894483501654812e-02 -8.314236342760318588e-02
7.189451649029768299e-02 1.757780360279848075e-01 -1.160457500083319909e-01 -6.396289061387371022e-02 2.275013704628458533e-01
2.297927986625044813e-02 4.333101294370096668e-02 -1.027295524256438830e-01 -2.441302266506596361e-02 9.454166114391054920e-02
-1.028676100333264093e-01 -2.017998754501726111e-01 -8.910561930026825173e-02 5.694670979566285318e-02 -9.213441673611183491e-02
-1.129441646427159912e-01 -2.159791430992928640e-01 -1.128464310240517299e-01 5.953513828092746318e-02 -7.649641705677269476e-02
1.036590513436912997e-01 1.912723937370646166e-01 2.636698875919619711e-01 -1.451170881562650547e-02 2.463116040150479732e-03
-1.207696214093576942e-01 -2.285592937105442868e-01 -1.105917273531985684e-01 7.551461586274105242e-02 -9.852058923330524187e-02
7.331661381255155652e-02 1.725958019006997024e-01 -1.159272509958237662e-01 -6.309653159967167080e-02 2.269405790386603006e-01
-1.230645939824367568e-01 -2.313495212592818207e-01 -1.107429987031146174e-01 7.661929982299933717e-02 -1.020335911288846875e-01
6.755415472906609042e-02 1.662307830210446591e-01 -1.157823234595918849e-01 -6.055293363748739943e-02 2.193487403268544744e-01
-1.141523844111209385e-01 -2.141079653836269192e-01 -8.780788271999104277e-02 7.388678951637386860e-02 -1.034186143431880117e-01
-5.602743188186710965e-02 -8.731831487059715791e-02 -1.046584134355367096e-01 2.403820300705019133e-02 9.968099231548149808e-03
-1.276745687433724907e-01 -2.408133195022872097e-01 -1.108228132194999660e-01 7.946025008704307724e-02 -1.087426859390013267e-01
-1.185483014028274051e-01 -2.195050700881249484e-01 -1.013526394479532661e-01 7.382017877314522858e-02 -9.773788324808085903e-02
-1.140050818722673776e-01 -2.081569203867638662e-01 -1.102526046691837125e-01 6.830532042026640771e-02 -8.371363823291709527e-02
-1.290000893208098631e-01 -2.435263679609414866e-01 -1.106872184717992424e-01 8.046282386771125283e-02 -1.109386255394942400e-01
-9.075449751931743969e-02 -1.994238589982397780e-01 -9.568038595005977365e-02 4.154746790273454449e-02 -1.175535646697076636e-01
-2.569733131742375429e-02 -1.737220781428206601e-02 -9.051973980988956003e-02 5.563702911753801161e-03 5.522389638768852860e-02
-1.017865578158374668e-01 -1.815027430137315934e-01 -1.118814011047127299e-01 6.081671037959958392e-02 -6.504324477216905098e-02
-1.273313453405240103e-01 -2.402129778536802596e-01 -1.105167576051448580e-01 7.935176104504954031e-02 -1.084647842265302475e-01
5.928443251702790462e-02 1.480267007791324918e-01 -1.149754150880564485e-01 -5.451923479154018037e-02 2.045816841436134681e-01
-1.041075552082061095e-01 -1.951604943971708694e-01 -1.049622477084569822e-01 6.665998388751152859e-02 -8.623491234010483009e-02
-1.305443330199212160e-01 -2.469901670928441317e-01 -1.113253303599111288e-01 8.168470013908588068e-02 -1.131138900011545573e-01
1.228466115669238010e-02 -9.142195745074313540e-03 -1.126633028509416989e-01 -9.251260509914525920e-02 1.672036572679686528e-01
-1.238301594055013222e-01 -2.327318064636972328e-01 -1.064528756201038456e-01 7.747577220628934502e-02 -1.046579288699959753e-01
-1.214339697820807501e-01 -2.363621790094988517e-01 -1.107552456826836063e-01 7.784663780796409471e-02 -1.023889822159318175e-01
5.488759758518650667e-02 1.394914435376800044e-01 -1.150028632884266266e-01 -5.125360726566317859e-02 1.976801857529398299e-01
3.188253011747134436e-02 9.178506188756707651e-02 -1.064778413132370927e-01 -3.365628054155202220e-02 1.544275513962034829e-01
-1.301467986393538834e-01 -2.457423723344110689e-01 -1.083982574328382076e-01 8.165930225188373914e-02 -1.140314166341760832e-01
-1.167098820490719974e-01 -2.260933857441056183e-01 -1.108138259162488592e-01 7.429373211764557505e-02 -9.412221163437961557e-02
2.248499624091425744e-02 7.246640162751755154e-02 -1.132663467601170287e-01 -2.849919516324675092e-02 1.437526999016245366e-01
-1.286821223097796008e-01 -2.427550272327042846e-01 -1.108970086815894568e-01 8.027736394650045182e-02 -1.100285698406159168e-01
-1.210757214462678810e-01 -2.269733281068707365e-01 -9.982858459195687040e-02 7.638843121917049395e-02 -1.040836810341714130e-01
-1.127179052883433841e-01 -2.077839304219500915e-01 -1.042205386611067264e-01 6.939306915640165718e-02 -8.748793731374088223e-02
-1.283884225150875302e-01 -2.411474230582298095e-01 -1.046342009492493424e-01 8.061252032575169646e-02 -1.128997409561697668e-01
-1.219414169389684138e-01 -2.244072668145017380e-01 -1.183500106450926237e-01 7.373944956026144693e-02 -9.209809876483100732e-02
-1.070780410180547926e-01 -1.935483599930734322e-01 -1.144640457328119088e-01 6.357279729316694938e-02 -6.969806269571471313e-02
-1.164946071301969227e-01 -2.184667619712040987e-01 -1.036869762781595233e-01 7.273318339256293341e-02 -9.460671752091659448e-02
-1.103333346699766071e-01 -2.057615963434228645e-01 -1.089301705027229672e-01 6.295999227502685480e-02 -8.741482771003745988e-02
-9.553194538389167545e-02 -1.655469699947376694e-01 -7.351822829496919287e-02 5.911855153437839405e-02 -7.336600706146097217e-02
-1.011595033069318250e-01 -1.886937988520891174e-01 -1.141874650180734335e-01 4.843936409085480843e-02 -5.288511415687717487e-02
-9.551259835452756419e-02 -1.873220760545944996e-01 -1.025333555289954651e-01 5.082328424275572853e-02 -5.786718627563089412e-02
1.384515444273978421e-02 5.877361607358741469e-02 -1.055972181612599980e-01 -2.046025498981621574e-02 1.126842088404580583e-01
6.438673883613246773e-02 1.586811756514577565e-01 -1.056967408394470093e-01 -5.636010117183545831e-02 2.057728808927010711e-01
-9.244847798745432776e-02 -1.678722789562145934e-01 -1.051078571803402972e-01 5.448921701648468119e-02 -5.335990690296665839e-02
-1.284958349621383167e-01 -2.429993743467125100e-01 -1.118154680975367576e-01 7.982397939019425515e-02 -1.090172864152126331e-01
-1.205481805244802557e-01 -2.280264309552524626e-01 -1.109740724546352253e-01 7.260805324377669900e-02 -9.543835315695864407e-02
2.406526805461707205e-02 7.600740944911857366e-02 -1.122887392929715344e-01 -2.901048645120092237e-02 1.431794550740851935e-01
-1.223691437197113735e-01 -2.317719799251126145e-01 -9.262618884208828618e-02 7.878378051865224385e-02 -1.118044833521752296e-01
-1.340860011354318426e-01 -2.550354457903529215e-01 -1.084798807749627336e-01 8.573194384958893188e-02 -1.226960394878894162e-01
-1.108708077095983541e-01 -2.206011066614335658e-01 -1.021711576692477391e-01 6.173587618854886605e-02 -1.050936912061953138e-01
-6.378542813483614737e-02 -1.131863366562753659e-01 -1.159004195465064557e-01 3.703789676446592183e-02 -1.334309789883736212e-02
2.155704354352040442e-01 9.708615866752620671e-02 -1.160890549610830158e-01 -3.256834293952247661e-01 -1.884444578699475403e-01
-8.179007886081318679e-02 -1.526556040056979979e-01 -1.111919376566995327e-01 3.942312078395347752e-02 -2.655492761420743392e-02
-1.252182382168039454e-01 -2.354817340494686218e-01 -1.102701589656890913e-01 7.792248890337831468e-02 -1.046391991098385016e-01
-9.927355241167437616e-02 -1.836559094636432132e-01 -1.066555873226773532e-01 6.077936777356601761e-02 -6.792606899787463626e-02
-1.004588234043078537e-01 -1.837203258907050274e-01 -1.109950146781985558e-01 6.003431014475509031e-02 -6.220254989704777915e-02
5.860543571508526339e-01 -1.654307482293492504e-01 -1.735639532186841749e-02 -6.429535547922052841e-01 -2.102803783727547338e-01
2.051820490420837653e-02 3.133816627164195956e-02 -1.114464282410425888e-01 -1.840595183728338524e-02 1.224905609217652319e-01
-1.179487152741739570e-01 -2.141547779109582716e-01 -7.193172464916133824e-02 7.615538547688528725e-02 -1.139625843130724486e-01
-1.134449064799782636e-01 -2.070316254709426984e-01 -1.144640457328119088e-01 6.824439999880303753e-02 -8.049884715824338899e-02
-1.091633685806294995e-01 -2.003944328798925589e-01 -1.116167281009347451e-01 6.459052819931293543e-02 -7.464576743778772450e-02
-1.273815988906816243e-01 -2.399967716832493714e-01 -1.109789758947042071e-01 7.932946667805326757e-02 -1.077629127538198700e-01
-1.049616481472108037e-01 -2.228542954506868012e-01 -1.116059578109307032e-01 5.149818839649854263e-02 -1.202389493223170874e-01
-1.169274349626961140e-01 -2.251947387030454606e-01 -7.108070904486726849e-02 7.946547480782131800e-02 -1.179626985922896526e-01
-1.006612825672558997e-01 -1.940125273284505625e-01 -9.552536247792541013e-02 5.769290782481160951e-02 -9.414007916698725886e-02
-9.855620450004021205e-02 -2.150267333225839850e-01 -1.115280941004832410e-01 4.426918686855604856e-02 -1.197113729151351030e-01
-1.063447526440260832e-01 -1.958218791918977242e-01 -8.655655352134042357e-02 6.332968055950656538e-02 -9.465589919937800190e-02
-1.441977224186194451e-03 2.494787885754815027e-02 -1.116335286013018790e-01 -1.145701634999238272e-02 1.024250614392521602e-01
-1.294922402753816981e-01 -2.450976845753616018e-01 -1.106872184717992424e-01 8.110642220065296393e-02 -1.118788604094789613e-01
5.245411068467666083e-02 1.383892670243660195e-01 -1.154780342024785411e-01 -5.097960672160679885e-02 1.964339489441749576e-01
-1.215052314009643086e-01 -2.279590475617674084e-01 -1.114778241762575950e-01 7.511594386753467356e-02 -9.755714362959447272e-02
-6.718822481716041350e-03 -4.850329801192598822e-02 2.919166250257878570e-01 6.346328896658537388e-02 -1.783904340752981432e-01
-9.997235997746239944e-02 -1.745739184134583455e-01 -7.275061148495159946e-03 7.237567019926191558e-02 -1.275252567621142086e-01
-1.295911883030984868e-01 -2.449419882685041627e-01 -1.114339717185524881e-01 8.095879757366684915e-02 -1.113966288050635273e-01
-1.298119848136878862e-01 -2.455522300299070315e-01 -1.106872184717992424e-01 8.126897019212539486e-02 -1.123094106312891999e-01
-1.256392698362287508e-01 -2.425736283267408144e-01 -1.115909707597797229e-01 7.578509006481053134e-02 -1.147140317026204698e-01
-1.304269199655856970e-01 -2.467454118480888747e-01 -1.112554002899810712e-01 8.160903059946746085e-02 -1.129573332294485227e-01
-5.549477660395535361e-02 -8.725202364902491514e-02 -1.079471465968416810e-01 2.748634008616738372e-02 1.162890640775208519e-02
2.652463924473083892e-02 1.344854099679166637e-01 3.640282793392853877e-01 1.600761328869675787e-02 -1.148095220197081628e-01
-1.304269199655856970e-01 -2.467454118480888747e-01 -1.112554002899810712e-01 8.160903059946746085e-02 -1.129573332294485227e-01
-1.264131885468031680e-01 -2.400313528911727501e-01 -1.014027925802304803e-01 8.039681703662705792e-02 -1.133146469093754133e-01
-1.250456765514753876e-01 -2.368893131754321868e-01 -1.112974068088780355e-01 7.832876783778366936e-02 -1.050363814595571543e-01
-1.304269199655856970e-01 -2.467454118480888747e-01 -1.112554002899810712e-01 8.160903059946746085e-02 -1.129573332294485227e-01
-1.294922402753816981e-01 -2.450976845753616018e-01 -1.106872184717992424e-01 8.110642220065296393e-02 -1.118788604094789613e-01
1.445840723425715832e-02 6.391611580647703350e-02 -1.029131531455904497e-01 -3.725189058074593329e-02 1.408572676874828289e-01
-1.145789472163478429e-01 -2.220206466668007139e-01 -1.148130608449880463e-01 7.409857281742474044e-02 -9.911911149840026136e-02
-1.282660070212216785e-01 -2.437585707043774808e-01 -1.016488908630490823e-01 8.191198461962531652e-02 -1.158643980793769984e-01
-1.297629297121395409e-01 -2.450753298808757419e-01 -1.112554002899810712e-01 8.103455789755256711e-02 -1.116794927341826366e-01
-1.235072046748590946e-01 -2.379706983518188879e-01 -1.114748391584246268e-01 7.402732963080915773e-02 -1.114305925132042935e-01
4.486293786688387575e-02 1.066602278199835774e-01 -1.912167522942323505e-02 -3.772261398036039215e-02 1.106512529291256708e-01
-1.286803447825036473e-01 -2.430718225063960569e-01 -1.106872184717992424e-01 8.030027587623879415e-02 -1.105080753176840014e-01
1.185315551797404623e-02 4.074635590848571520e-02 -8.312372056180829250e-02 -1.312328654899625260e-02 9.452558263350202550e-02
5.333017915433475864e-02 7.153016470638381974e-02 2.560536261529973157e-01 2.142447160321878097e-02 -7.249409886571910044e-02
-1.261375642104830275e-01 -2.365751067221802673e-01 -1.111862943958751709e-01 7.799968250815682291e-02 -1.052527073580156181e-01
3.855574314217906362e-02 9.398225960938835777e-02 -9.208595343894462881e-02 -3.195843734810141501e-02 1.421643725805522562e-01
-1.326094555706072708e-01 -2.515851088932075097e-01 -1.077106500057319616e-01 8.464355505376397470e-02 -1.204689184987712408e-01
-1.204238427882667051e-01 -2.230166878412972731e-01 -1.109833317138944897e-01 7.342436074330591089e-02 -9.460535911291653721e-02
-1.225691029619468408e-01 -2.387304272489909895e-01 -1.118134962420050532e-01 7.964723763463543715e-02 -1.126073043082757713e-01
1.785029421830300680e-02 6.762638727246497727e-02 -1.056676673026576557e-01 -2.491333187859393408e-02 1.323812202088684442e-01
-1.193850087334061560e-01 -2.302568628617470137e-01 -9.090404746793309676e-02 7.598978229505405635e-02 -1.080435256615344952e-01
-1.291245725461418192e-01 -2.442229389851308941e-01 -1.108657899003706732e-01 8.078003828731025737e-02 -1.110875600271151870e-01
-5.436706172426841732e-02 -1.298971979405331711e-01 8.106918519132325085e-02 5.800142435224682480e-02 -1.371613978280600554e-01
-1.219133352892975142e-01 -2.339286597556177183e-01 -1.119453748683773980e-01 7.680403563622004159e-02 -1.009191913103331673e-01
-4.825002750377550137e-02 -9.614511346946186254e-02 -1.143863109026665020e-01 2.748793314120232673e-02 -1.372362372425101930e-02
-1.257344771951340867e-01 -2.427785463595277249e-01 -1.115909707597797229e-01 7.585618949648678666e-02 -1.148789989276750717e-01
-1.164757963433566273e-01 -2.216865361080763985e-01 -1.106061378016679198e-01 7.298279873531622608e-02 -9.182977415715590230e-02
-1.219945169755181358e-01 -2.298476640136204452e-01 -1.106592949207661353e-01 7.592267730665486214e-02 -9.939620563852215318e-02
-8.885952263721887123e-02 -1.879651016133607466e-01 -8.883020002155404826e-02 5.524284711096394407e-02 -9.416176516062638169e-02
-1.149518268609927008e-01 -2.206679516597007118e-01 -1.088608801570704054e-01 6.232431097566033806e-02 -8.378146581023851458e-02
-1.188259348970316653e-01 -2.258205225682456130e-01 -1.025554939583973313e-01 7.023648580487552862e-02 -9.668883497764287072e-02
-8.947405575159010638e-02 -1.698792752207932688e-01 -6.351762545644028257e-02 5.366273629099835296e-02 -7.115542749573543213e-02
-1.154331608849937102e-01 -2.241835133929274138e-01 -1.104562590974413894e-01 7.483156821301441275e-02 -1.016170878640340752e-01
-1.278463085645857311e-01 -2.412566832003037176e-01 -1.108372128957983566e-01 7.961129038600213426e-02 -1.090758711370244244e-01
5.322614450106587236e-02 1.360479012664641274e-01 -1.155040303241558902e-01 -4.996385087698274052e-02 1.936366089556180725e-01
5.322614450106587236e-02 1.360479012664641274e-01 -1.155040303241558902e-01 -4.996385087698274052e-02 1.936366089556180725e-01
-1.146359853067024093e-01 -2.148913176364884159e-01 -9.434927161074281587e-02 7.304871480438211717e-02 -9.754310469038701692e-02
-1.144140489196962679e-01 -2.122272418767802149e-01 -1.104133710005188174e-01 6.882637781848648106e-02 -8.474145079738279462e-02
-1.253708335060578216e-01 -2.353942658327913273e-01 -1.050415225011032544e-01 7.852679952594318613e-02 -1.077974445447764107e-01
-9.227133518535259038e-02 -2.000044341286763283e-01 -1.131366641050597643e-01 3.916236408908652100e-02 -1.067108044102598047e-01
-1.297895053988000480e-01 -2.459610589961571114e-01 -1.106894591888286927e-01 8.141805325666866266e-02 -1.125213900159735408e-01
-8.995988732593816761e-02 -1.621668126622297090e-01 -1.093416793278044336e-01 5.285689521793737744e-02 -4.589759701440057627e-02
-1.147274129944836768e-01 -2.122955068496741593e-01 -1.009113323448378868e-01 7.107165932527326202e-02 -9.264903131089827215e-02
-1.051891210097081197e-01 -1.961982246477299019e-01 -1.142672360930689357e-01 6.450650700144683336e-02 -7.305844171991690561e-02
-1.844197742881560631e-02 -9.584226313888014048e-03 -1.122882506568304850e-01 2.252025750993421477e-04 7.633977066798179612e-02
1.506465265451989097e-02 6.089322375127155518e-02 -1.124671762017553089e-01 -2.354983122653395503e-02 1.304718576854511369e-01
-4.465795177944478778e-02 -6.610735368832804104e-02 -1.038257993004550461e-01 2.122661850701260469e-02 2.601818018438671262e-02
-1.109437016966426381e-01 -2.110207936549646779e-01 -1.090115769462890738e-01 6.993706331965526823e-02 -8.822349671761936518e-02
-1.218484776109025475e-01 -2.312600943397199460e-01 -1.102470173175475188e-01 7.576345310601999283e-02 -9.963497563885190256e-02
-1.273425772547049917e-01 -2.409959576331495712e-01 -1.108657899003706732e-01 7.964677990008429964e-02 -1.083205815273435429e-01
-1.290000893208098631e-01 -2.435263679609414866e-01 -1.106872184717992424e-01 8.046282386771125283e-02 -1.109386255394942400e-01
-1.010894387093771857e-01 -1.830839410416564284e-01 -1.057455564529360681e-01 6.061784091105228145e-02 -6.625721472435834591e-02
-5.858083117882406654e-02 -1.253675433008660522e-01 4.691132146758245081e-02 6.038977357663170842e-02 -1.024211828978497107e-01
-1.156718150896933472e-01 -2.201140649946247418e-01 -9.874809102218791435e-02 6.766521940287807679e-02 -9.317294930082653526e-02
2.359387599714611247e-02 7.790865543585837050e-02 -1.121375280474678771e-01 -2.935568932894138880e-02 1.440193994260499100e-01
-1.294922402753816981e-01 -2.450976845753616018e-01 -1.106872184717992424e-01 8.110642220065296393e-02 -1.118788604094789613e-01
-1.256295410834929460e-01 -2.335530201446779086e-01 -9.796753428258268837e-02 7.900362275769731712e-02 -1.114392106516482323e-01
-2.048394390826272643e-02 -7.980981336366058110e-03 -7.096353845787883863e-02 3.806312044206089373e-03 5.157725854400192766e-02
-1.146344545882845567e-01 -2.234082294082696818e-01 -1.036828354207713354e-01 6.601918436516802935e-02 -1.097657241851939802e-01
-2.687955470730379187e-02 -1.216498543234107443e-01 -8.354414520682457157e-02 -2.642053568528622207e-02 -1.243283627058886925e-01
5.999919175551243766e-02 1.456276194451546768e-01 -1.148530394930408205e-01 -5.363563811267819947e-02 2.043763271686624972e-01
-3.871646027008552454e-02 -1.431236623896930960e-01 -1.139129463728521807e-01 -2.413369169731582539e-02 -1.149100361380157170e-01
-1.288270874453774917e-01 -2.435603932952131456e-01 -1.107552456826836063e-01 8.039663966297687370e-02 -1.109109780020102465e-01
-2.919056988562312299e-02 -3.254967965631307136e-02 -1.097201711046064676e-01 8.931062236380992933e-03 5.335522143113145127e-02
1.981279530963826196e-01 6.882096900540246587e-02 -1.164028277012897628e-01 -3.072865361267978490e-01 -1.998132648515014431e-01
-5.834018326507519475e-02 -6.121427848935517141e-02 1.391200157288631500e-01 5.280802757328442731e-02 -1.303525281186803941e-01
4.956960813726336845e-02 1.373220960708615157e-01 -1.148767109275593556e-01 -4.995195710427449698e-02 1.901754124467583962e-01
7.311371588233391006e-02 1.568304097974035638e-01 -1.106227689005377240e-01 -6.612708797081799650e-02 2.027548881836999384e-01
6.867429483118962785e-02 1.647971559523088436e-01 -1.162347742346233059e-01 -6.050072895118852045e-02 2.208358126355874917e-01
-1.806668166070862780e-02 7.635598056813094892e-02 4.629049278040037185e-01 5.026573934464632909e-02 -2.310614254811977075e-01
-8.042789908569436541e-02 -1.674450706190740989e-01 -8.683521609045503908e-02 6.151981888873558901e-02 -8.973659145296478123e-02
-1.241054680958042639e-01 -2.342514840603442949e-01 -1.125640374359997281e-01 7.653283724387417719e-02 -1.010642998850153212e-01
-1.281473202819136403e-01 -2.419699493824007952e-01 -1.113234275008654212e-01 7.977023125096462108e-02 -1.093166534187296479e-01
6.801757238465620803e-02 1.627939065849290379e-01 -1.163797017708551873e-01 -5.981919298879605218e-02 2.193111735428343034e-01
-1.020285307469177838e-01 -1.928612652561075003e-01 -7.182662981751022913e-02 6.837701486277494856e-02 -9.221404467535666838e-02
6.261259972699444176e-02 8.292739089444559064e-02 -2.145005382968423469e-02 -6.853922524502882585e-02 8.054824184644655827e-02
6.250963366284741085e-02 1.669574970715775597e-01 -2.304905186746869505e-02 -4.836379071929591822e-02 1.615405535692070738e-01
6.788384432887724362e-02 1.663869129948502279e-01 -1.156967408394470459e-01 -6.029059414579181209e-02 2.185439147110883051e-01
6.069596229668243470e-02 1.559835455317371833e-01 -1.161211691453644113e-01 -5.709217715633253809e-02 2.109408781742669048e-01
6.755415472906609042e-02 1.662307830210446591e-01 -1.157823234595918849e-01 -6.055293363748739943e-02 2.193487403268544744e-01
-7.465260703754528215e-02 -1.335520993744586105e-01 -9.581739575990362578e-02 4.655015027931162785e-02 -3.987797642488879329e-02
-8.750011158422714430e-02 -1.599594676412242067e-01 -1.115848245995109400e-01 4.891532569981961454e-02 -4.173156315049979942e-02
-1.153122853937230408e-01 -2.215326137023637398e-01 -1.112113499133680072e-01 7.285062104484460455e-02 -9.062219497024597004e-02
6.023476380791556450e-02 1.515112748025831957e-01 -1.047645298810562786e-01 -5.379229559581202857e-02 1.989364662951922380e-01
6.407473788373280188e-02 1.591122869963857434e-01 -1.158530394930408353e-01 -5.831648875713346669e-02 2.144044725123854245e-01
6.552716909995433270e-02 1.617824500699559243e-01 -1.162347742346233059e-01 -5.936076518701911831e-02 2.173558037201495097e-01
5.450597190088464494e-02 1.427621595190267934e-01 -1.148206358133550820e-01 -5.183929583006061104e-02 1.973142895788604634e-01
6.889744417616969208e-02 1.695551944873992523e-01 -1.162498316409850546e-01 -6.189138232434247822e-02 2.229856555666021589e-01
9.908595070147283024e-02 1.822127135858616631e-01 -5.016502206147459286e-02 -6.631928952267672484e-02 1.365405112589284931e-01
-1.294698526601962274e-01 -2.450734850316600988e-01 -1.107486307864618269e-01 8.112146981358221709e-02 -1.118371974087600113e-01
7.023623367070777612e-02 1.722886326891207853e-01 -1.155782418269388212e-01 -6.277410688488474499e-02 2.246014752491101441e-01
6.698412883561506714e-02 1.635342614313209930e-01 -1.163797017708551873e-01 -5.999989690083722127e-02 2.190749424988776284e-01
6.994995423856595340e-02 1.666628528579770507e-01 -1.151049041047531585e-01 -6.102205653972631039e-02 2.219058271392854165e-01
4.603703032306411674e-03 3.900399192696574202e-02 -1.153856952309632450e-01 -1.673065256225818309e-02 1.166294509865886259e-01
-2.880396861781243933e-03 2.195193190582701848e-02 -1.005788082105796288e-01 -1.247619634478079262e-02 9.742639308050952962e-02
8.413312439852616009e-02 1.565459266704630203e-01 -1.063583803400136446e-01 -7.486813734114022845e-02 1.935903119040841280e-01
-9.244990367464740733e-02 -1.726731961026952977e-01 -1.109170672851779171e-01 5.620155499528485532e-02 -5.223300799111825488e-02
4.532961502654547781e-02 1.228751508586486130e-01 -1.047246218550157287e-01 -4.365038481653468749e-02 1.734587356142354986e-01
1.725205393991996183e-01 4.651750683250492624e-02 -8.574014925979946133e-02 -2.657013504642968815e-01 -1.929318450635992277e-01
-1.177239716488854143e-01 -2.265913126990275472e-01 -9.404691164600853526e-02 7.087258470898068208e-02 -1.006037572057982554e-01
-1.141766450204207417e-01 -2.148949399187589926e-01 -8.061562811279221474e-02 7.481433095843713355e-02 -1.048605686651995494e-01
-1.304269199655856970e-01 -2.467454118480888747e-01 -1.112554002899810712e-01 8.160903059946746085e-02 -1.129573332294485227e-01
-1.298119848136878862e-01 -2.455522300299070315e-01 -1.106872184717992424e-01 8.126897019212539486e-02 -1.123094106312891999e-01
6.678869523847526246e-02 1.666224728616470252e-01 -1.162069449210796912e-01 -6.085512156205519219e-02 2.203288107748588021e-01
-7.678647297792849657e-02 -1.272746754250539958e-01 -8.385343628570308960e-02 4.584190442283568589e-02 -3.899022364786925571e-02
1.238627967358466864e-01 1.439704796484717608e-01 -1.171859626202548105e-01 -1.860739097117196927e-01 3.614256623240820476e-02
-1.050400083310630284e-01 -2.091612698960646222e-01 -1.023704744344446360e-01 6.637567565512114687e-02 -9.943323421297407816e-02
7.189451649029768299e-02 1.757780360279848075e-01 -1.160457500083319909e-01 -6.396289061387371022e-02 2.275013704628458533e-01
-1.243668140953123613e-01 -2.350024755287260791e-01 -1.111599091713803833e-01 7.770595603951899188e-02 -1.037228187020641929e-01
-1.280250720273273246e-01 -2.413392619634906755e-01 -1.007641415487223052e-01 8.122762069035199817e-02 -1.150317955098910244e-01
-1.256997384846404442e-01 -2.376266087967751073e-01 -1.017141165418411763e-01 7.989220289819606857e-02 -1.109179287826763394e-01
-1.274101309022596384e-01 -2.411981620835645934e-01 -1.106028791022486135e-01 7.976908270648364052e-02 -1.086413638693981137e-01
