-1.199119931570582082e-01 -2.223398276058049794e-01 -9.969643492272262097e-02 7.534892392373335190e-02 -1.031545178505068466e-01
-9.200219455265992718e-02 -1.667017244727297121e-01 -1.120873805896036579e-01 5.427272621304879419e-02 -5.003566383693199005e-02
1.242145716952978637e-02 5.286563003053940113e-02 -1.138187545148160174e-01 -2.138730919234492836e-02 1.272202704125528216e-01
7.400187099550827041e-02 1.829711764138506336e-01 -8.163280681338118405e-02 -6.176383174848748547e-02 2.120149462110847982e-01
2.099072116577828037e-02 6.471002701057915196e-02 -1.174357117196598022e-01 -2.561391725274480766e-02 1.373247109187384907e-01
1.240281549392958094e-01 2.475267375511137624e-01 -4.448384421656287335e-02 -4.172265088876445094e-02 9.862943596890243192e-02
-2.231967892514793300e-02 -2.858523463658105973e-02 -1.174357117196598022e-01 6.690457255592852787e-03 6.248499690931679645e-02
-3.390212774716123284e-02 -3.976504013607555510e-02 -1.143438993170885903e-01 1.019154544163333384e-02 5.225183357457076350e-02
7.503462434648043577e-02 1.782329250900496209e-01 -1.148245361366894840e-01 -6.436607990944635815e-02 2.288116435557409623e-01
7.120535592881158116e-02 1.694645548891851039e-01 -1.145613782419526439e-01 -6.144673180036377969e-02 2.223169226925841846e-01
5.724123599888604474e-02 1.422811698016645809e-01 -1.159544062665596176e-01 -5.215125648161231253e-02 2.005181404631538322e-01
8.151596042482642246e-02 1.819290261094993755e-01 -1.156459647081180542e-01 -6.600296166806129960e-02 2.351546984632087722e-01
-1.260992964507684222e-01 -2.294761458502320717e-01 -7.836223371613919297e-02 8.101073453134244318e-02 -1.215916059995101189e-01
-1.161843319534511115e-01 -2.142095898384424602e-01 -9.312041773573175030e-02 7.262349180670077398e-02 -9.991328141451542855e-02
1.741115565461441236e-02 5.128000792842371536e-02 -1.168264206717815334e-01 -2.153726828154768971e-02 1.322406678694365845e-01
-3.517415162956372826e-02 -3.885269554198760023e-02 -1.139997022186503561e-01 9.421773347135578569e-03 5.424478354463960206e-02
8.128233519642327765e-02 1.811225744965961337e-01 -1.156459647081180542e-01 -6.577049645068520911e-02 2.347122859582567167e-01
-1.166478584381353961e-01 -2.179255768861721454e-01 -1.172884198946205908e-01 6.713742362508579031e-02 -9.266905670296046726e-02
7.395827006331258391e-02 1.736168099348573968e-01 -1.143828068133812131e-01 -6.283937477881033906e-02 2.257871913669415309e-01
-1.166718302077291297e-01 -2.158490245813921016e-01 -1.087259487320135082e-01 7.139066986435080309e-02 -9.031935885461132851e-02
1.002221793933276081e-02 1.331982658695818333e-02 -1.166888685220253685e-01 -3.467250865955598393e-02 3.710772298084091120e-02
6.860854186294385038e-02 1.630849711938916480e-01 -1.157926616644125439e-01 -5.940726249986791330e-02 2.180670143524628402e-01
-1.044352539845588568e-01 -1.952441363470502622e-01 -9.195838005887194133e-02 6.579950900604464303e-02 -8.349770749145224435e-02
-3.824611704065861151e-02 -5.964719974242521650e-02 -1.168751953000524701e-01 1.759379006297647971e-02 3.665192856788405257e-02
6.777418002372322114e-02 1.598599989778422548e-01 -1.146303240020748737e-01 -5.817424523317808738e-02 2.152538704532153957e-01
-1.292533023685835669e-01 -2.437191960563757642e-01 -1.130068869366420425e-01 8.042724165772009715e-02 -1.098140865510420783e-01
7.444196845489839398e-02 1.758792113219336262e-01 -1.158245361366894988e-01 -6.370884780663552127e-02 2.278313433430468882e-01
-6.735092289637437113e-03 6.942418456076465683e-02 4.772939690831780046e-01 4.011160833011213900e-02 -2.649103785861700588e-01
-1.292533023685835669e-01 -2.437191960563757642e-01 -1.130068869366420425e-01 8.042724165772009715e-02 -1.098140865510420783e-01
7.693591408719779867e-02 1.799795607008156384e-01 -1.146459647081180533e-01 -6.500095679543144156e-02 2.307611069348099730e-01
-2.826945891952091852e-02 -4.086329215377303842e-02 -7.423191775428340800e-02 1.759956816339748598e-02 1.934537393611627382e-02
-1.128890246060971492e-01 -2.105962573890803324e-01 -1.130536932819216356e-01 6.474682436550881215e-02 -8.947867539817373761e-02
6.460634848802580821e-02 1.544322292765221427e-01 -1.159119882141514679e-01 -5.616715995320500920e-02 2.086529244498755986e-01
6.608684088105640231e-02 1.595789457047813720e-01 -1.160720533253831455e-01 -5.794647570074321075e-02 2.128929718569330387e-01
7.486925315495883415e-02 1.720337203778614099e-01 -1.159381725003258562e-01 -6.256902220458480934e-02 2.263293053722218173e-01
-1.281562992389590483e-01 -2.412995687038624881e-01 -1.130740010306017784e-01 7.957976496618214546e-02 -1.078407738335606381e-01
-1.285825851533928255e-01 -2.420687994730932602e-01 -1.130740010306017784e-01 7.984973062739549043e-02 -1.085010461177222246e-01
7.570614202636297141e-02 1.740293500004848337e-01 -1.153828068133812279e-01 -6.320662592600589935e-02 2.277721117413798735e-01
-1.079986161347343682e-01 -1.930291651772980954e-01 -1.137545091431663991e-01 6.288967457381286486e-02 -6.981932350194858250e-02
7.432379737761991845e-02 1.743586576665644428e-01 -1.158245361366894988e-01 -6.324488466284060306e-02 2.270630988417632057e-01
-1.135921670015605928e-01 -2.111526748910671492e-01 -1.117899324237344311e-01 6.949728643070754441e-02 -8.552314128938047488e-02
-1.292533023685835669e-01 -2.437191960563757642e-01 -1.130068869366420425e-01 8.042724165772009715e-02 -1.098140865510420783e-01
6.620691133782878601e-02 1.553103885242951288e-01 -1.140511169881907177e-01 -5.643160058126489576e-02 2.104661937437428965e-01
-1.131283862371289251e-03 2.307738223411537337e-02 -1.136312022745290806e-01 -1.080713733221210296e-02 1.019281195967965403e-01
-5.787112411142707191e-02 -8.453887124619194338e-02 -1.150598393799983632e-01 2.544519135657643399e-02 1.739639963788384286e-02
7.919612633126975332e-02 1.810479476309245217e-01 -1.156459647081180542e-01 -6.563478304432165955e-02 2.334156712273124934e-01
2.983125483327550564e-01 1.320553028010612862e-01 -9.480027651316665083e-02 -1.327430688377570500e-02 -2.604506890130813268e-01
-1.253148173003995891e-01 -2.342473276965692797e-01 -1.131979697391898160e-01 7.717033109435252058e-02 -1.022886251443056865e-01
-3.562270084325029618e-02 -6.504204829856558012e-02 -1.176659360407932148e-01 2.174836915279383665e-02 2.021969757497511788e-02
7.867243314305766289e-02 1.804587333095138135e-01 -1.158245361366894988e-01 -6.544172182295246443e-02 2.329002624232867080e-01
-9.213657954358389635e-02 -1.680326153007205281e-01 -1.139873103108590691e-01 5.427837344435980371e-02 -4.788456579665886087e-02
-1.292533023685835669e-01 -2.437191960563757642e-01 -1.130068869366420425e-01 8.042724165772009715e-02 -1.098140865510420783e-01
-1.181912503988719748e-01 -2.253336285542771045e-01 -8.234132585317051334e-02 7.809121083580063127e-02 -1.121836805891401195e-01
-1.237086764003068329e-01 -2.316043724287345784e-01 -1.119719611218768507e-01 7.638604556462871842e-02 -1.007658286481713655e-01
6.991247699855990261e-02 1.676728488438319897e-01 -1.158245361366894988e-01 -6.092596544631651012e-02 2.212059563254074324e-01
5.658226095832225022e-02 1.460104826606481443e-01 -8.405212697279249023e-02 -5.000248103828321133e-02 1.838277022232907842e-01
6.962457398471086356e-02 1.533467834422926612e-01 -1.006515454258254116e-01 -6.877708246709467177e-02 2.020523888546588709e-01
8.012474640271394222e-02 1.523739284457015508e-01 -9.280765293590310938e-02 -4.889264509841548256e-02 1.743777400732859084e-01
7.420013315430201706e-02 1.712975405207887714e-01 -1.152111820994224101e-01 -6.206241726395017588e-02 2.241308201542927259e-01
-3.809117561308014710e-04 2.449003146526564090e-02 -1.146823047789407857e-01 -1.602997680095650732e-02 9.919937050626764785e-02
7.207461089298228263e-02 1.685860020592503672e-01 -1.144419513301916380e-01 -6.089462286425888216e-02 2.212919535511217173e-01
3.085224044174921659e-03 1.911613418939434039e-02 -1.158376493709813854e-01 -1.562295627257513295e-02 1.046005986495865681e-01
7.521255376493919675e-02 1.779734737118341403e-01 -1.143828068133812131e-01 -6.289698016016830040e-02 2.246272987573950664e-01
7.173060268251132965e-02 1.719152935122501558e-01 -1.142175525760930760e-01 -6.214819413911971957e-02 2.234281289322323782e-01
4.706374945393412834e-02 1.241273484090065771e-01 -1.056120466478659981e-01 -4.429567647779272810e-02 1.775324011887074727e-01
7.065440277978742023e-02 1.666407179569927288e-01 -1.147636117669415812e-01 -6.049009100514378401e-02 2.204278742487201237e-01
-8.998735729346653278e-02 -1.635420022900232750e-01 -1.162975171379503209e-01 5.271627984394477995e-02 -4.403704622862813362e-02
1.076945868263577966e-01 2.018129138367583120e-01 -6.681515662730996841e-02 -5.224859071727365467e-02 1.502736322818516157e-01
7.484695044638195460e-02 1.710992142988078113e-01 -1.153828068133812279e-01 -6.227827492862206271e-02 2.259590395911266203e-01
7.414324451180304143e-02 1.694747037518834765e-01 -1.125256639562383643e-01 -6.139265827576541323e-02 2.232184379687408848e-01
7.644321119975691636e-02 1.763920688034210371e-01 -1.155613782419526447e-01 -6.403395672613504397e-02 2.295681235198523407e-01
6.996237285158375674e-02 1.677569672600452699e-01 -1.146875007619665710e-01 -6.074530783537529510e-02 2.200884946740656878e-01
4.043305027543543650e-02 1.008422358534751540e-01 -1.049391380894206666e-01 -3.679925434966122011e-02 1.631227135842162612e-01
1.748936811934141411e-01 2.099351352232490808e-01 -8.037947520548079094e-02 -3.655796329690044755e-02 3.518246444033699266e-02
8.068009994737301849e-02 1.874348443151125643e-01 -1.568824330179857673e-02 -6.441487729483995339e-02 1.719508889870778601e-01
4.908050404420140345e-02 1.203837398996381869e-01 -1.060133016729827571e-01 -4.371713193380721840e-02 1.794742383909787853e-01
6.900187091219880942e-02 1.640702096510898711e-01 -1.155613782419526447e-01 -5.973693106159706778e-02 2.188756000327846118e-01
-7.440522503496270479e-02 -9.241170321688252365e-02 1.658261917057159973e-01 6.682621362334577320e-02 -1.695159739817947708e-01
6.247527455121211493e-02 1.536168246865652065e-01 -1.082683110150618744e-01 -5.515566947741150361e-02 2.055227678975978800e-01
4.551888068795971465e-02 1.341269099439919010e-01 -7.367715388477863447e-02 -4.349275174176027436e-02 1.645243888962686085e-01
7.163927602275727002e-02 1.599563904167043138e-01 -1.154772056054558099e-01 -5.719117512929200453e-02 2.067708033209715857e-01
7.163927602275727002e-02 1.599563904167043138e-01 -1.154772056054558099e-01 -5.719117512929200453e-02 2.067708033209715857e-01
4.071908093032984566e-02 1.031396368721050616e-01 -1.158819086366703333e-01 -3.879699986301596293e-02 1.694428745996219565e-01
-1.287480962847601385e-01 -2.427720435467232429e-01 -1.119258058555609725e-01 8.024256933226167621e-02 -1.096822906007373644e-01
-9.021673339373904865e-02 -1.549009600225577654e-01 -1.096652681819448305e-01 5.034232733385037017e-02 -4.156516607075117636e-02
1.684664386281977400e-01 3.475328451914268257e-02 -1.165599063526678997e-01 -2.737073041337346746e-01 -1.999902871443616226e-01
6.700462031570281196e-02 1.604920837422869340e-01 -1.129863390396688705e-01 -5.810609831656933510e-02 2.139472548196449386e-01
-1.112997678140350832e-01 -2.070432496485962448e-01 -1.126106201686705305e-01 6.801922819598288372e-02 -8.078999437297301744e-02
-5.544950923507210860e-02 -1.073892365759168410e-01 -1.147061635773142380e-01 3.015651791340981380e-02 -1.196153864554826661e-02
-1.156168117462834100e-01 -2.147568330061886688e-01 -1.149359373133100326e-01 7.029918430929452122e-02 -8.505224855334914125e-02
-1.112147728939205660e-01 -2.046665353470445703e-01 -1.013344848367078860e-01 6.873391219046831591e-02 -8.692780450107696899e-02
3.475848759065730542e-02 1.010088451946391519e-01 -1.127685396924655858e-01 -3.753922171924312101e-02 1.643740123580096357e-01
-7.890228556725997766e-02 -1.314120426601725899e-01 -1.145704596613476706e-01 4.137460735837063946e-02 -1.963545810961243865e-02
2.112886182126643905e-02 -3.170762136092772354e-02 -1.140636110026703592e-01 4.165973853774460750e-03 9.195597833138882682e-02
3.942893724993325189e-02 1.230983448589750284e-01 -7.648442600663102331e-02 -4.023839254684849487e-02 1.579464568850350303e-01
-1.133984014326567674e-01 -2.148868615369284862e-01 -1.123695466761564787e-01 7.041341763876088344e-02 -8.556814950420632560e-02
3.890414013782174385e-02 1.197205337830883898e-01 -7.648442600663102331e-02 -3.909786351083585632e-02 1.557865018780992539e-01
7.563085226627028201e-02 1.783540097090304255e-01 -1.148245361366894840e-01 -6.447473675934148329e-02 2.293546673639506039e-01
-9.107090445747100665e-03 1.130512185839598061e-02 -3.286026474642465139e-02 -1.558164848026752369e-02 6.175060576400927953e-02
-7.543020861108365449e-02 -1.272720875103606764e-01 -1.114365481865021573e-01 4.074276461198324956e-02 -1.833101675293607319e-02
-1.884395827907987125e-02 -3.392775998805330762e-02 -1.149355622444649255e-01 7.509375890509618727e-03 6.672487999722813423e-02
7.789748369598935296e-02 1.583299207525672159e-01 5.663379097207951185e-01 -2.061645994369168747e-02 -2.613099404994602692e-01
2.650163386667625173e-02 7.508169207126569322e-02 -1.081443075552231403e-01 -2.839190621229857256e-02 1.433645516975090017e-01
-7.834520758700835863e-03 -1.301138183857783459e-03 -1.141555985435430132e-01 -1.524356230169287424e-03 7.756167336619158859e-02
-8.673013455942452099e-02 -1.570490014194262374e-01 -1.157729899982200272e-01 5.038042749347455829e-02 -3.931571839338188212e-02
-1.123205333918258358e-01 -2.085263093423691816e-01 -1.148231020730120233e-01 6.852625994110463081e-02 -8.048505306919459534e-02
-1.255138885306844865e-01 -2.364028289884842482e-01 -1.125068869366420560e-01 7.771529414656759560e-02 -1.037687301683541813e-01
7.265140053785384966e-02 1.644670045178360795e-01 -1.041955413933791930e-01 -5.837815745360074027e-02 2.132337745645039306e-01
-1.876409139344545340e-02 -8.071730984026345701e-03 -1.148818767925460504e-01 -9.491198708408248030e-04 8.003070111037960399e-02
-3.008258864121664961e-02 -4.152542363369639278e-02 -1.114185595293852860e-01 1.131563276061154505e-02 5.073959148805823327e-02
-1.174800838773312484e-01 -2.192053522397857668e-01 -8.635283736468202243e-02 7.228046638323455675e-02 -1.036270851303198043e-01
-1.059698411162645348e-01 -2.170820971883692663e-01 -1.135681837183389886e-01 5.369337464649034941e-02 -1.097935639589242146e-01
4.286318658435656070e-02 1.181156162373959151e-01 -1.157855831489378179e-01 -4.383414117673306576e-02 1.792256712542055763e-01
7.509239785386639943e-02 1.761469457582869047e-01 -1.146459647081180533e-01 -6.366746492697450410e-02 2.276375383795027629e-01
-1.243321697770144035e-01 -2.336606861390829459e-01 -1.125139263675877382e-01 7.705470674003368770e-02 -1.017893483486217443e-01
-1.286467102879471636e-01 -2.420876077652464042e-01 -1.131407395644511704e-01 7.987727698378495333e-02 -1.084616099282441765e-01
-9.184287232754351216e-02 -1.864746241236640012e-01 -6.026869364551577790e-02 5.160317357138854977e-02 -1.097537659169299240e-01
7.408656568982566193e-02 1.267422028158437242e-01 -1.147530477594838894e-01 -3.480542465270133889e-02 1.161317685041476089e-01
-1.100095810420115006e-01 -2.067931711464196520e-01 -1.095631294633899466e-01 6.826522095629901365e-02 -8.169987626434871419e-02
-1.071138032703280452e-01 -2.067328857156366662e-01 -1.129077764083801227e-01 6.734572964713592125e-02 -7.721387370591155375e-02
-1.049569323328093801e-01 -1.962284738983532950e-01 -1.135620032356221137e-01 6.378771448879075323e-02 -6.995224843474676102e-02
7.481489823723197485e-02 1.763517298748093765e-01 -1.158245361366894988e-01 -6.387803499892917569e-02 2.283017295011308401e-01
3.825218054361650966e-02 1.044528789095066357e-01 -1.060897504444596878e-01 -3.770363244879618159e-02 1.625756962297973673e-01
-1.067869938671307667e-01 -2.193831757233457025e-01 -1.131126656090570559e-01 5.771302440603882922e-02 -8.764506034447855365e-02
-9.820203997148888031e-02 -1.978765503549468341e-01 -1.136267868691227673e-01 4.745248816071055697e-02 -6.213190042612214137e-02
8.307635890587304617e-02 1.884107319054044438e-01 -1.022403043307595349e-01 -6.339894729447355382e-02 2.225486338716712864e-01
1.121692215145181637e-01 2.000749069510844302e-01 2.135686813120199479e-01 -2.039300191508076551e-02 2.127262178620562688e-02
-1.181174531620584611e-01 -2.268844266785757791e-01 -1.143934296425379166e-01 7.434191015513802459e-02 -9.340277437073447875e-02
7.324039921296385258e-02 1.736581032762818944e-01 -1.145613782419526439e-01 -6.290645826042368105e-02 2.257451960755693932e-01
-1.223287188467614972e-01 -2.313139325743161501e-01 -1.133524372927462720e-01 7.610750037015341640e-02 -9.890132955359989819e-02
3.613542956118118155e-02 9.680174371296071389e-02 -1.146751869719154354e-01 -3.625819487963981291e-02 1.631774397963154377e-01
-7.080501310092107703e-02 -1.169041667955020569e-01 -1.117942740625006148e-01 3.367227005321150879e-02 -6.377895355359821175e-03
-1.260885783152860540e-01 -2.361320595235870123e-01 -1.111097168080018710e-01 7.815951639734065870e-02 -1.050802014603300083e-01
-1.237911512486152832e-01 -2.302817414507133675e-01 -1.138266424985173164e-01 7.575614196081999208e-02 -9.888201829213461025e-02
-1.258033566323155383e-01 -2.351523291227332613e-01 -1.131553018436099178e-01 7.745835487260424590e-02 -1.031418902824131484e-01
-1.159202249164043713e-01 -2.249427065774750045e-01 -1.140774505725427046e-01 6.519785977270738109e-02 -1.053553767751309600e-01
-1.218262394337755600e-01 -2.286848803408241537e-01 -1.137536784296178383e-01 7.574403629381780412e-02 -9.684638077935150968e-02
-1.292533023685835669e-01 -2.437191960563757642e-01 -1.130068869366420425e-01 8.042724165772009715e-02 -1.098140865510420783e-01
-1.185303987792591107e-01 -2.172056581578799273e-01 -1.134644787864641513e-01 7.127010894488258752e-02 -8.916332366897559980e-02
5.648630973411607192e-02 1.393520170527746127e-01 -1.144942181486639510e-01 -5.096660661244405144e-02 1.973685231861015132e-01
-1.123233563377813715e-01 -2.033853049703947258e-01 -1.116982665919597495e-01 6.679538259211546813e-02 -7.902031188496816405e-02
-1.114227385512013974e-01 -2.036508403617287855e-01 -7.975964413011979448e-02 7.173564383942966638e-02 -1.031103280708607906e-01
-1.287480962847601385e-01 -2.427720435467232429e-01 -1.119258058555609725e-01 8.024256933226167621e-02 -1.096822906007373644e-01
7.275750283717956346e-04 -2.354385635704025342e-02 -1.006968593106460363e-01 -8.042988307344270393e-02 1.424717120392657577e-01
-1.253766464645493239e-01 -2.347751670336521157e-01 -1.052265712032242201e-01 7.847706125527423304e-02 -1.075127310875407943e-01
-1.267476195410130180e-01 -2.396031246278043370e-01 -1.125068869366420560e-01 7.877978217269321348e-02 -1.062516599044912302e-01
5.611655321171692135e-02 1.395339910110036663e-01 -1.158088954306463053e-01 -5.124438877022743921e-02 1.986301586040704892e-01
-1.225547313670098115e-01 -2.307435106322231755e-01 -1.126607330904881993e-01 7.557055125240770554e-02 -9.915761484121052294e-02
1.057413794778258240e-02 4.628048914627377886e-02 -1.126637058106129130e-01 -1.885551800054340726e-02 1.214841395205611685e-01
-1.265197550032379215e-01 -2.370731250750415242e-01 -1.121847615821307126e-01 7.824843927467838023e-02 -1.051857939470812742e-01
-1.292533023685835669e-01 -2.437191960563757642e-01 -1.130068869366420425e-01 8.042724165772009715e-02 -1.098140865510420783e-01
-1.238037676174782026e-01 -2.342944184657854978e-01 -1.020381654061227605e-01 7.858600900339159090e-02 -1.082923126781334122e-01
-1.160230749708473924e-01 -2.167287576449203057e-01 -1.114674629433179409e-01 7.134449790256826296e-02 -8.866999190120479490e-02
-1.278719015619068644e-01 -2.385457442668033889e-01 -9.623477652894255052e-02 8.109851067699579141e-02 -1.164783943627635682e-01
-1.267315280673804445e-01 -2.374059323067609639e-01 -1.167284683455842298e-01 7.846813616802608693e-02 -1.028403973347883082e-01
-1.165199317870608958e-01 -2.099358431781420675e-01 -7.353491940539508276e-02 7.439289635193507833e-02 -1.087437357551661737e-01
-7.930836124866055825e-02 -1.406446147816999281e-01 -1.151870970099336672e-01 4.479009185202222076e-02 -2.758190078337154766e-02
-8.630485928713438337e-02 -1.752011965976237873e-01 -1.140703884348146374e-01 3.392414064264508144e-02 -3.008676997606587328e-02
-1.057593647277627613e-01 -2.011784784087090605e-01 -1.035839036380722111e-01 5.986606634339965149e-02 -7.359263013161858324e-02
1.432725714469276421e-02 5.824088351470668723e-02 -1.158726578844518629e-01 -2.332948914385347614e-02 1.320476741085126471e-01
-1.255771149209205517e-01 -2.351849970732630135e-01 -1.131979697391898160e-01 7.745312714048402380e-02 -1.029973980658780569e-01
-1.184864200951103591e-01 -2.248510305043369684e-01 -1.127621375629664080e-01 6.806709897830007239e-02 -8.893764246099679360e-02
2.106467782263826347e-02 6.805066398309603248e-02 -1.130187851256670151e-01 -2.638341801762457070e-02 1.390085289416467806e-01
-1.279512470737600993e-01 -2.413602216974014281e-01 -1.131607330904882136e-01 7.946910988516145413e-02 -1.078773984079154508e-01
-1.280427655242967200e-01 -2.383091055286881144e-01 -1.083675212244009367e-01 7.989801185502808101e-02 -1.088347151863846979e-01
-1.082650617259923037e-01 -2.065974338001818900e-01 -1.133633069752538747e-01 5.632774129624522341e-02 -7.917785722079700994e-02
1.925687504799385441e-01 6.771024829180857796e-02 -1.168505672368345127e-01 -3.001515795691234167e-01 -1.924056843547979068e-01
-6.757280964601017348e-02 -1.457975803371504564e-01 -1.094080103394026865e-01 3.325917576462274206e-02 -2.103314152398969711e-02
-1.268390826739373423e-01 -2.387456483507766625e-01 -1.126430560110133761e-01 7.874393604029318594e-02 -1.059727486539021463e-01
-1.040597303337723739e-01 -1.987844867073145505e-01 -1.135905301520064026e-01 6.477929760395406689e-02 -7.252252436576679673e-02
5.536859394352785513e-01 -1.708338946049514362e-01 -3.328546282841570586e-02 -6.128709839534451920e-01 -2.022260587274140875e-01
1.022883285606960777e-02 -6.754813527146047436e-03 -1.119106287764990854e-01 -5.714171813489796886e-03 9.594357270251070713e-02
-1.067616414761592414e-01 -1.979428635892326593e-01 -1.165965933993069886e-01 6.481825748596818648e-02 -7.056753490038804311e-02
6.928939087978679134e-02 1.638260966200346114e-01 -1.160071182604480861e-01 -5.966737498925719918e-02 2.187963891347574630e-01
-1.193425026957871116e-01 -2.203209953370097451e-01 -1.135970973129888650e-01 7.236653018122331249e-02 -9.110823314387028748e-02
-1.279829774062716530e-01 -2.392603279111565895e-01 -1.138713254884413661e-01 7.945444641822740905e-02 -1.060296172190554886e-01
-1.248318148229666524e-01 -2.326374192665475737e-01 -1.120576438104953360e-01 7.683103765317642053e-02 -1.018589703031639315e-01
-1.252130393606655512e-01 -2.338919921195261042e-01 -1.132657025425495845e-01 7.702105320613925055e-02 -1.020682614280855049e-01
-1.186449151191013435e-01 -2.333135732771574045e-01 -1.132118390797964419e-01 6.806715812470877369e-02 -1.120069541875732128e-01
-1.128918547727305599e-01 -2.008963601328783710e-01 -2.916248514379133489e-02 7.673809804335673945e-02 -1.300488942731188868e-01
-1.195596050853037495e-01 -2.285979072630759945e-01 -1.043547739396389340e-01 7.778893896189194301e-02 -1.106106162460664261e-01
-9.432286561692435067e-02 -2.114019217560858255e-01 -1.136231367094651806e-01 3.867636470416400962e-02 -1.210058427828072242e-01
-1.192915774338302870e-01 -2.314300570765470133e-01 -1.132030289482959251e-01 7.453217005924225869e-02 -1.041055304943557247e-01
-1.663760291085564225e-02 -1.244952281591520105e-02 -1.138925828185346489e-01 1.145765721044758600e-03 7.439420222542099392e-02
-1.288270164541498175e-01 -2.429499652871449922e-01 -1.130068869366420425e-01 8.015727599650675217e-02 -1.091538142668804917e-01
-1.264253055998082464e-01 -2.379161037851900418e-01 -1.133145881428336277e-01 7.828425259845944728e-02 -1.050082308257121871e-01
-3.738351419475974963e-02 -8.389017737678543252e-02 2.099875480647714343e-01 6.762047795149768448e-02 -1.680909327794067598e-01
-1.140801417638009491e-01 -2.053860504603886583e-01 -8.464384889976651893e-02 7.171336759500586411e-02 -9.872466577295424539e-02
-1.292533023685835669e-01 -2.437191960563757642e-01 -1.130068869366420425e-01 8.042724165772009715e-02 -1.098140865510420783e-01
-1.228100525436354867e-01 -2.369158214324413869e-01 -1.138871286885988349e-01 7.384908327835817965e-02 -1.105662063494135400e-01
-1.295380237493609366e-01 -2.442529262151059422e-01 -1.130068869366420425e-01 8.061425959601233038e-02 -1.102657958386253634e-01
-6.844889860222232170e-02 -1.180374666640461589e-01 -1.078554943285659068e-01 3.818596178220474979e-02 -1.306748058576007350e-02
1.709205461129386858e-02 1.175240138999719686e-01 3.200146648557739559e-01 1.615180873114655316e-02 -1.016709712180673825e-01
-1.267476195410130180e-01 -2.396031246278043370e-01 -1.125068869366420560e-01 7.877978217269321348e-02 -1.062516599044912302e-01
-1.292533023685835669e-01 -2.437191960563757642e-01 -1.130068869366420425e-01 8.042724165772009715e-02 -1.098140865510420783e-01
-1.220347045230609495e-01 -2.285044409356937201e-01 -1.093013740258942795e-01 7.567026666603950125e-02 -9.982381569930418030e-02
-1.292533023685835669e-01 -2.437191960563757642e-01 -1.130068869366420425e-01 8.042724165772009715e-02 -1.098140865510420783e-01
-1.033761693529055142e-01 -2.006466269816334635e-01 -8.042299311969063058e-02 5.466341751162719087e-02 -9.183118748604554571e-02
-1.079242547932618979e-01 -2.125920127408143234e-01 -1.137475857969015292e-01 6.111169593152987467e-02 -9.599807874788733597e-02
-1.286972585859065266e-01 -2.424191744254002301e-01 -1.128619594004101612e-01 8.001722398472654874e-02 -1.089006378346506210e-01
-1.241893453672263947e-01 -2.389554165288166887e-01 -1.130068869366420425e-01 7.441494337903892253e-02 -1.113480881912230630e-01
2.608387506772901279e-02 9.275844590243059740e-02 -5.841104835029584108e-02 -2.764908393413388968e-02 1.239030787879586565e-01
-1.259150446168195159e-01 -2.356891055802414758e-01 -1.131480751046758659e-01 7.763943566111680683e-02 -1.034964535971780869e-01
2.082087675212923941e-02 5.061425176065874332e-02 -5.216779627138649900e-02 -1.495425345278497339e-02 7.457404698124706077e-02
-1.231906928871013551e-01 -2.287716300029830618e-01 -1.132293759176839915e-01 7.525037193412952019e-02 -9.816959591560876774e-02
2.694011383355047681e-02 7.284373796500540066e-02 -1.110597982545268037e-01 -2.795365552572172049e-02 1.440788908758197373e-01
-1.195084739817943026e-01 -2.237577008178733839e-01 -1.034798807749626876e-01 7.626575166494618807e-02 -1.062692610913591740e-01
-1.246306907774148293e-01 -2.348715626101674225e-01 -1.119451264245850952e-01 7.721570543186490054e-02 -1.028313315774758568e-01
-1.269022556312671690e-01 -2.388734209885997051e-01 -1.119258058555609725e-01 7.888697583695261639e-02 -1.065220724930422691e-01
-5.708979190646615992e-03 7.215787247392510539e-03 -1.163965125681892254e-01 -6.005573731649106045e-03 9.452537276441878855e-02
-1.158332125007483088e-01 -2.198498146286129995e-01 -1.132202929448132001e-01 7.202684992781864526e-02 -8.912245796312560919e-02
-1.172644360449619921e-01 -2.174221226307373744e-01 -6.778466471441982333e-02 7.651686960765463619e-02 -1.157830555164644920e-01
-1.274460409899366709e-01 -2.404130691877488790e-01 -1.120796520094071158e-01 7.928443755970304707e-02 -1.077456024576107646e-01
-8.262980617053693189e-02 -1.878974015818102861e-01 -1.123723716942189033e-01 3.072254716802547830e-02 -1.022702781636825736e-01
-1.292533023685835669e-01 -2.437191960563757642e-01 -1.130068869366420425e-01 8.042724165772009715e-02 -1.098140865510420783e-01
-1.203499712049298509e-01 -2.263846753212860330e-01 -1.139155163386756930e-01 7.434232080986255542e-02 -9.485235235892522376e-02
-4.677043130568524915e-02 -1.155312141487912919e-01 -1.167139281662428474e-01 2.110991841462060703e-02 -4.527014332940827029e-02
-1.222540087609584186e-01 -2.356157998014658250e-01 -1.137422011523669535e-01 7.343906560536461736e-02 -1.096527576330221104e-01
-1.222237051900669363e-01 -2.291690696287519702e-01 -1.115698640759288651e-01 7.557960760432765046e-02 -9.884589142008498586e-02
-1.121658220449962828e-01 -2.097519769156097891e-01 -1.141360847696959308e-01 6.840515139831880587e-02 -8.109141350144140337e-02
-1.223155101312423387e-01 -2.358345587115958930e-01 -1.121598842995684131e-01 7.342493541655358003e-02 -1.091058353789535751e-01
-1.227419990632326041e-01 -2.286101423629456342e-01 -8.786567999853041322e-02 7.545762249063922567e-02 -1.107761993470418177e-01
-1.148694477623039695e-01 -2.211329056377445146e-01 -8.767934459480371256e-02 7.528337538517274052e-02 -1.040967556440135638e-01
-1.038661235427934121e-01 -2.138528354185557645e-01 -9.857954118347247996e-02 5.880399706457144215e-02 -9.213799212580323084e-02
-1.233834072964280493e-01 -2.317937589122059661e-01 -1.119493238993708173e-01 7.641254798767382894e-02 -1.006685145595064834e-01
-1.195332544097612998e-01 -2.195738313256886676e-01 -1.131752371049922212e-01 7.209378372351626929e-02 -9.116464898871642908e-02
6.933059209750019880e-02 1.630297029061952840e-01 -1.141787934354547840e-01 -5.896550606501384240e-02 2.167604504882053307e-01
-1.214982793147705159e-01 -2.268039577565920950e-01 -1.136475278720481263e-01 7.460817550618138727e-02 -9.573197544634766409e-02
-1.259837583845383191e-01 -2.356194663518065002e-01 -1.129921287155684767e-01 7.772838893508757230e-02 -1.035405353523008581e-01
-1.166418664361352359e-01 -2.096796894740673711e-01 -6.609588764005366879e-02 7.527537474461461209e-02 -1.132041032289648058e-01
-9.930290734167318556e-02 -2.123372705584169184e-01 -1.139585488463927820e-01 4.763428920147821932e-02 -1.100450580856670996e-01
-1.293043408635315972e-01 -2.438452464765438477e-01 -1.130068869366420425e-01 8.047064146502033721e-02 -1.099110820280383982e-01
-9.820236967290163488e-02 -1.767662518054365361e-01 -1.142015104201356684e-01 5.740899207270383497e-02 -5.645028842737076502e-02
-1.142309182549904045e-01 -2.149723035305858010e-01 -1.106072753315086171e-01 7.088972890015715622e-02 -8.752109352115623742e-02
-1.089432937369114729e-01 -2.013227024991742498e-01 -1.143298399321526215e-01 6.613191645645850880e-02 -7.550377367026871178e-02
-1.279409076306469162e-01 -2.414385930428228633e-01 -1.119258058555609725e-01 7.977017775485835405e-02 -1.084959658497267748e-01
-9.982844862791367957e-02 -2.121793405094903329e-01 -1.093740968801616559e-01 5.136756139394493825e-02 -9.921956596431782960e-02
-5.514853358146294682e-02 -9.123438901039840343e-02 -1.129330337107509602e-01 2.837511357777942889e-02 1.112739960007796264e-02
1.096533183292971655e-02 5.016795449845334876e-02 -9.597859819394123637e-02 -1.743579386550070734e-02 1.126383064905975839e-01
-3.604666636919129363e-02 -5.517199283199004239e-02 -1.176659360407932148e-01 1.568493938903629120e-02 4.285431772030209169e-02
-1.037674792729282591e-01 -1.912467666085281848e-01 -1.084455562529925143e-01 6.322071445951230051e-02 -7.096571138336743578e-02
-1.255771149209205517e-01 -2.351849970732630135e-01 -1.131979697391898160e-01 7.745312714048402380e-02 -1.029973980658780569e-01
-1.251583918710319210e-01 -2.356693622735920868e-01 -1.119258058555609725e-01 7.776390813370848143e-02 -1.037907473812162418e-01
-1.124815213382383550e-01 -2.062145493747598868e-01 -1.000582006920026912e-01 6.925914829716262044e-02 -8.811752811686668352e-02
-9.406086633655741380e-02 -1.849621587403532663e-01 -1.125209342510326838e-01 5.952798346615416347e-02 -5.813280192209940855e-02
-1.089959073132493461e-01 -2.000360538937334676e-01 -4.861218828618034393e-02 7.128149946704699647e-02 -1.120643455245146219e-01
-4.405851529178002324e-04 2.909384651055489657e-02 -7.798576173097684916e-02 -7.689430690345541719e-03 8.385178738801979392e-02
-1.279512470737600993e-01 -2.413602216974014281e-01 -1.131607330904882136e-01 7.946910988516145413e-02 -1.078773984079154508e-01
-9.857697430621356616e-02 -1.740514421964663438e-01 -6.802965189321388828e-02 6.047207331786783047e-02 -8.306746484564268840e-02
7.540087813173246278e-02 1.898609405206181378e-01 -3.746614014671454523e-02 -5.831235339742897594e-02 1.905790582203858163e-01
-1.281887991528804782e-01 -2.391808761347551104e-01 -9.623477652894255052e-02 8.132027082164210163e-02 -1.170030312135489775e-01
6.812210343650150490e-02 1.599115188096884022e-01 -1.162640270493336125e-01 -5.608374146275203753e-02 2.037794531209949633e-01
-6.583304043785197235e-02 -1.019909938400411081e-01 -1.131665136903704932e-01 3.181130073493657756e-02 2.047338099062606318e-03
-1.255599847331397567e-01 -2.371704498049008458e-01 -1.030068869366420475e-01 7.947286163589528662e-02 -1.102583875179901501e-01
2.806928915305206274e-01 1.225619952892744446e-01 -7.486876966385168364e-02 -4.768711509509984681e-04 -2.527572614865240541e-01
-7.242955596057035206e-02 -1.855363315443778471e-01 -1.091501086467066284e-01 2.284922276187474274e-02 -1.232649333091798555e-01
6.541180645452744635e-02 1.540026880456477620e-01 -1.156091495243786599e-01 -5.619180103947282734e-02 2.102617253624277927e-01
-9.357110598836844428e-02 -1.993194520611588638e-01 -1.040739612826453997e-01 4.911870403471135793e-02 -1.018263046993410359e-01
-1.292533023685835669e-01 -2.437191960563757642e-01 -1.130068869366420425e-01 8.042724165772009715e-02 -1.098140865510420783e-01
-3.285556984185975665e-02 -4.782356436990130993e-02 -1.115353006913605699e-01 1.311814842269963879e-02 4.646737147112153798e-02
2.007576294574046905e-01 7.693736381191038087e-02 -1.016648806538882344e-01 -3.073367419815092871e-01 -2.019117327038309206e-01
5.398101270263840068e-02 1.336102637847158825e-01 -1.164075371657001673e-01 -4.933186578959750102e-02 1.929404497234158966e-01
7.320381033386284819e-02 1.689826567436180926e-01 -1.093828068133812087e-01 -5.949268925590758816e-02 2.165306654527013597e-01
7.884336717343141954e-02 1.795541484778695185e-01 -1.153828068133812279e-01 -6.513985171087824377e-02 2.324563549815847896e-01
1.467286159487523126e-02 1.352230366781244641e-01 4.360561174262758133e-01 2.705236084800699894e-02 -1.719768784146970819e-01
-1.045931022321644130e-02 -9.420901568682268912e-02 -1.169776215223704008e-01 -3.834506281736609068e-02 -9.011052371316645437e-02
-4.113089251550203218e-02 -1.356722325526288908e-01 -1.040059606437904044e-01 5.345904723596360542e-02 -9.095706394420480234e-02
-1.244343961426356004e-01 -2.318911609227268800e-01 -1.135246967012385616e-01 7.635070830260635988e-02 -1.003018801167821356e-01
-1.255459536341859417e-01 -2.361853720401149992e-01 -1.134073231596946785e-01 7.771023628476461664e-02 -1.034421700940273137e-01
8.183007860073558681e-02 1.813524595540674245e-01 -1.156459647081180542e-01 -6.587119004802989564e-02 2.351609042201381616e-01
-1.039587047684277649e-01 -1.941773128516521840e-01 -1.135323087825736710e-01 6.323716469080396807e-02 -6.860035453193957800e-02
5.669712129155525526e-02 1.278330129228577861e-01 -2.669016225560760791e-03 -5.151573152098225250e-02 1.102972225059877659e-01
6.996010310852096570e-02 1.674948575665438366e-01 -1.055613782419526081e-01 -5.971556200820354876e-02 2.158202727246755492e-01
7.663902826136805013e-02 1.755991986840541308e-01 -1.152111820994224101e-01 -6.357604332220739840e-02 2.278571601318638562e-01
6.121893074792031375e-02 1.081623806079275718e-01 -1.164693447373381097e-01 -5.952321605987527520e-02 1.626851338022458071e-01
7.414090177511448165e-02 1.753817874868082161e-01 -1.148245361366894840e-01 -6.350208319121176948e-02 2.271531305831785696e-01
-8.008939494965125472e-02 -1.360211580343888282e-01 -1.087510983516254276e-01 4.439622696591893902e-02 -2.944267383735922616e-02
-9.917361155709346343e-02 -1.839599235828524582e-01 -1.110000147194410425e-01 6.066055858129271172e-02 -6.487863569051555146e-02
-1.134501877998538438e-01 -2.209840137519753500e-01 -1.143568587007952331e-01 7.342654429597499088e-02 -9.821856311393475925e-02
6.612377118243538410e-02 1.526685892189384719e-01 -1.147700192128771890e-01 -5.557296669382194576e-02 2.097010409304229106e-01
7.485877262546325461e-02 1.753404941453836907e-01 -1.146459647081180533e-01 -6.343499970959842749e-02 2.271951258745506519e-01
7.826641833039803264e-02 1.804234023086490057e-01 -1.156459647081180542e-01 -6.538445706357523535e-02 2.325279161434546382e-01
5.954980361636404151e-02 1.458861230106085483e-01 -1.149331800035119644e-01 -5.316363931742941473e-02 2.018842060271225924e-01
7.481489823723197485e-02 1.763517298748093765e-01 -1.158245361366894988e-01 -6.387803499892917569e-02 2.283017295011308401e-01
4.755467412677678862e-02 8.528455845775820277e-02 -1.177767887375067574e-01 -3.288656806305664815e-02 1.584194131489449209e-01
8.380608722796761834e-02 1.569262637993125431e-01 -4.342672397056517031e-02 -6.510433474367054163e-02 1.501169474198658371e-01
-1.238176980475939465e-01 -2.340718680056385614e-01 -1.128260223466865525e-01 7.676166564898452560e-02 -1.014510315170099042e-01
7.270787641745786456e-02 1.729069890997113890e-01 -1.158245361366894988e-01 -6.276552825064625474e-02 2.256066079285254378e-01
7.490134467129379303e-02 1.748433962590421886e-01 -1.143828068133812131e-01 -6.328123794213831588e-02 2.269925405930747764e-01
-2.582887960622428508e-02 -3.147180384720225932e-02 -1.118249687948317111e-01 8.188440886602726954e-03 5.776549167176708854e-02
6.686972150377507029e-02 1.707314691585646027e-01 -9.779551331504450495e-02 -5.920745076891686942e-02 2.096030004072242103e-01
-8.718899190311800440e-02 -1.612774285793747708e-01 -1.147554130844349596e-01 5.164292407631962400e-02 -4.063260781882353789e-02
4.567619782963047714e-02 1.192852394664411508e-01 -1.149873715917129335e-01 -4.404288480502766001e-02 1.798541671553504362e-01
1.713934123027799350e-01 4.324545838192626890e-02 -1.162948714235338132e-01 -2.754316473113583297e-01 -1.920814274939803834e-01
-1.217939057840071032e-01 -2.244684758986814632e-01 -7.860380012446432918e-02 7.778103030066162160e-02 -1.158618575292456737e-01
-1.225783390643594151e-01 -2.297626553398420257e-01 -1.031480751046758432e-01 7.690397739912351038e-02 -1.044819013916464395e-01
-1.293043408635315972e-01 -2.438452464765438477e-01 -1.130068869366420425e-01 8.047064146502033721e-02 -1.099110820280383982e-01
-1.292533023685835669e-01 -2.437191960563757642e-01 -1.130068869366420425e-01 8.042724165772009715e-02 -1.098140865510420783e-01
-1.118499053006753452e-01 -2.239160093133835128e-01 -1.137556968809742830e-01 6.039156803793450934e-02 -1.097258082679884728e-01
7.566640988865599993e-02 1.794561602466648587e-01 -1.148245361366894840e-01 -6.480497944146591804e-02 2.299300145774523796e-01
-8.897005813796543539e-02 -1.562487358909640522e-01 -1.080003068738081135e-01 5.167251965942099012e-02 -4.383195135488438671e-02
3.004774656979718531e-02 6.845245381551523511e-02 -1.179608419968728172e-01 -6.478951047251552131e-02 7.956277961964565437e-02
-9.787166103136206441e-02 -1.862671271875614987e-01 -1.018816657199875797e-01 5.547741694240858334e-02 -7.415452820316073557e-02
7.481489823723197485e-02 1.763517298748093765e-01 -1.158245361366894988e-01 -6.387803499892917569e-02 2.283017295011308401e-01
-1.172157532846300060e-01 -2.225382413017361893e-01 -1.134888574894612062e-01 7.262642294202217852e-02 -9.102617099068548157e-02
-1.292533023685835669e-01 -2.437191960563757642e-01 -1.130068869366420425e-01 8.042724165772009715e-02 -1.098140865510420783e-01
-1.254408312866214792e-01 -2.369342293324598614e-01 -1.030068869366420475e-01 7.939048243455118503e-02 -1.100626233140800936e-01
-1.279409076306469162e-01 -2.414385930428228633e-01 -1.119258058555609725e-01 7.977017775485835405e-02 -1.084959658497267748e-01
