-8.352547737275120565e-02 -1.495795967532401738e-01 -1.047843062401110914e-01 4.850498374745033925e-02 -3.953697046262687892e-02
-1.434873501699620094e-02 -4.872818462102482262e-03 -8.907684615326653954e-02 9.285404037401821797e-04 6.601500805232805857e-02
6.284544309665389406e-02 1.756629146564106236e-01 -2.932919605601685964e-02 -5.216701994426418965e-02 1.705992971718747198e-01
5.926128021025250242e-03 4.834309958177333832e-02 -1.146957417948142322e-01 -1.970709441669776449e-02 1.206101175387778029e-01
2.700359440740740177e-02 1.440198251186623757e-02 2.927585725501875014e-01 4.320033950565199676e-02 -1.291755398835453261e-01
1.209637337322241324e-01 2.465560633440697091e-01 -2.594084708821609020e-02 -4.001561365157800532e-02 9.360722974081371606e-02
-3.507344805386021502e-02 -6.021203233378525504e-02 -1.149321387183985382e-01 1.766843873912506135e-02 3.747147717229674241e-02
-8.663924859453610294e-02 -1.492489636539879871e-01 -1.082600472171600658e-01 4.751138857335678034e-02 -3.867379065783736747e-02
6.713274359383980538e-02 1.626493930942007893e-01 -1.149573987441690481e-01 -5.920363975463467654e-02 2.164801056501495513e-01
7.054910800632453738e-02 1.717611610346988782e-01 -1.153921813528646922e-01 -6.241124330067622517e-02 2.240554978729124291e-01
7.086090746522551165e-02 1.717693641580768926e-01 -1.155946640553473931e-01 -6.243514150831733223e-02 2.243136603583851252e-01
-1.026000990387873485e-01 -1.936399035432218307e-01 -8.625951040459231556e-02 6.870966395458802389e-02 -9.646638904450409446e-02
2.373439295968951188e-02 7.127938800579589063e-02 -1.146097548301622387e-01 -2.780119625130380093e-02 1.436042363369012254e-01
6.534626278887822881e-02 1.724832252897116058e-01 -8.896527492595822373e-02 -5.920215706520669252e-02 2.066428631979510822e-01
7.450758243257986357e-02 1.739335888223015880e-01 -1.153921813528646922e-01 -6.334504168332673324e-02 2.276527211662148498e-01
5.202696138678228333e-02 1.341718770373005465e-01 -1.034598824483896340e-01 -4.797746403597628884e-02 1.868015881047171423e-01
-9.505569274134118007e-02 -1.660525667253867632e-01 -1.079840201797034605e-02 6.800429565073626281e-02 -1.130498594299238074e-01
5.405417259169634225e-02 1.352287887297112801e-01 -1.149837613128656955e-01 -4.997613020531445349e-02 1.951135463201532083e-01
-1.036542169026049981e-01 -1.907065561059272663e-01 -1.048546532466829440e-01 6.238987158326408933e-02 -7.259671591341280983e-02
-4.192282791082179577e-02 -8.038126271315020055e-02 -1.125739562665218768e-01 -4.480840053810265095e-03 -1.594153277219753639e-02
6.406757717092291526e-02 1.553176838414469796e-01 -1.151598814466517351e-01 -5.675339942439837360e-02 2.112554325839905989e-01
-1.076525977862665129e-01 -2.013289956389744118e-01 -9.796527863942236514e-02 6.274914671525959331e-02 -9.186418624014176804e-02
-3.880796116995656464e-02 -5.872644251796277359e-02 -1.142655440778762715e-01 1.750270628468085510e-02 3.546549764107153474e-02
6.104310424579284522e-02 1.372122337803988457e-01 -1.142497085507645505e-01 -5.074176607757997781e-02 1.994821835044401082e-01
-1.227396948848226144e-01 -2.299158492266976661e-01 -1.081676395354681658e-01 7.552368694414747508e-02 -1.024406533025295496e-01
7.301750951651499177e-02 1.749480510105259068e-01 -1.153921813528646922e-01 -6.343893512860365735e-02 2.263088623638181140e-01
7.615059004246364088e-03 7.842213889607951849e-02 4.692752524727605845e-01 3.718566035074097331e-02 -2.738629367619816457e-01
-1.223953140958346369e-01 -2.292495109210404836e-01 -1.085772933491467446e-01 7.532813500480076141e-02 -1.014748612152133606e-01
7.342500650242843319e-02 1.760844146468895366e-01 -1.147255146861980157e-01 -6.375310759067637223e-02 2.271748080740229603e-01
-4.966728361814908010e-02 -9.649924943279836187e-02 -7.484324695136471139e-02 2.621444097369877296e-02 -2.360988132526815192e-02
-6.472705808524341353e-02 -1.032793864964792335e-01 -9.867227084819280014e-02 3.265187919632621394e-02 -8.742126411662788296e-03
-8.995584410055672275e-02 -1.673321290217457680e-01 -8.463863877143540382e-02 5.722059992331308964e-02 -6.335698992132302032e-02
6.167098751690959502e-02 1.527340970304011669e-01 -1.139733196415124022e-01 -5.559443556828168320e-02 2.078141574792948254e-01
6.600484037707204932e-02 1.643559776586487053e-01 -1.147767658446780942e-01 -5.972116140353193880e-02 2.171221584928221815e-01
7.369897337784660218e-02 1.782535251520629971e-01 -1.153921813528646922e-01 -6.461149146503858409e-02 2.293042522182284770e-01
-1.199502673496748162e-01 -2.233090660894896107e-01 -1.082589700240904201e-01 7.322932815898772207e-02 -9.699000564812301772e-02
5.416052991171861619e-02 1.226346749973770967e-01 -1.160241883114420114e-01 -4.568396408796689123e-02 1.877708632394604338e-01
6.202324166091746638e-02 1.525940833631478921e-01 -1.154294499595657220e-01 -5.606290476942193957e-02 2.099419145918539897e-01
6.923774115515399230e-02 1.692927035662413482e-01 -1.155020714627548045e-01 -6.156021762307689604e-02 2.220357609321267078e-01
-1.188837883685203711e-01 -2.210388395256864813e-01 -1.083700565070414845e-01 7.253728748217327937e-02 -9.497974387030906629e-02
6.921225535038892651e-02 1.705364836083068381e-01 -1.054806769280858952e-01 -6.058872442866748698e-02 2.166129628016389974e-01
-1.022515719412956936e-01 -1.932433465547097606e-01 -1.012428796783935159e-01 6.462354132341055490e-02 -8.429795859064256880e-02
-1.235551474466116684e-01 -2.316024520975110967e-01 -1.087537639373820364e-01 7.608698818198421365e-02 -1.033648102319649903e-01
5.680536334986442670e-02 1.283715802352287660e-01 -1.138798279480207065e-01 -4.686289177298412489e-02 1.856035644048753541e-01
4.816215148710999150e-02 1.223792792535889629e-01 -1.120574354302526221e-01 -4.577662259913227449e-02 1.843606309705798918e-01
7.332004639601576168e-02 1.772052554770327248e-01 -1.155020714627548045e-01 -6.426647963070572511e-02 2.285910244465628460e-01
3.221719610783264631e-01 1.429652665428637892e-01 -9.312936907905629280e-02 -2.945010468259560629e-02 -2.774399562453402357e-01
-9.843770172900777327e-02 -1.811020063285070369e-01 -7.065616390311237061e-02 5.545933256720939064e-02 -9.223174072397566370e-02
-4.733897058317464851e-02 -9.243198667358265563e-02 -1.150144131267599040e-01 3.076811562606442813e-02 -3.364426132304582442e-03
6.439907345420485540e-02 1.604116702282527562e-01 -1.051290234581278155e-01 -5.723916160814028486e-02 2.090084765973291014e-01
-9.271854511507540697e-02 -1.774162083267715184e-01 -9.672972989662823040e-02 5.886527931552093529e-02 -6.355151061162249426e-02
-1.215950098313775402e-01 -2.273986183282955542e-01 -1.082589700240904201e-01 7.463688572138289790e-02 -1.001302745874757955e-01
-9.680391369766391807e-02 -1.845368802026824961e-01 -4.926403040626645830e-02 6.725646040803311132e-02 -9.918457510586176085e-02
-9.724606546914178751e-02 -1.825586012446507311e-01 -1.080968358951917840e-01 5.529312839212292829e-02 -5.944025258265704659e-02
6.751517746139351628e-02 1.655073111947861220e-01 -1.155946640553474070e-01 -5.966861147654702047e-02 2.171643075410950030e-01
6.393089345118441180e-02 1.367909464892037852e-01 -7.865345157085489036e-02 -5.930465237925608424e-02 1.760718906143531604e-01
5.864593380945069823e-02 1.297558271742953184e-01 -8.215348758843235566e-02 -4.170232286265779242e-02 1.609353542654338443e-01
6.769374607700803792e-02 1.659108124097901094e-01 -1.155946640553474070e-01 -6.048684247832632199e-02 2.197133311639088704e-01
2.234824948100279721e-02 6.263140044541361251e-02 -1.086666476376210583e-01 -2.468656785275287133e-02 1.330180539738742840e-01
6.053414486683197926e-02 1.437811046396330616e-01 -1.139619409432192365e-01 -5.288932009387298239e-02 2.031818729927122036e-01
7.117636202119342892e-02 1.733039701779478525e-01 -1.155946640553474070e-01 -6.299581347735938586e-02 2.256362032446900812e-01
-3.114378707348882183e-02 -4.415352399131040884e-02 -9.210859051016326293e-02 6.845066447750775170e-03 4.577598521483944999e-02
7.557580320759459125e-02 1.763616866795674754e-01 -1.149573987441690481e-01 -6.404087030005557735e-02 2.291742528302175008e-01
5.920759944007127074e-02 1.457450729316655536e-01 -1.146400433722682133e-01 -5.354949738171778384e-02 2.041781389628495869e-01
-8.772711120885792746e-02 -1.700693195585107342e-01 -9.723697935004116388e-02 5.192312124960009323e-02 -6.376493115412483481e-02
1.037979146235971095e-01 2.055981891027413022e-01 -4.548801232815238155e-02 -5.016332557548297544e-02 1.425137095511656016e-01
6.144754281046971300e-02 1.501601139049500433e-01 -1.152310642744543839e-01 -5.518795093735603952e-02 2.080498228174493258e-01
5.248829109402974868e-02 1.236544341501557842e-01 -1.142162369118009252e-01 -4.618815797586985072e-02 1.885762772118164121e-01
6.532329991054143525e-02 1.634954071947971876e-01 -9.480468135286465592e-02 -5.669963524654822451e-02 2.037550995147938970e-01
4.714053386060473860e-02 1.203593728078684311e-01 -1.122577246413794250e-01 -4.440590134788063859e-02 1.806670752835534965e-01
1.513179098438071635e-01 1.982633675072295043e-01 -7.263264123749049728e-02 -3.876244485894100866e-02 6.093974342472700118e-02
7.522329102547883894e-02 1.883179402399327018e-01 -2.401420428523247386e-02 -5.622222439318852460e-02 1.822302425607208731e-01
5.698791870086834799e-02 1.461421121278257407e-01 -1.057294172118234538e-01 -5.225163109735357636e-02 1.966931661277766807e-01
5.846615587889983368e-02 1.410987305851092721e-01 -1.150594395604955661e-01 -5.191343426744378375e-02 2.001316269628988509e-01
-8.902973218795251498e-02 -1.401535190433195188e-01 4.396672303957502304e-02 6.546249173518425835e-02 -1.293568255597463967e-01
5.113021491249705730e-02 1.354461274374181290e-01 -1.155269345093407896e-01 -5.002216629680948656e-02 1.950977351423939243e-01
6.123395489392952085e-02 1.529309796233911944e-01 -1.153254841434777217e-01 -5.603677073591582791e-02 2.089915316955203439e-01
5.573934309583157554e-02 9.327719177934154504e-02 -7.615878387061283949e-02 -5.980724342833350360e-02 1.290538967097660805e-01
6.390535226537538693e-02 1.575734544739249565e-01 -1.146531751716193259e-01 -5.681392723129982669e-02 2.103218191133753301e-01
6.604968294325369582e-02 1.603310302315006930e-01 -1.146531751716193259e-01 -5.829498147262214547e-02 2.144884338403979518e-01
5.725710650187285089e-02 1.457430008572686286e-01 -1.148104286779021710e-01 -5.349276495549250277e-02 2.024597497923261158e-01
-1.235551474466116684e-01 -2.316024520975110967e-01 -1.087537639373820364e-01 7.608698818198421365e-02 -1.033648102319649903e-01
-8.723294792205438242e-02 -1.502186927447395626e-01 -1.062901175724395575e-01 4.672106798651134985e-02 -4.016341419507399313e-02
1.571122091368584994e-01 3.056576778456332466e-02 -1.121509766153565707e-01 -2.494040083974194411e-01 -1.850826844316882103e-01
5.648940675867138161e-02 1.414153743546653630e-01 -1.140681355432988375e-01 -5.187967003571446190e-02 1.982042040869070321e-01
-1.190759637300278506e-01 -2.224147748007239134e-01 -1.045365236376012974e-01 7.334210601692492393e-02 -9.876815616282001720e-02
-4.985500833286762856e-02 -9.433430432510309105e-02 -9.897199867148570585e-02 2.218190059736387110e-02 -1.232718354650993824e-02
-1.163259779351531603e-01 -2.142781399909415296e-01 -1.086131169056224616e-01 7.030700364532919966e-02 -8.988821929735277272e-02
-1.015528650895318741e-01 -1.774887055017558279e-01 -5.352598575633870509e-02 6.508861090546222417e-02 -9.685578974260061758e-02
7.212697049914079672e-02 1.716296907536684346e-01 -1.156172895779729176e-01 -6.258385314561487611e-02 2.254893593720310452e-01
4.657598069971535804e-02 1.229914765838642232e-01 -1.136297120369638147e-01 -4.553803762920254072e-02 1.832850795896813767e-01
-1.047872936219648998e-01 -1.882817679092987362e-01 -1.071688983379837784e-01 6.124531768542822163e-02 -7.073065363177505338e-02
7.031897446133774515e-03 -5.331363223731811624e-02 -9.828226975673651222e-02 1.167424857167662436e-02 6.058966795599424193e-02
5.561923397064104380e-02 1.430743072438737384e-01 -3.429956965778294120e-02 -5.098203214522661897e-02 1.424764463371552825e-01
7.027398207587108592e-02 1.708856565650669346e-01 -1.153921813528646922e-01 -6.213334263983011363e-02 2.232926530020969969e-01
4.574884404852017777e-03 2.761771527928816305e-02 -1.092363012711856096e-01 -2.958964078677477419e-02 1.192706245615512972e-01
-5.519571675796385024e-03 9.714274739974701478e-03 -9.705726288060195772e-02 -1.013003244927786900e-02 8.814255132660352154e-02
-4.036310727040130775e-02 -8.544247392757470250e-02 -1.096254110344165589e-01 2.333772643137638214e-02 2.366244317419790091e-02
1.163131552846261574e-01 1.657251284901073984e-01 5.398274923876748010e-01 -6.763068819314049795e-02 -2.309116622006775477e-01
2.427528414539254983e-02 7.306880520157899017e-02 -1.112429284542191393e-01 -2.884052013332575118e-02 1.415224663200173871e-01
-4.849743444101727030e-02 -8.809881247508391522e-02 -1.045409283156622932e-01 2.910857996721864099e-02 6.003377749968645191e-03
-1.106933235323620535e-01 -2.038184239324570823e-01 -9.840302096955598488e-02 6.802313521634979765e-02 -8.737932616956005372e-02
-1.221150905068503767e-01 -2.298105686688664273e-01 -1.113733764096570267e-01 7.613668688031295650e-02 -1.017565898599484819e-01
-1.224052173618161848e-01 -2.295334155784745644e-01 -1.078992184828365813e-01 7.541260425297025005e-02 -1.022712645550150901e-01
5.828444227863936733e-02 1.399574561785970894e-01 -1.040180381048083635e-01 -5.002039563628168928e-02 1.927263911272273922e-01
-3.547374869600589120e-02 -5.496820407228561467e-02 -8.570372458579354757e-02 1.756478743042644633e-02 2.807035785089863344e-02
-2.364734571694401821e-02 -2.602085287134617633e-02 -1.063924338384315271e-01 6.070470282840358459e-03 5.850433366375312749e-02
-9.902414277407622922e-02 -1.872676864839488975e-01 -7.754304441318600472e-02 6.032180301565182035e-02 -9.084643497385562483e-02
-8.933426433492988594e-02 -1.905704835999724178e-01 -1.086211613892460737e-01 3.965518437764899845e-02 -9.710056845291653582e-02
5.009471427102211993e-02 1.327831729821788154e-01 -1.137079055547536577e-01 -4.882593354260850171e-02 1.908433291377876484e-01
6.648437816170495174e-02 1.659768363575162553e-01 -1.001290234581278249e-01 -5.844802760598077906e-02 2.100026227842119730e-01
-8.914505425131613592e-02 -1.740273509838951016e-01 -9.713912506645087930e-02 5.743960079496983340e-02 -5.909448404423682522e-02
-8.155090206763911109e-02 -1.782601912111741460e-01 -4.148705941598076347e-02 4.889512666618317516e-02 -1.195852263299980872e-01
6.076896593040771732e-02 1.153687068008382444e-01 -8.573776718150726006e-02 -3.083263463084194925e-02 1.105196980767973597e-01
-1.170250872432183759e-01 -2.181262464529864498e-01 -1.073183418194194882e-01 7.140822174663551125e-02 -9.372688624286427961e-02
-1.066876019336852888e-01 -1.994616080217992415e-01 -1.080539897023971713e-01 6.485641196838656808e-02 -7.664845378382337260e-02
-1.045807893278340450e-01 -1.941402557629469949e-01 -1.081234341468416127e-01 6.306408317935636998e-02 -7.250376568827397727e-02
7.102206815094172510e-02 1.724060130527903245e-01 -1.148354047960881280e-01 -6.250344423671631844e-02 2.242757554974284806e-01
1.005271348877800550e-02 5.610089956391717259e-02 -1.160029197607014700e-01 -2.251557008790421380e-02 1.282235092978423752e-01
-1.050964365307191090e-01 -2.213918548364576799e-01 -1.096819851794706979e-01 5.830250879429633992e-02 -1.000842439383844429e-01
-8.268937466118032875e-02 -1.619755382093289175e-01 -1.109332711861793080e-01 3.471382862740094583e-02 -3.555208091679224608e-02
8.108257548082259403e-02 1.776667530074536872e-01 -7.549970823458508618e-02 -5.940663112485145003e-02 2.087473262518398376e-01
1.165290264309321033e-01 2.012742982932747005e-01 2.664015060209933283e-01 -1.117370637750260062e-02 -2.728929727110288028e-02
-1.182265990810397738e-01 -2.195831050050257305e-01 -1.088253526672980642e-01 7.138006913688024757e-02 -9.469312779143443382e-02
6.904221081931499748e-02 1.647306561696958715e-01 -1.155220514827348249e-01 -6.012633268669298481e-02 2.189025236408689290e-01
-1.156563851655090236e-01 -2.133745061580143709e-01 -9.702713546688021551e-02 7.157967532003554900e-02 -9.640254445066960554e-02
6.796533334188113729e-02 1.659614193601235410e-01 -1.153921813528646922e-01 -6.037538948791429383e-02 2.189876587940883801e-01
-1.051558488697977439e-01 -1.967248494966183092e-01 -9.891228042571439949e-02 6.006098311970041459e-02 -8.889148601620312784e-02
2.213074252387170829e-02 6.885978625408506471e-02 -1.125430792318669465e-01 -2.648040542956819551e-02 1.388746848285524471e-01
-4.077793275634578052e-02 -5.423542594485188106e-02 -9.404718973708732499e-02 1.568204127294501801e-02 2.961789967749300229e-02
-1.191819269718097651e-01 -2.226079667955524199e-01 -1.079964166857296515e-01 7.297734056025681482e-02 -9.674059230461630465e-02
-8.850996987417998618e-02 -1.729115120776908709e-01 -1.261450111852578659e-02 6.844571618812389513e-02 -1.101062371115867078e-01
-9.913581978505078829e-02 -1.833002122801462297e-01 -7.265912376970201647e-02 6.391860099819270113e-02 -8.556944191173056213e-02
-1.221631578027523590e-01 -2.285170393809271561e-01 -1.083905489714588471e-01 7.506541853850673407e-02 -1.008865344103760942e-01
-8.251000019553623999e-02 -1.867199563889206659e-01 -9.611671380708852741e-02 3.808728358521869251e-02 -1.132430874794368020e-01
-8.436819586991953224e-03 9.532778112623138678e-03 -1.097126085784179139e-01 -6.719332051121226779e-03 9.020569013555529425e-02
-9.317727997249035388e-02 -1.764092355349072272e-01 -9.782547679114698969e-02 6.107709901853275447e-02 -7.394986265598663122e-02
-1.216248597235828760e-01 -2.274557031268197860e-01 -1.083905489714588471e-01 7.469515848831670413e-02 -1.000052159457608114e-01
-1.036339897576648711e-01 -1.848720159771906346e-01 -1.078775461192983537e-01 5.947045296249428570e-02 -6.814013928473437731e-02
4.546418316503170187e-02 1.201745053409885577e-01 -1.121450742030673936e-01 -4.430386458261673099e-02 1.798456429374964416e-01
-9.788724507891104210e-02 -1.859493771596636424e-01 -3.958341721402084540e-02 6.966266450888149164e-02 -1.056841552238466375e-01
-1.062428337999657552e-01 -1.926463344910057940e-01 -8.912491091896897200e-02 6.478517704345732042e-02 -8.731494040171113025e-02
-1.216127591718233203e-01 -2.279884670205389874e-01 -1.074522628410757435e-01 7.476079719506800725e-02 -1.015463175768317461e-01
-9.224470530949383656e-03 -3.838665262708219894e-02 -1.022035214114221657e-01 -5.944597258319396504e-02 1.143924037052923282e-01
-1.129664223904124909e-01 -2.093808822505573153e-01 -9.594977219718767159e-02 6.990102632424974316e-02 -9.377261830293526224e-02
-1.162859611034795376e-01 -2.225236038750557366e-01 -1.075897802861791597e-01 6.859688640428761308e-02 -1.021245902330777250e-01
3.509544711786051485e-02 9.390024577727901223e-02 -1.142503290804448429e-01 -3.559790108151864030e-02 1.619179084484385911e-01
3.919570422670323739e-02 1.054798053865478868e-01 -9.937532901724599466e-02 -3.753902438315645518e-02 1.617548090985615472e-01
-1.210729077665388120e-01 -2.233126790269053252e-01 -8.911440329802138016e-02 7.598062309093858713e-02 -1.096354643006923618e-01
-9.723583428006636609e-02 -1.864755546376385964e-01 -1.083691418331173689e-01 5.980773907519099097e-02 -6.524305500183603945e-02
-1.178523325314848880e-01 -2.184991061795786560e-01 -1.071029006556464963e-01 7.183070511682848602e-02 -9.396771674067853908e-02
-1.158624705720037729e-01 -2.169462284348527559e-01 -1.052191994243638906e-01 7.105552311450148706e-02 -9.398345643390436377e-02
-1.185136355957660537e-01 -2.195301362759005392e-01 -1.020034445241236598e-01 7.279964413580587712e-02 -9.808809966620334053e-02
-1.282504886476249217e-01 -2.417917064681970318e-01 -1.081095104045923933e-01 8.126588803151123253e-02 -1.130124154512534423e-01
-1.068059517717145218e-01 -1.994361994029088259e-01 -1.172562460219162273e-01 6.545734822720537804e-02 -7.306067696566323488e-02
-1.077138261438150141e-01 -1.942168447151869648e-01 -9.073718185932765079e-02 6.555627160453071645e-02 -8.527416391952290231e-02
-1.021074631244589803e-01 -1.828665576729378572e-01 -9.369689370404039874e-02 6.033313040471691147e-02 -7.346076730654285680e-02
-1.076948874598875894e-01 -1.952705003146612828e-01 -9.860995798095456566e-02 6.479602596116296187e-02 -8.274738323962858855e-02
-7.994653169370477541e-02 -1.565253074892599128e-01 -1.022145138439485290e-01 3.229236315405553670e-02 -2.777124080570347181e-02
-9.087764829445373060e-02 -1.717358628493050876e-01 -1.099172659054597906e-01 4.782698470683392766e-02 -4.733735748329951504e-02
-1.466900326805326699e-02 8.937944830250538208e-04 -1.141303464687148245e-01 -3.300644496899797498e-03 8.263116313428593707e-02
7.230650009226445574e-02 1.741159051471300734e-01 -9.552205148273479329e-02 -6.057803219989801868e-02 2.140162225098413695e-01
-9.762540587361066835e-02 -1.739915733608688453e-01 -9.841535777453552791e-02 5.694424047700344382e-02 -6.353436532033775175e-02
-1.171893595389693343e-01 -2.192081485625010928e-01 -1.093669901464512928e-01 6.884411219299975404e-02 -9.008348638909061123e-02
-1.055980928606898989e-01 -1.977107556986893999e-01 -8.400757782938612916e-02 6.431225646620021552e-02 -8.694113345896591072e-02
1.264377755472042772e-02 5.457612526651223206e-02 -1.001674510456520006e-01 -2.055427145214902898e-02 1.193741846449032223e-01
-1.120734996796402538e-01 -2.095849906867310319e-01 -9.416806315273665295e-02 7.047971483405263138e-02 -9.340720003332023125e-02
-1.067424502975831968e-01 -2.135778006217762537e-01 -1.089645766783699787e-01 6.096898219779393890e-02 -9.775909713423278080e-02
-5.483667126804843417e-02 -9.619729694682391252e-02 -1.138036313125828369e-01 3.078393012320836467e-02 3.837223506056974820e-03
1.727842922410082471e-01 4.930606715295901554e-02 -1.149168084730216588e-01 -2.722677463777325446e-01 -1.867061699226227056e-01
-5.872652814288058243e-02 -1.260472651580657466e-01 -1.116642552768338237e-01 2.855152060826893212e-02 -1.394869259763900811e-02
-1.221456544729372512e-01 -2.287071216112480099e-01 -1.083590270952767692e-01 7.512303071634363061e-02 -1.010897504087451271e-01
-9.619601741373458303e-02 -1.774211925753772789e-01 -1.022671031196098756e-01 5.895390204359611530e-02 -6.844800706587060579e-02
5.247782219993949449e-01 -1.293628307799730703e-01 -3.674894419087762487e-03 -5.734961701488262564e-01 -1.792495240246863852e-01
2.558345452248499477e-02 3.077594607598570231e-02 -1.084279656204561737e-01 -1.893670806787844940e-02 1.237095875476775103e-01
-1.079213943469484738e-01 -2.097500648608747187e-01 -1.159599868740942563e-01 7.000036356887431865e-02 -8.995417618714919572e-02
5.792556425507744411e-02 1.439701102329040971e-01 -1.151553034159867595e-01 -5.282020266702454336e-02 2.015446778174181386e-01
-1.148817521561616428e-01 -2.085388145335320687e-01 -8.296939482573266467e-02 7.187933146744686363e-02 -1.015642912792692892e-01
-1.054437019803767389e-01 -1.968351893018986942e-01 -1.172562460219162273e-01 6.454949958111433350e-02 -7.087642438891246510e-02
-1.191992802040573868e-01 -2.217705232544406602e-01 -1.084596225271755865e-01 7.255180615387954446e-02 -9.604453644463646633e-02
-1.126837080949117526e-01 -2.154061527190246905e-01 -9.830313223619807639e-02 6.749858648633610958e-02 -1.019352756883065841e-01
-1.126017113236976175e-01 -2.035979453890906510e-01 -4.839723991155740063e-02 7.474729769896079623e-02 -1.198469270887050214e-01
-9.215907930452585384e-02 -1.770500128603353096e-01 -5.983991205075672726e-02 6.561398793766524962e-02 -1.078289763352158065e-01
-1.116097727306940707e-01 -2.214308496197845422e-01 -1.092646447462087972e-01 6.287959430222254953e-02 -1.060458283124201539e-01
-1.224193742772380356e-01 -2.290998409106893841e-01 -1.081676395354681658e-01 7.524318042766570125e-02 -1.018187408023213392e-01
6.341834432567863833e-02 1.577327719545809637e-01 -1.044943822990201804e-01 -5.611408162852789261e-02 2.059992134267208952e-01
-1.155779838678032412e-01 -2.144522840532407104e-01 -1.085011933627012259e-01 7.020545733898461704e-02 -8.939640271557131035e-02
-9.587673584065058152e-03 -4.729716382241785921e-02 2.727505352245200854e-01 6.221337294109946514e-02 -1.707986260342671536e-01
-8.416866655502701355e-02 -1.438904017856913742e-01 -3.253231885732781742e-02 5.213070307876314924e-02 -9.146616878537340567e-02
-1.206127529599543141e-01 -2.247857889196495929e-01 -1.028498822444524063e-01 7.459086465692912893e-02 -1.014664401200900401e-01
-1.189387580629448216e-01 -2.241107893809271556e-01 -1.084530489714588403e-01 7.351825817281890108e-02 -9.656813218896312390e-02
-1.234329230253250059e-01 -2.309598328703330594e-01 -1.090177785175730774e-01 7.598261448435941756e-02 -1.025872004700181389e-01
-1.206156716732895567e-01 -2.231339229086471976e-01 -8.894833407312863205e-02 7.599151779781793126e-02 -1.092254837898173347e-01
-5.097049880025500412e-02 -8.341414469621212524e-02 -9.789182506450426480e-02 2.668692141001567653e-02 9.581976389294134117e-03
2.963162440238557502e-02 1.345889481680071220e-01 3.073438255845156175e-01 8.009487547104057401e-03 -7.714206501797932214e-02
-1.216902244751225382e-01 -2.280322619935777617e-01 -1.079263696941983180e-01 7.483098950699139384e-02 -1.011269464832646320e-01
-1.142705308989615948e-01 -2.175390276228642561e-01 -1.082761901844657842e-01 7.115783733138357492e-02 -9.037084940188572224e-02
-1.180577343928612966e-01 -2.186501562806384413e-01 -1.087701095977922361e-01 7.144266144086548753e-02 -9.351865822347818491e-02
-1.218888611370548269e-01 -2.285084524697681974e-01 -1.077676395354681543e-01 7.501687100216203330e-02 -1.015952247292559174e-01
-1.229869994752368773e-01 -2.304840310448794949e-01 -1.086221849900136094e-01 7.565845536486036360e-02 -1.026085504090646916e-01
-4.971162595714957722e-03 7.351452562704141602e-03 -1.093161710970592670e-01 -2.811343808658972945e-02 1.070794821753351944e-01
-1.190945271451804011e-01 -2.238055832211151841e-01 -1.103772401715956142e-01 7.407732393124789871e-02 -9.811213290602426029e-02
-9.988482248812029229e-02 -1.888844326044945843e-01 -4.995287034146676103e-02 5.861285060473016284e-02 -1.047010045169919773e-01
-1.115159999347184044e-01 -2.097105227466790345e-01 -1.087301933842160506e-01 6.753167006790238014e-02 -8.648216865494910699e-02
-1.220229857538768781e-01 -2.281902021438269590e-01 -1.079571252819198496e-01 7.513235492016610839e-02 -1.009911924445772019e-01
-1.188777667851603770e-01 -2.276288297326438115e-01 -1.089483340731286359e-01 7.042274106484251728e-02 -1.052596478346468772e-01
1.943787214046193215e-02 7.484990605883412584e-02 -2.721744229530596859e-02 -1.800248588535200561e-02 9.180565861304162967e-02
-1.203883460319560283e-01 -2.249129055020630263e-01 -1.075964321051275929e-01 7.389062983503169590e-02 -9.853505042696511507e-02
5.327761080802302651e-02 6.831885723611555439e-02 3.999146511221980949e-01 3.972314714650738987e-02 -1.503717639324235189e-01
-1.197181414679517331e-01 -2.227750946626203266e-01 -1.096756396404935524e-01 7.239829817828941083e-02 -9.641664966264132386e-02
2.104166357988743533e-02 6.409146582737428044e-02 -1.105087464783486573e-01 -2.532207714053861733e-02 1.350723365270461440e-01
-1.221389561190031753e-01 -2.325502687418928016e-01 -7.520951040459236681e-02 8.322818124571358667e-02 -1.313536163629034081e-01
-1.142564106001539154e-01 -2.132395041258626500e-01 -9.873419200604538482e-02 7.109136948771103970e-02 -9.421610582616841978e-02
-1.153313817573139444e-01 -2.160768631877812984e-01 -1.075762427854229791e-01 7.067691730606834311e-02 -9.089878273240660500e-02
1.993754677664789574e-02 6.645845062056254804e-02 -1.126996508691236604e-01 -2.544069755659309970e-02 1.359121686429427822e-01
-1.139750716149596638e-01 -2.127363989878561512e-01 -1.082619821668145271e-01 6.946497293978697030e-02 -8.785272346992573089e-02
-1.146600565530345589e-01 -2.143003980478210002e-01 -9.252856513486198975e-02 7.187660583534936920e-02 -9.836075572566518876e-02
-1.204450797465820566e-01 -2.253295818092590219e-01 -1.074044245695449651e-01 7.396250179236892042e-02 -9.903672891052588134e-02
-1.227626892566188038e-01 -2.300575035395755197e-01 -1.083068082956211986e-01 7.543518112408195697e-02 -1.026398632537816602e-01
-1.503466268469444769e-02 -5.840093454676444779e-02 -1.007326429135324830e-01 -1.141969086529854779e-02 -1.649851582349215473e-02
-1.231824712169152236e-01 -2.303877017227920765e-01 -1.088177785175730855e-01 7.583256926862595726e-02 -1.022754773317424842e-01
-9.341819977864702917e-02 -1.923923008969888049e-01 -8.963243190864697563e-02 5.091972160701856154e-02 -9.968500085286534362e-02
-1.188961775374518387e-01 -2.214393497514183518e-01 -1.083539418214473915e-01 7.268479166683435022e-02 -9.534957486760585466e-02
-1.108244637236504154e-01 -2.085907432809528395e-01 -1.082253021721126252e-01 6.537393808115408989e-02 -8.110746403446997266e-02
-1.079601942224077821e-01 -2.038986294179947201e-01 -1.085877015321524419e-01 6.624082226274856378e-02 -7.867182388626217659e-02
-7.256227311383607603e-02 -1.554290427356102011e-01 -9.093629941614352064e-02 3.927430072592098809e-02 -4.760607764509412754e-02
-1.137532694487029261e-01 -2.128523048536430373e-01 -1.073215610681573090e-01 6.954453825896292352e-02 -8.847889213065171510e-02
-1.208382221422174552e-01 -2.261049431309491708e-01 -1.077356008652806396e-01 7.416384659671421131e-02 -9.954346575897898841e-02
4.196381540671251242e-02 1.081493547440652847e-01 -1.131794134867787349e-01 -4.029747524220572696e-02 1.720490082385243147e-01
4.196381540671251242e-02 1.081493547440652847e-01 -1.131794134867787349e-01 -4.029747524220572696e-02 1.720490082385243147e-01
-1.165408102947661784e-01 -2.170783549735569307e-01 -9.200290631275837017e-02 7.323482217572736819e-02 -1.019114738320476971e-01
-1.115816789434451450e-01 -2.036641776421287964e-01 -1.052064407328531515e-01 6.669753694767209529e-02 -8.283220038001502805e-02
-1.131152272172452899e-01 -2.080424659406806542e-01 -9.358888539435081255e-02 6.991468967251446287e-02 -9.394150324295785781e-02
-9.318839970811790274e-02 -1.950120193342800845e-01 -1.067748623780049450e-01 4.500424489955058560e-02 -9.794506456884290169e-02
-1.220450543599343601e-01 -2.283625321302821254e-01 -1.082852865942916937e-01 7.506947239007304151e-02 -1.009670945696801297e-01
-1.062590967230397226e-01 -1.931097511641662323e-01 -1.074425705419882332e-01 6.306732829177952304e-02 -7.347736041929356365e-02
-1.151548372659142450e-01 -2.143777617849197681e-01 -1.079964166857296515e-01 7.016350695604958720e-02 -9.015314310224839534e-02
-1.090143736817659609e-01 -2.026665751894316525e-01 -1.116453985263393262e-01 6.677022236127883037e-02 -7.989425411899848950e-02
-1.151540499693731040e-01 -2.156664154265872935e-01 -1.075762427854229791e-01 7.053510174784477504e-02 -9.057631314299025016e-02
-9.665679295463369680e-02 -1.867180618909932421e-01 -1.000143343957274888e-01 5.303657902503307320e-02 -8.296369788865762263e-02
-2.394887484469850752e-02 -2.362389277506754537e-02 -9.970514264749123778e-02 6.919880524400725749e-03 5.544107996689195267e-02
3.847797763042472285e-02 1.042640331636857098e-01 -1.136547959312390194e-01 -3.911288276709196099e-02 1.690940177496561003e-01
-4.327116219993900476e-02 -6.356339129784203956e-02 -1.059491957354555536e-01 2.020682694754515757e-02 2.752987963695079088e-02
-1.046840338347271721e-01 -1.981910951115600505e-01 -1.025214884304333635e-01 6.616815473184840812e-02 -8.422690328286536188e-02
-1.196427182906076442e-01 -2.235007285938894195e-01 -1.076355437940942905e-01 7.322622548629720285e-02 -9.751537859254082174e-02
-1.020485029192176873e-01 -1.875622815573130819e-01 -9.501200314316328444e-02 6.261664127251181933e-02 -7.594901604433550169e-02
-4.416239901168163284e-02 -1.064265247992716434e-01 3.723191923750449051e-02 3.929990985649101098e-02 -9.961840984509925945e-02
-1.128359166276390740e-01 -2.121700880538415213e-01 -9.771996712310575262e-02 6.703222670981806575e-02 -9.019620384753605780e-02
3.993350284474130041e-02 1.091780677833376623e-01 -1.033084512586998627e-01 -3.925050532613763576e-02 1.658975617486172505e-01
-1.165383149136971636e-01 -2.189577999554919163e-01 -1.080256547282751195e-01 7.173171177644283025e-02 -9.277021167300544824e-02
-6.995933606812780592e-02 -1.256155764726166746e-01 -4.882421849218129828e-02 4.484245086263845270e-02 -7.020142457457768936e-02
6.464230137873822057e-02 1.690935247125110452e-01 -7.896527492595825648e-02 -5.670596645015119064e-02 1.982658703872091921e-01
-1.114020572569334178e-01 -1.991777211099260980e-01 -7.249456678439297752e-02 6.978188297476081714e-02 -1.017835807722056590e-01
7.382226820008341850e-02 1.345922120856609949e-01 -1.156737979610516637e-01 -6.924011089069687097e-02 1.882378588464344027e-01
-1.351949048361232239e-02 -1.677978971430204441e-02 -2.186111205085949916e-02 1.257189045436406423e-02 2.201079147275562115e-02
2.470624363603091400e-01 8.205838722305339172e-02 -8.922070505789224393e-02 -8.319968299890023039e-03 -2.373567802235725666e-01
-4.111935872619830457e-02 -1.445019380249449870e-01 -1.108813565410362578e-01 -1.816138438958328841e-02 -1.140117361470083107e-01
-8.844005043424159329e-02 -1.818176214248041211e-01 -1.093503340795776990e-01 5.376328729885650193e-02 -6.301297482461951094e-02
-1.216273230278270417e-01 -2.275115430066019795e-01 -1.087537639373820364e-01 7.466637585112705089e-02 -1.000553088084067538e-01
-4.975227201496140728e-02 -7.995232022428544472e-02 -1.067948054685926712e-01 2.438171469928802904e-02 1.462763985440648264e-02
1.465612768445389569e-01 2.932529839826464313e-02 -1.043430094362226834e-01 -2.337869327676378450e-01 -1.744176685375747604e-01
-7.588082107455298986e-02 -1.046654120208790201e-01 9.032632966777237593e-02 5.996201832216722927e-02 -1.315907443962071877e-01
5.202696138678228333e-02 1.341718770373005465e-01 -1.034598824483896340e-01 -4.797746403597628884e-02 1.868015881047171423e-01
6.018286160542768437e-02 1.443215679046236100e-01 -1.153541316832360775e-01 -5.252489998930900961e-02 1.976697922383961192e-01
5.964318640866218824e-02 1.494266728868977323e-01 -1.153541316832360775e-01 -5.497443086682865521e-02 2.070183909378799092e-01
2.799507927689352110e-03 1.200205194844561618e-01 4.967558584478676265e-01 4.064730257769981481e-02 -2.244547193977689259e-01
-2.777097047596821522e-03 -8.038877666726215732e-02 -9.972718787865442192e-02 -4.611379689776280710e-02 -9.358811717596086932e-02
-4.792843481436050157e-02 -1.743160631764985591e-01 -9.351228818237010409e-02 4.728779853533800204e-02 -1.240894590448796825e-01
-1.159809691747174104e-01 -2.136710866986951118e-01 -1.102526543585558988e-01 6.938604555350692815e-02 -8.770427227600373354e-02
-1.213603549847405288e-01 -2.267078442543738470e-01 -1.087360235078768944e-01 7.443109944500750363e-02 -9.941720430588492363e-02
5.415497481494527254e-02 1.380367107225712320e-01 -1.150936514227558216e-01 -5.096799403577662035e-02 1.975613640587053910e-01
-7.792512224509456908e-02 -1.471708280966423643e-01 -6.756398901844903881e-02 5.217051664212013495e-02 -5.693175886298096344e-02
6.849303509681835267e-02 1.652831168842097964e-01 -4.951123272560304517e-02 -6.124245929897295659e-02 1.735349993201226737e-01
6.884805111166288072e-02 1.667868534262458846e-01 -1.142594582407365500e-01 -6.062584887597451122e-02 2.202359460036621142e-01
8.109652858459864833e-02 1.453974792417588868e-01 -1.048071987997011845e-01 -7.111762251993292150e-02 1.875882611655282917e-01
6.983085573371930477e-02 1.693957627944669420e-01 -1.153921813528646922e-01 -6.157901137392179924e-02 2.219131025984834027e-01
-9.182159003801393382e-02 -1.625903671485923185e-01 -7.801678153858568332e-02 5.641724011550831863e-02 -6.836885144692403382e-02
-7.876969676484564531e-02 -1.482814261867961281e-01 -1.075666337498210334e-01 4.848445845639944018e-02 -4.444156584380573594e-02
-1.164672932641751812e-01 -2.153433068097790337e-01 -1.085280865191989019e-01 7.050839464221667074e-02 -9.054731962921142019e-02
7.073041123414473830e-02 1.532516050578394684e-01 -1.043523458202580689e-01 -5.506761695219684893e-02 2.078711258478080082e-01
5.343109749080740545e-02 1.341556742575899519e-01 -1.141141960954744072e-01 -4.947544381375282296e-02 1.936366090661617856e-01
5.813008490123978966e-02 1.475089329447933917e-01 -1.154640217931261897e-01 -5.428772451758943907e-02 2.051643096529016386e-01
5.263683367236245136e-02 1.337309454523833707e-01 -1.131925367022946355e-01 -4.901242548934822696e-02 1.915869137523932009e-01
6.937140394809902799e-02 1.705518351753729789e-01 -1.149255146861980215e-01 -6.193146886051269229e-02 2.227339468643723674e-01
3.200769436296729831e-02 4.807915389335694345e-02 -1.140654720517318699e-01 -1.897298553005436275e-02 1.211775383252975402e-01
8.256049016646689609e-02 1.519444431762833336e-01 -6.058017603592493611e-02 -6.645656766542994143e-02 1.563851440267391146e-01
-1.121364918006864247e-01 -2.107285594906794235e-01 -9.226099249149623260e-02 7.071938446546748025e-02 -9.617694296500592377e-02
6.904325199093419574e-02 1.666528286452828300e-01 -1.153921813528646922e-01 -6.065663865353641826e-02 2.200010549370008672e-01
5.625362675633206744e-02 1.444681080289684783e-01 -1.155566143857187783e-01 -5.322245137433534445e-02 2.024958850605733662e-01
6.456057060220075916e-02 1.589409599938814976e-01 -1.152588935879979848e-01 -5.825727599125080092e-02 2.147583872437286712e-01
1.858376070191905885e-02 6.429689382554286403e-02 -1.137472138277451222e-01 -2.534613603501917681e-02 1.362704521474648045e-01
-1.981790010058277762e-03 1.821038891952365957e-02 -8.706797711494761172e-02 -1.298697548634199922e-02 8.709104781332793754e-02
7.798730528697764286e-02 1.723456280346563341e-01 -8.547482598096381445e-02 -6.855644163385037071e-02 2.037361439436350397e-01
-1.091510825545467939e-01 -2.009531845570385333e-01 -1.085077828743179068e-01 6.566700154165937275e-02 -7.894097207751527012e-02
5.352990610852023656e-02 1.323133526938160831e-01 -1.134788386763318502e-01 -4.887104220766314011e-02 1.923897540475744961e-01
1.633977859970427160e-01 3.774721560137531129e-02 -1.024082513773922343e-01 -2.588582702475591413e-01 -1.910766900456464801e-01
-1.139753267469226783e-01 -2.081367595841825402e-01 -8.702413623043309121e-02 7.066967287822215060e-02 -9.804757537410463408e-02
-1.219472366948297359e-01 -2.283709006687620890e-01 -1.077206838937073280e-01 7.487187988624521839e-02 -1.017157063243462195e-01
-1.235551474466116684e-01 -2.316024520975110967e-01 -1.087537639373820364e-01 7.608698818198421365e-02 -1.033648102319649903e-01
-1.012140972728920729e-01 -2.056552512319241022e-01 -1.076125751939578656e-01 5.289033332717313352e-02 -1.007401387475166388e-01
7.071375336126561884e-02 1.716816714017340428e-01 -1.154806769280859319e-01 -6.239671672361571386e-02 2.243121573312834294e-01
-7.478018168764775930e-02 -1.342085776639531103e-01 -1.077230287861999924e-01 4.405882277558378912e-02 -2.473319946186790241e-02
5.419380236277759888e-02 8.324988337234856539e-02 -1.147380261767206033e-01 -1.007136602390826113e-01 6.248044494685149608e-02
-1.136817650141205283e-01 -2.105403169342182634e-01 -7.007696552829037473e-02 7.420996040864555332e-02 -1.100108251017857669e-01
7.102206815094172510e-02 1.724060130527903245e-01 -1.148354047960881280e-01 -6.250344423671631844e-02 2.242757554974284806e-01
-1.200233830946126068e-01 -2.242566691967592396e-01 -1.079988334623142587e-01 7.354565974827721730e-02 -9.804332082871453080e-02
-1.210066993218374409e-01 -2.250200247357945771e-01 -9.805368486268994932e-02 7.535637892484438327e-02 -1.048567721279679565e-01
-1.180434701381870843e-01 -2.212901764008155248e-01 -1.063262427854229780e-01 7.254037697067694523e-02 -9.670745348708230382e-02
