-1.155775151256205335e-01 -2.116169264223082824e-01 -1.020956092661551295e-01 7.076211562254586251e-02 -9.492574457354369111e-02
-6.986993036028067705e-02 -1.162846335241239093e-01 -1.098774473783265676e-01 3.697010953158171714e-02 -1.104031662562212669e-02
3.311776495610332938e-02 9.582164501153422886e-02 -8.164845692730715587e-02 -3.166592439468655928e-02 1.403108582294806950e-01
6.307650201759455733e-02 1.769418644458943812e-01 -3.144530346164783885e-02 -5.276902032277892840e-02 1.728078970775442647e-01
6.818943552835691341e-03 4.743097451307083656e-02 -1.154715603544360369e-01 -1.991224054587049583e-02 1.238091359242376455e-01
-1.075775560498102440e-02 -4.854822797114361627e-02 2.641644548044471130e-01 6.247892671716984148e-02 -1.662827446297958367e-01
1.177410369043697114e-01 2.890641441450799709e-01 -2.640792219458601431e-02 -3.887550841336773200e-02 7.912927516100437542e-02
-3.559981334319085866e-02 -4.828327713449545588e-02 -1.155686477330768180e-01 1.319657119822964866e-02 4.803331134152916126e-02
-2.279202433532648980e-02 -1.099963309686662061e-02 -8.363214359206867787e-02 4.771088295312585735e-03 5.465837186360247152e-02
7.168876932248689771e-02 1.771308307211390265e-01 -1.162806525548033265e-01 -6.427826575596905234e-02 2.282309402382871888e-01
6.853668609267850320e-02 1.707286475022814498e-01 -1.161816426538132135e-01 -6.231264603003876246e-02 2.242555546947126721e-01
6.893947861849927805e-02 1.718974153049638021e-01 -1.159949382690890346e-01 -6.260366079660834027e-02 2.245834383196400885e-01
7.436364076428310377e-02 1.791724063599789696e-01 -1.161816426538132135e-01 -6.537226476183281842e-02 2.322944334596850624e-01
-1.200763385255793902e-01 -2.182544728248630439e-01 -7.839988077496269636e-02 7.700631264169155443e-02 -1.118322945717693667e-01
-1.064151125703874934e-01 -1.876104917168099073e-01 -5.119465633861246950e-02 6.961355199885244094e-02 -1.047739043609058895e-01
8.758147207242123616e-03 2.876235779104342749e-02 -1.139421230021066822e-01 -1.146385444548761109e-02 9.742798095344588905e-02
-1.932259040239667214e-02 -7.154041381552192491e-03 -1.018277834614320781e-01 5.592216568068211074e-04 7.109049048681573280e-02
6.542753727581686329e-02 1.849571053238991403e-01 -2.765241632731300220e-02 -5.525975862281903850e-02 1.772670636678846112e-01
7.463352337531777014e-02 1.755730941681677704e-01 -1.162591620336581727e-01 -6.428961814860856272e-02 2.308003063137645250e-01
4.672048549672656870e-02 1.221196320016522952e-01 -1.156443477728148761e-01 -4.504790306559501578e-02 1.772782463436398392e-01
-1.052348793122385023e-01 -2.208310581542544393e-01 -8.196990926499117536e-02 7.978521249158242179e-02 -1.284474767098350290e-01
5.848724260104472272e-02 1.493449501300135596e-01 -1.160186933744846299e-01 -5.511423072524386513e-02 2.076709999506542725e-01
-1.131095446503415231e-01 -2.057063857224087633e-01 -1.011988199169474023e-01 6.893485463396456514e-02 -8.795153694961339863e-02
-4.194251429740286641e-02 -6.651168344069213756e-02 -1.134688768026111405e-01 -3.676115618597267792e-03 4.180709425237114085e-04
6.724631080421251961e-02 1.667679433804877820e-01 -1.160752596750898175e-01 -6.094777275826197827e-02 2.213287193406198727e-01
-9.158005705931930585e-02 -1.614454943927472463e-01 -6.549047894004672576e-02 5.843229453907017312e-02 -7.388308338147818455e-02
-3.570797242150913764e-02 -5.034036576644658478e-02 -1.154336943128283638e-01 1.410190483635948011e-02 4.606053857832525383e-02
6.373170445748030377e-02 1.461500001729652831e-01 -1.056207301930460751e-01 -5.284826815524981680e-02 2.019832601845134301e-01
-1.289681179322711702e-01 -2.400354586753339903e-01 -1.015183140610169260e-01 8.067075282439631345e-02 -1.149453168965693522e-01
7.084347133298329879e-02 1.750853761756844817e-01 -1.160533798275305839e-01 -6.357585667397086526e-02 2.264757644134889336e-01
1.287935500008500697e-02 1.391621730139524504e-01 6.137040019199803131e-01 4.486085944968491723e-02 -2.807592440207301587e-01
-1.304485541961545869e-01 -2.446123817522570243e-01 -1.113644679071707777e-01 8.088582949684378076e-02 -1.121417951306440813e-01
7.225209268182676559e-02 1.765306095902380579e-01 -1.157816426538132160e-01 -6.419193556497711228e-02 2.282416907478470869e-01
-5.705077939697267286e-02 -9.612845372965379831e-02 -7.695846929021032956e-02 3.647853618349868737e-02 -2.626433295680598995e-02
-3.652347549187244524e-02 -4.474145465027640212e-02 -8.308559867598550031e-02 1.655968672657023161e-02 2.619773276012758029e-02
-1.170437152183258084e-01 -2.212273097869143224e-01 -7.541375006968369099e-02 7.718469502414616878e-02 -1.133152272630291585e-01
6.602343627224620259e-02 1.604833085280130966e-01 -1.153008648731807806e-01 -5.824629154897270622e-02 2.125492732416330299e-01
6.325649338793216947e-02 1.563980319572278732e-01 -1.155281376004535093e-01 -5.723234834046625474e-02 2.122378739489229060e-01
7.085725336960235765e-02 1.746848972510513798e-01 -1.158406138700837917e-01 -6.341624505548357216e-02 2.261408681092693385e-01
7.437572416399279573e-02 1.754109494653253998e-01 -1.161816426538132135e-01 -6.416820915175172613e-02 2.303326225604639677e-01
-1.272651163757009540e-01 -2.366798489342286094e-01 -1.110608956340114334e-01 7.815117507979306433e-02 -1.063665035368573236e-01
-1.290324938662604504e-01 -2.412068759612556179e-01 -1.109257604988762996e-01 7.972501976472838592e-02 -1.098944281840099346e-01
5.910405973474487651e-02 1.261886560327273865e-01 -1.164912212508456002e-01 -4.651739921941003275e-02 1.869456768469011099e-01
6.646164078834455868e-02 1.624046538191749600e-01 -1.061816426538132185e-01 -5.830750663870325201e-02 2.129277244204571262e-01
6.966013644731650079e-02 1.733210905357947806e-01 -1.160678865973565066e-01 -6.315044470321558301e-02 2.261466540064033803e-01
-1.144388106437470992e-01 -2.068141942561011748e-01 -1.109366618558501882e-01 6.801459923876658487e-02 -8.279788457393089107e-02
6.739980564382701267e-02 1.736863215268057148e-01 -9.644220554809362911e-02 -6.061159819813287386e-02 2.133619985132846342e-01
-7.951034944620563594e-02 -1.349518442947287844e-01 -8.530959347605523990e-02 4.670959689050702135e-02 -4.128836744782644202e-02
-1.310916264562198563e-01 -2.462090001097449465e-01 -1.111035983419533801e-01 8.147085077448462664e-02 -1.135292286219586194e-01
5.797638503015915823e-02 1.462932918359643453e-01 -1.159372726621027971e-01 -5.396141163081100145e-02 2.052210714799440616e-01
1.114968467080205625e-02 5.879269404989267978e-02 -1.136215642202858811e-01 -2.515153629671392985e-02 1.319522616192844999e-01
-4.383318182151486192e-02 -6.030055633562046019e-02 -8.137143145928246724e-02 2.140256665780004841e-02 1.821975801153253791e-02
7.108251209868096665e-02 1.775925629431717445e-01 -1.161816426538132135e-01 -6.467714960527620738e-02 2.295107632849326396e-01
3.321136896233812807e-01 1.628591621271201773e-01 -5.847195752254043949e-02 -1.750865788674092066e-03 -2.805343219501509888e-01
-3.111475586614974309e-02 -4.273635128982659903e-02 -1.035088557855582264e-01 1.710943920775390842e-02 3.019123172247194925e-02
7.001428638719485453e-02 1.722059764301926699e-01 -1.113517546262507568e-01 -5.998788825573557471e-02 2.166183210948377791e-01
-9.401725957904830122e-02 -1.673971599903475160e-01 -1.105355580763030532e-01 5.458512334150347756e-02 -5.094863862753838679e-02
-1.268721006106056370e-01 -2.357919558668371551e-01 -1.008728217914508646e-01 7.902154797025037758e-02 -1.119178742860991588e-01
-1.170674754570257270e-01 -2.241505492559752455e-01 -7.486097015047274428e-02 7.822553568329906892e-02 -1.152399858840874453e-01
6.554460996535944883e-02 1.627050584620601814e-01 -1.161430003999018856e-01 -5.954670423700483828e-02 2.180176561524796996e-01
5.885847708271366163e-02 1.522812689229515737e-01 -6.368031307946381281e-02 -4.792307241685618557e-02 1.683841723849294758e-01
6.043018634976209114e-02 1.642832897369155554e-01 -6.405947778164833295e-02 -5.343234549021924629e-02 1.824296653736907359e-01
7.475362989899207722e-02 1.433714605451260615e-01 -8.334712599819035783e-02 -4.039574964869858953e-02 1.432502275799904801e-01
6.816260943130561523e-02 1.685460303525379566e-01 -1.157416039690936788e-01 -6.151451838884391954e-02 2.222393397857619080e-01
2.462587848589920317e-02 8.154233509579167372e-02 -1.023081469321834025e-01 -3.009184997786540708e-02 1.426056584362022650e-01
6.203442434989887844e-02 1.564554813065569538e-01 -1.159543699265404848e-01 -5.739017395741617678e-02 2.124323167985576466e-01
6.816260943130561523e-02 1.685460303525379566e-01 -1.157416039690936788e-01 -6.151451838884391954e-02 2.222393397857619080e-01
7.694526102028677317e-04 4.540741964041411505e-02 -1.040809864587471240e-01 -2.325775236023589279e-02 1.150091113295754336e-01
6.549843731272492198e-02 1.637823084019974784e-01 -1.162742352464058160e-01 -5.998353901505344699e-02 2.187478804570535673e-01
6.902046457216236275e-02 1.714072668065922400e-01 -1.160529103098117826e-01 -6.235181527338870544e-02 2.239752502393039524e-01
6.202713887300462248e-02 1.569212889083310691e-01 -1.058256375825390172e-01 -5.573746858373228308e-02 2.040072332046331538e-01
6.031327856478913008e-02 1.501214875482674849e-01 -1.155227818647786286e-01 -5.520875105697047036e-02 2.071832326760262577e-01
-9.128618712802075152e-02 -1.567998063981027035e-01 -1.030431750814447683e-01 5.178249641753414345e-02 -4.681714040770464103e-02
1.021353429786946709e-01 2.006531592734839275e-01 -6.622487868015047852e-02 -5.192836872184569685e-02 1.491852831333209950e-01
5.955073263014132312e-02 1.495476837159718519e-01 -1.063680157467397080e-01 -5.386678222958023177e-02 2.022383994988608824e-01
6.453555838393461308e-02 1.383993265868447009e-01 -1.063542253606088728e-01 -5.065469478588624508e-02 1.998611722012573200e-01
6.633426819692674059e-02 1.626751236864190375e-01 -1.061816426538132185e-01 -5.831900850228156907e-02 2.128240760277162469e-01
6.817315326683331955e-02 1.737460044714681517e-01 -9.609546736961811775e-02 -6.045361494948287007e-02 2.127928435922453176e-01
5.106734302636843637e-02 1.232163039868119647e-01 -1.131411893122270113e-01 -4.499049593378835754e-02 1.801336911869003132e-01
1.847436341197063459e-01 1.977451998857895910e-01 -1.137889943516587621e-01 -3.827687644644035825e-02 2.861434835394263687e-02
6.027308956347469937e-02 1.525979663416362486e-01 -1.058684620394997333e-01 -5.466978150362991618e-02 2.031543811498106311e-01
6.158041286583994245e-02 1.551879689356212288e-01 -1.159688766963664075e-01 -5.695010191745678019e-02 2.119077855921961129e-01
-8.940948778206088410e-02 -1.377769216206918834e-01 6.422727574691647345e-02 6.918795115238844662e-02 -1.465341504841167486e-01
4.458682573757287437e-02 1.224426669683287006e-01 -1.160133443484413773e-01 -4.564866368377112904e-02 1.850739433198198836e-01
5.889087611408595768e-02 1.530086248615170064e-01 -1.158872724637488028e-01 -5.612625262279084815e-02 2.091337830383832586e-01
9.777712467496403603e-04 3.175484734273058274e-02 -1.174128782161407147e-01 -1.479476370496573059e-02 1.142650670265839413e-01
6.284817096028796901e-02 1.492502729712613940e-01 -1.153848984866261557e-01 -5.426256714651248036e-02 2.030925820855029595e-01
6.445821319176377184e-02 1.537291620878836196e-01 -1.153008648731807806e-01 -5.599522255242661561e-02 2.081445240482259207e-01
5.404645816024368499e-02 1.411728241591544419e-01 -1.059115864522604672e-01 -5.111865399154610912e-02 1.947664330572714542e-01
-1.310916264562198563e-01 -2.462090001097449465e-01 -1.111035983419533801e-01 8.147085077448462664e-02 -1.135292286219586194e-01
-6.944615188596249544e-02 -1.020431603696015654e-01 -9.935672835906858569e-02 3.187158462270901077e-02 -7.321400476490625212e-03
6.447402278347798277e-02 1.633665884909367705e-01 -1.153033701051804361e-01 -5.944175972597122437e-02 2.163716695469415918e-01
-1.102015966261419150e-01 -2.014794529363379827e-01 -9.971375474300053776e-02 6.790526690210237082e-02 -8.603212253178703361e-02
-1.029399574805113377e-01 -1.802152213765599309e-01 -8.129622025119009887e-02 6.326847492986642507e-02 -8.194757850552776557e-02
6.713711935068791825e-02 1.663296301618649720e-01 -1.160581624106521298e-01 -6.080933580904843150e-02 2.208916183611897288e-01
5.195751901189035737e-02 1.394336692668129152e-01 -1.130230664834120241e-01 -5.115720204471804755e-02 1.966209226101456042e-01
-8.353724664515187193e-02 -1.429376775817506329e-01 -1.108668767023784779e-01 4.594231372872170649e-02 -3.161773040957856218e-02
-9.088448469735763147e-03 -5.324318914203542141e-02 -1.104323202512648983e-01 1.149484144650277269e-02 5.911569946569864703e-02
3.938576873388756339e-02 1.247411733421250057e-01 -7.019549003345926241e-02 -3.986199105700355405e-02 1.547589094781887664e-01
-1.209209780474936463e-01 -2.237248693862960436e-01 -1.104432636360420938e-01 7.384081989129200052e-02 -9.586771040172228919e-02
3.938920092880830726e-02 1.146275647435690270e-01 -7.019549003345926241e-02 -3.675539666372168446e-02 1.502210800168450044e-01
7.204884600454702914e-02 1.775649794756717637e-01 -1.161816426538132135e-01 -6.466225604717409925e-02 2.296256489153642444e-01
2.119486697724462868e-02 9.533213112154828583e-02 -9.019701523914894215e-02 -4.867449227119760580e-02 1.560810377440292884e-01
-7.090704092083323362e-03 1.967359047461789134e-02 -1.073813773220239076e-01 -1.242533733555206341e-02 9.927203657905264711e-02
-7.232496197012272532e-03 -4.319481924010065699e-02 -1.143954437559476234e-01 5.828880975764947833e-03 7.232085438797851429e-02
3.413429474394537311e-02 6.079396175552274906e-02 -9.326227359648404935e-02 -2.402229069274785730e-02 1.306457490378746811e-01
3.119066582550800507e-02 1.903684673209909139e-01 5.955754874215444250e-01 3.192954229308492264e-02 -2.415542818808450176e-01
3.922033407434288854e-02 1.121544719199144557e-01 -8.241585272872353762e-02 -3.841133067519017508e-02 1.552798521741803051e-01
-6.119096649724910242e-02 -1.053059028929425878e-01 -1.070555566688510818e-01 3.466619873573291433e-02 -6.686024354805747763e-03
-8.380995527595845596e-02 -1.433735398312178666e-01 -8.711923631489065789e-02 4.970075959052017156e-02 -4.619433786594551866e-02
-1.235332304995249153e-01 -2.290929367192057753e-01 -1.128265637348326716e-01 7.574950770213487172e-02 -9.841599427800533373e-02
-1.283412207629659463e-01 -2.407508647969901217e-01 -1.107584073011101677e-01 7.967727746163276448e-02 -1.097726381711311705e-01
-3.550669397216644346e-03 3.059437149210907092e-02 -1.111081768090810967e-01 -1.423241824248723184e-02 1.070036223532259412e-01
-3.655031960648707362e-02 -4.552223879309082871e-02 -1.013815749899820984e-01 1.422326572655212285e-02 3.903587060890518351e-02
-1.204107895266658540e-01 -2.259827052176597850e-01 -7.497706023603996350e-02 7.910514239815830129e-02 -1.180078353736000868e-01
-1.215739710095725262e-01 -2.263991055012718190e-01 -1.019112758567969346e-01 7.595723310134090689e-02 -1.031248724366031488e-01
4.507314400284997968e-02 1.345199904131686997e-01 -1.165032040060690333e-01 -4.968834102974498124e-02 1.921545973777729899e-01
6.243656264272716416e-02 1.576561641991662543e-01 -1.162806525548033265e-01 -5.776604243601932143e-02 2.130479826107738173e-01
-1.211722719901338341e-01 -2.236550235336409731e-01 -1.101574762122751183e-01 7.377910619831323791e-02 -9.657229637802625111e-02
-1.003546171874020038e-01 -2.074058035337302264e-01 -6.043967054368255126e-02 6.165550871414851586e-02 -1.267627459344614349e-01
-9.033227378173272482e-02 -1.643746620804832637e-01 5.754226805390216803e-02 7.591895396489711789e-02 -1.496715764168587981e-01
5.416391940607158395e-02 1.105840970163860515e-01 -6.139110718299679859e-02 -1.673220583500929434e-02 5.915437489257070747e-02
-1.085637985697554958e-01 -2.001885874676911925e-01 -1.107157549430205640e-01 6.595124800790495845e-02 -7.742721609669823979e-02
-1.147796039569741466e-01 -2.092468428540569803e-01 -1.103487818971384676e-01 6.881101837592604187e-02 -8.469493947344115814e-02
7.070774764597388684e-02 1.744220769747348576e-01 -1.160678865973565066e-01 -6.354031659135557508e-02 2.272610176124039982e-01
4.990815181689538249e-02 1.114646370095077332e-01 -1.058327723149950217e-01 -3.810367082526303073e-02 1.514516383897636098e-01
-1.188762329094622122e-01 -2.242354943262429012e-01 -1.097308171890934159e-01 6.648283923645997850e-02 -8.921295009160000455e-02
-7.735156007808799417e-02 -1.587400596307606271e-01 -1.150360539042243890e-01 1.062613016089940764e-02 -1.853476741441411474e-03
7.544614979930687471e-02 1.782462314405826864e-01 -7.578164265381322207e-02 -5.950219656685480640e-02 2.066312848543141178e-01
1.207849976882593712e-01 2.025367914307310002e-01 3.549699692384983285e-01 -5.432646543917417359e-03 -4.687067597059944857e-02
-1.277183083428858612e-01 -2.381883007926373086e-01 -1.079945045372074086e-01 7.910390428455815748e-02 -1.095046290237218362e-01
6.888065704539776679e-02 1.699733457864534003e-01 -1.161816426538132135e-01 -6.208250445139386342e-02 2.240619669821102555e-01
7.046684678768644350e-02 1.744800348496732267e-01 -1.161816426538132135e-01 -6.358357477958345716e-02 2.270522268393637966e-01
-1.134548413352327867e-01 -2.059399433017239656e-01 -8.737012884649515698e-02 7.120325041311459380e-02 -9.744724457472847545e-02
3.783605988157789923e-02 1.025029956875650183e-01 -1.155627431800590882e-01 -3.885131334042943307e-02 1.696586561192226505e-01
-3.429112147673275129e-02 -3.332443178689551561e-02 -1.086370448593992344e-01 2.363223556076434265e-03 5.976259874574103154e-02
-1.203639911107337868e-01 -2.247746579231486852e-01 -9.642130556629197047e-02 7.591758748337612550e-02 -1.050136961580409728e-01
-1.152936126285529772e-01 -2.170763942653060885e-01 -8.124691937919858997e-02 7.492491291391843722e-02 -1.064939029085884281e-01
-1.154401344632088600e-01 -2.221545630232756863e-01 -9.135725464925499584e-02 7.124389138421645395e-02 -1.116751368825344842e-01
-1.610238820561117612e-02 2.107885456912664268e-04 -9.951044311507768747e-02 -6.526013771561874066e-03 6.690225190773674280e-02
-9.617060303028751589e-02 -1.712939949687238284e-01 -1.082213093463913200e-01 5.673956161519037866e-02 -5.512890652947703696e-02
-1.152546193987823153e-01 -2.097796001154309253e-01 -1.108795970153147181e-01 6.861545991939543843e-02 -8.556508314347546773e-02
5.198888200284981775e-02 1.373341009791168021e-01 -1.147911122030649267e-01 -5.059679398083472002e-02 1.956231677259864521e-01
-9.980927613678310106e-02 -1.843292711883322554e-01 -5.270146640209804473e-02 6.742424519002883365e-02 -9.723901230733092427e-02
-9.798631389450082607e-02 -1.784381615373369367e-01 -1.031747666419437909e-01 5.509790282239979131e-02 -7.147992908398734246e-02
-1.301786172673184971e-01 -2.439457150855903478e-01 -1.113644679071707777e-01 8.065629273823358980e-02 -1.116287968300856831e-01
6.078231567930418577e-02 7.253470166615394454e-02 -1.167499847935984658e-01 -1.541500765684582219e-01 2.589523136296685846e-01
-1.294201409484734000e-01 -2.425171176519336780e-01 -1.098725686148906977e-01 8.035881291310109642e-02 -1.113460171961676015e-01
3.841143053748642677e-02 1.071500743921048604e-01 -1.158135205943700979e-01 -4.037075381952270892e-02 1.724136672353622501e-01
2.680588820015647120e-02 8.133973471508182396e-02 -1.039062354581790498e-01 -3.004105715354931164e-02 1.459419003262455716e-01
-1.225390739952720714e-01 -2.319277316368385522e-01 -1.011898052385050983e-01 7.355132076028597643e-02 -1.141024288318474439e-01
-1.277639295578702761e-01 -2.387253848030042036e-01 -1.100952726354520322e-01 7.906231778235654761e-02 -1.081811352933036430e-01
1.906816500212541246e-02 7.190845755066421763e-02 -1.104850755901764514e-01 -2.754427373145371463e-02 1.397545885809208799e-01
-1.236090492349384701e-01 -2.286189933162636467e-01 -1.075859611228778268e-01 7.593453569358520061e-02 -1.020662091244510100e-01
-1.305389348642916891e-01 -2.448355960379712815e-01 -1.113644679071707777e-01 8.096268332227130049e-02 -1.123135579544917578e-01
-1.289464463423579954e-01 -2.413423399443904993e-01 -1.097840730396694719e-01 7.996633583179579841e-02 -1.104972200771155294e-01
-1.110284556360277147e-01 -2.015114450889387843e-01 -1.049369904119640262e-01 6.723916145034537772e-02 -8.186395749102011454e-02
-1.208090774281761759e-01 -2.290856829446396847e-01 -8.803604328776572230e-02 7.964896394922013623e-02 -1.153673610080507145e-01
-1.025751936130493008e-01 -1.880566202533666409e-01 -1.175870552670255503e-01 6.113840893888067285e-02 -6.161861115028773039e-02
-1.004497247363437401e-01 -1.740067526297055522e-01 -9.724683043517219627e-02 5.857354786166228677e-02 -6.694353554780387017e-02
-8.514867767623286732e-02 -1.680307279669429055e-01 -9.496258139525552699e-02 3.530890457714115638e-02 -8.119382860381249567e-02
-8.085312068011839270e-02 -1.337300723133601488e-01 -7.037147677115694611e-02 4.874168325261368784e-02 -5.144900639970333145e-02
-1.095048784792177071e-01 -1.998303961813144292e-01 -1.120059958774959202e-01 6.355711683640270782e-02 -7.379598730331224377e-02
-6.816240001902198337e-03 3.283528747788107272e-02 -9.647237939047959010e-02 -1.158921386192150044e-02 9.453657603837721524e-02
6.748940825400025212e-02 1.689859419841450161e-01 -1.060533798275305611e-01 -6.033942563843679163e-02 2.161603595069447881e-01
-8.580410006979531656e-02 -1.540558725915769644e-01 -9.419882778599729389e-02 5.141636325051120171e-02 -5.234077081940456677e-02
-1.085662740082522226e-01 -2.022503928491835856e-01 -1.125995511353312939e-01 6.224241872293310995e-02 -7.293566910343005083e-02
2.177840364126743325e-02 7.637044279576493677e-02 -1.100637262590978549e-01 -2.918995822522313724e-02 1.434302234589547587e-01
-1.260490509768606715e-01 -2.363661270136281911e-01 -1.065604105969651938e-01 7.851592575866073176e-02 -1.079981194553669144e-01
-1.418315522467164524e-01 -2.686617431142496182e-01 -1.084798807749627059e-01 9.031112039011444936e-02 -1.326706109284964963e-01
-1.199957167722333767e-01 -2.285143582084791236e-01 -1.112678514929321960e-01 7.280600546532547956e-02 -9.564042743482360776e-02
-7.162307006563987943e-02 -1.246074807115120087e-01 -1.172943377968198725e-01 3.965928708769571320e-02 -1.353385152860863035e-02
1.456481915614438460e-01 1.633710871844834545e-02 -1.154224220455370986e-01 -2.434249451465941849e-01 -1.853884171064624498e-01
-6.004751461044158245e-02 -1.019977508134556621e-01 -1.140083545880275079e-01 1.049179384930129175e-02 2.241561656082948634e-02
-1.267706988182609185e-01 -2.369968164917041764e-01 -1.104298809702162210e-01 7.838684736095501149e-02 -1.065239218909877633e-01
-7.944335547017138122e-02 -1.368465616693719800e-01 -1.020512915694260364e-01 4.530730241726872720e-02 -3.248243093203152798e-02
-1.123090108282659427e-01 -2.056318247733651128e-01 -1.114989477227434078e-01 6.742922490326433427e-02 -8.058642715249329791e-02
-1.308526468573978641e-01 -2.459237896616323638e-01 -1.180089813040632873e-01 8.109674185786208689e-02 -1.082076819964980924e-01
6.290116683462218528e-02 1.510328516313426406e-01 -1.056207301930460751e-01 -5.411723250378498717e-02 2.019257295608468672e-01
-1.197426684713492617e-01 -2.172332422174463595e-01 -9.419188447361301342e-02 7.394515052305671021e-02 -1.019552277810875929e-01
-1.011326226018144786e-01 -1.898184834511791041e-01 -1.051599826986592129e-01 5.570734097051406597e-02 -6.440013941968862621e-02
-1.272563125984750299e-01 -2.398702296204983653e-01 -1.012046084429634868e-01 8.034306962179509071e-02 -1.143083939191476134e-01
-1.291583299203290791e-01 -2.423657600165048664e-01 -1.101385633769184219e-01 8.015072299109510245e-02 -1.111201223644547181e-01
-1.217660452089404516e-01 -2.241259276914936427e-01 -7.580123911165628781e-02 7.926508546610334938e-02 -1.181075789972510920e-01
-1.231329861117653884e-01 -2.369575636338990543e-01 -1.013962137920491335e-01 7.517242335331444925e-02 -1.168909129120719731e-01
-9.609880092735058332e-02 -1.791177436389639610e-01 -1.037667787835819533e-01 5.191303577357690713e-02 -6.648305248199123940e-02
-2.401225246369896940e-02 -1.770316569772154708e-02 -1.113199907702627778e-01 3.284089483710049898e-03 6.713582648083873949e-02
-1.294873188636209427e-01 -2.431926830934279526e-01 -1.099847172230722647e-01 8.045603545465208895e-02 -1.118475911302119347e-01
5.499586848055251775e-02 1.424704909455307700e-01 -1.162420103008919708e-01 -5.243982929649812497e-02 2.009521313969701017e-01
-1.284917446115138306e-01 -2.399608752187629146e-01 -1.105907778291328747e-01 7.927774510448439005e-02 -1.091764819078697157e-01
5.245118362554972158e-04 -3.557581845521037844e-02 3.201854591683327422e-01 6.538266004347831339e-02 -1.867743238877414558e-01
-1.142456568277553375e-01 -2.058137008412828928e-01 -5.658110219577183048e-02 7.575970390765209006e-02 -1.158916456921266075e-01
-1.286134098186622332e-01 -2.382566236282725458e-01 -9.293940574513159802e-02 8.128053927094680553e-02 -1.190537745623263116e-01
-1.310916264562198563e-01 -2.462090001097449465e-01 -1.111035983419533801e-01 8.147085077448462664e-02 -1.135292286219586194e-01
-1.268327353092704446e-01 -2.372023406932494693e-01 -1.014217107912133570e-01 7.717942315663278707e-02 -1.101319174417501184e-01
-3.195008434289593746e-02 -4.009991317754699885e-02 -8.233441172592420587e-02 1.448162831787101236e-02 3.482238649713283174e-02
3.204607521556379623e-02 1.577871346228379990e-01 4.053655911810421508e-01 1.311515593541345837e-02 -1.229226953743162293e-01
-1.261427916753499467e-01 -2.413299678516804825e-01 -1.111035983419533801e-01 7.963216995840986800e-02 -1.079830112500628769e-01
-1.301137946897753528e-01 -2.444918283925732461e-01 -1.104975377358927840e-01 8.094680795486512703e-02 -1.124104676063294589e-01
-1.310916264562198563e-01 -2.462090001097449465e-01 -1.111035983419533801e-01 8.147085077448462664e-02 -1.135292286219586194e-01
1.039752719786228227e-02 7.499499147890145712e-02 -1.004182242371595285e-01 -4.237384156981092997e-02 1.449647857360628622e-01
-1.315810771382929512e-01 -2.465465335889235610e-01 -1.134750977141008171e-01 8.171659154123409041e-02 -1.120312323119818515e-01
-8.927052569530793957e-02 -1.716738418507532671e-01 1.688325071654390996e-02 7.024522580127701143e-02 -1.256193458111615757e-01
-1.253821669702287200e-01 -2.337426825704913558e-01 -1.107846865097672218e-01 7.725501433154341457e-02 -1.036138632362932077e-01
-1.275080612391412405e-01 -2.396769767109148963e-01 -1.071035983419533905e-01 7.716354074921161210e-02 -1.084481789803401902e-01
-1.282313728857084056e-01 -2.417262208703285786e-01 -1.112387334770885278e-01 7.730003764920102827e-02 -1.073987902621813678e-01
-1.246148227394223151e-01 -2.317288899947200220e-01 -1.105487075264034724e-01 7.650407999336603093e-02 -1.025005343049112116e-01
3.712367072838841653e-02 8.916137678387806020e-02 -2.248715814343799080e-03 -1.825738371874811861e-02 8.392645757965533360e-02
9.065575748682901114e-02 1.400045646854330972e-01 3.870791229249210819e-01 1.436070093262582781e-02 -8.754033234730915214e-02
-1.186641054870565121e-01 -2.152467377493938738e-01 -1.068896912513770531e-01 7.139549225461960802e-02 -9.190937889441905262e-02
3.519445083692102072e-02 9.764471562580329111e-02 -4.579988395674630675e-02 -2.763122384585198557e-02 1.221116984292303642e-01
-1.326256226009268624e-01 -2.575667676240535608e-01 -1.084798807749627059e-01 8.739275233742942184e-02 -1.307647119163465599e-01
-1.177080905433054298e-01 -2.168500791485236112e-01 -1.082388646362779094e-01 7.134417846032772847e-02 -9.151300569658582518e-02
-1.286069005142475574e-01 -2.401020659209142094e-01 -1.105490783046747250e-01 7.944280900068410867e-02 -1.091660601863971153e-01
-1.184309194712690472e-02 3.859870560226047465e-03 -1.063868130205788409e-01 -3.456683070838427463e-03 8.397455962399286156e-02
-1.173712090848773870e-01 -2.150704743416709808e-01 -1.107581618599393081e-01 7.077327517461602657e-02 -8.905711693552918751e-02
-1.265620266271833549e-01 -2.384509534736025949e-01 -9.451727216880535798e-02 8.108286046638522870e-02 -1.167150386195467265e-01
-1.296052549847457602e-01 -2.416072301982405413e-01 -1.011920939171746109e-01 8.125634490716432401e-02 -1.163567015673208221e-01
-1.094177654438779762e-01 -2.059379511767669702e-01 -4.938560265662256948e-02 7.599746637383679448e-02 -1.169028028178884654e-01
-1.287391057125276128e-01 -2.407751724499314905e-01 -1.113644679071707777e-01 7.961257072586128136e-02 -1.092616108456798824e-01
-1.220798393258997749e-01 -2.268056177406946039e-01 -1.113995688243990811e-01 7.496178754935485522e-02 -9.759225848989766527e-02
-1.118889653419117419e-01 -2.167185560427106750e-01 -1.122427314563686634e-01 6.409407188328784810e-02 -8.837433658661596192e-02
-1.222811299800706242e-01 -2.274319304841039280e-01 -1.112108110595484145e-01 7.498442110523542703e-02 -9.845585700626163783e-02
-1.295007596227840119e-01 -2.425325754757379215e-01 -1.099427893233857478e-01 8.039447319214346188e-02 -1.112903684202623256e-01
-1.209208014250574004e-01 -2.285256829859644845e-01 -9.173669261055138191e-02 7.291904572243315674e-02 -1.057796037084303004e-01
-1.259614915850947314e-01 -2.350514047984204324e-01 -8.581184498643161518e-02 8.122606454017983202e-02 -1.198665481593712973e-01
-9.779141664947804680e-02 -1.837704821343272565e-01 -3.743720437932934048e-02 6.669112613461734840e-02 -1.029090150943465926e-01
-1.208384946512328084e-01 -2.220590629711196029e-01 -9.751800357558018661e-02 7.501077005965821332e-02 -1.030921762908871553e-01
-1.259209216730010905e-01 -2.336842216495485791e-01 -1.115516849047326065e-01 7.719102166228490602e-02 -1.036510395334287876e-01
4.678311098895152065e-02 1.241156935547691187e-01 -1.155786546897650952e-01 -4.632430164302731024e-02 1.870600936230902844e-01
4.678311098895152065e-02 1.241156935547691187e-01 -1.155786546897650952e-01 -4.632430164302731024e-02 1.870600936230902844e-01
-1.091358432930232547e-01 -2.048193302733277710e-01 -1.062553158464395880e-01 6.072020161387813031e-02 -7.583383784218224177e-02
-1.175848961798363485e-01 -2.156424901384301207e-01 -1.040578746841866048e-01 6.863159289680660635e-02 -9.170407439796018911e-02
-1.095658096236771656e-01 -2.148741601558565584e-01 -1.103154528041931093e-01 6.240399934214962974e-02 -1.013290705064375796e-01
-1.310916264562198563e-01 -2.462090001097449465e-01 -1.111035983419533801e-01 8.147085077448462664e-02 -1.135292286219586194e-01
-6.707320831676914785e-02 -1.163879544928590193e-01 -1.022494168317079899e-01 3.794762152933146837e-02 -1.360586888535401419e-02
-1.138653886618231637e-01 -2.105242210424594917e-01 -1.109926564047618303e-01 6.928447775287908950e-02 -8.460080283461350603e-02
-1.189693031756191011e-01 -2.194101359673261142e-01 -1.128265637348326716e-01 7.256831795948852359e-02 -9.142537723558134821e-02
-1.303742780048070538e-01 -2.446290929479412180e-01 -1.104139431695395912e-01 8.101665368561941638e-02 -1.126939848335497402e-01
-9.230971387630385050e-02 -1.824854989501172309e-01 -8.729960278905721238e-02 4.550665342480525455e-02 -9.963046809295936224e-02
-3.030558971756527192e-02 -3.235646057609180282e-02 -1.112708418359296680e-01 8.031912770090554252e-03 5.733532329332421268e-02
4.191139259572145004e-02 1.188820883649917004e-01 -1.154590001134700172e-01 -4.184045113644356551e-02 1.736482014726235534e-01
-4.574141600324052592e-02 -7.163927537531546152e-02 -1.039088557855582379e-01 2.281037517000175305e-02 2.273449874730631634e-02
-1.016610800515958812e-01 -1.842899029528705934e-01 -1.024807946189735669e-01 6.157999895727558903e-02 -7.005994604070116261e-02
-1.150434782850517090e-01 -2.156570893108445963e-01 -1.114985734409849605e-01 6.983069179692368011e-02 -8.706252544727691167e-02
-1.303742780048070538e-01 -2.446290929479412180e-01 -1.104139431695395912e-01 8.101665368561941638e-02 -1.126939848335497402e-01
-1.213452142656273047e-01 -2.227127444235229847e-01 -1.117015078511814641e-01 7.329106477076242909e-02 -9.503503369666684020e-02
-8.360667837319700479e-02 -1.451913911377092081e-01 -1.091907288952789212e-01 4.711111900972612954e-02 -3.420082031859534438e-02
-5.991741697352845342e-02 -1.275302921559464120e-01 8.420791030663357657e-02 6.591079487152017025e-02 -1.270830008823081170e-01
-1.045681558675641137e-01 -1.889409206148821019e-01 -7.990595462100166801e-02 6.262171029986855764e-02 -8.380878444669410954e-02
-1.310916264562198563e-01 -2.462090001097449465e-01 -1.111035983419533801e-01 8.147085077448462664e-02 -1.135292286219586194e-01
-8.928990529220583172e-02 -1.456909440582083992e-01 -2.239173128836886850e-02 5.939380352889557513e-02 -9.040660503122560643e-02
6.277440629249106396e-02 1.815981880951608451e-01 -1.765241632731298638e-02 -5.264495125841472944e-02 1.676540223200167490e-01
-1.231810551116597624e-01 -2.245894316773821564e-01 -8.893330479536762367e-02 7.688957674164528799e-02 -1.114780827114430078e-01
7.975338334376046168e-02 1.846665645224926378e-01 -1.128227299875017020e-01 -6.443314004956976482e-02 2.272068082442010029e-01
6.931827156245150279e-04 2.451652110335263146e-02 5.124900102047397210e-02 9.393866136860214849e-03 7.127361294109168036e-03
-1.246038947018424659e-01 -2.328458640350452857e-01 -1.058540416970479014e-01 7.717618705000589552e-02 -1.064510074071934737e-01
3.072476502783455521e-01 1.487512584784662362e-01 -6.852936388429463344e-02 3.510772595676881630e-03 -2.528397928470875744e-01
-3.093727664134698213e-02 -1.500550207595202912e-01 -1.041711322927652839e-01 -2.411066804738149286e-02 -1.361797860128171334e-01
4.434838181559609682e-02 1.169232382744384013e-01 -1.156093977744020035e-01 -4.380478322533516711e-02 1.812901130384009241e-01
-7.602053536736780304e-02 -1.847000951674512836e-01 -1.126438883640119293e-01 2.776978082467635930e-02 -9.883989328650789885e-02
-1.310916264562198563e-01 -2.462090001097449465e-01 -1.111035983419533801e-01 8.147085077448462664e-02 -1.135292286219586194e-01
-1.222880225233242968e-02 8.109181865617626217e-03 -9.878452486231181773e-02 -4.016766184121733224e-03 8.102625887655072467e-02
1.559518803131943188e-01 2.871365295629622894e-02 -1.028135912790630185e-01 -2.570189207392858388e-01 -1.981624984402316492e-01
-3.279799743562512859e-02 -3.196453030263300688e-03 2.255962969200793755e-01 4.500534994664813493e-02 -1.427821046038432184e-01
4.672048549672656870e-02 1.221196320016522952e-01 -1.156443477728148761e-01 -4.504790306559501578e-02 1.772782463436398392e-01
6.294684696205632424e-02 1.512973148685922697e-01 -1.062709283680988992e-01 -5.459672219003647298e-02 2.051388486918613308e-01
6.719270316988067149e-02 1.664987856564840163e-01 -1.160186933744846299e-01 -6.110054231082888421e-02 2.219198654960582717e-01
3.774689755391757301e-03 1.253487047535739585e-01 4.791190466106455270e-01 3.571648760396183009e-02 -2.029309105629737708e-01
-5.076783201284922054e-02 -1.264675458461136381e-01 -8.337752989917918134e-02 2.148343204984477783e-05 -9.077269481608117585e-02
-1.147278378753226191e-01 -2.163280499438447191e-01 -1.140706102791086834e-01 6.912409628484691981e-02 -8.462172815844233587e-02
-1.311695161241638319e-01 -2.462762044108202097e-01 -1.112971467290501670e-01 8.147028624915966799e-02 -1.134920386525798824e-01
7.370140294667403003e-02 1.719591584472041912e-01 -1.160186933744846299e-01 -6.322547983909446168e-02 2.287948769513035718e-01
-1.040658336109610976e-01 -1.882554632205651335e-01 -1.012481290308690079e-01 6.317443237524834887e-02 -7.367304428302613728e-02
5.579170143899848944e-02 1.578070872571035455e-01 -2.679961403198982683e-02 -4.573278388447875320e-02 1.561090333429897004e-01
6.105582221426605893e-02 1.590033663479951398e-01 -4.663167655457430005e-02 -4.894926270228448784e-02 1.716568067982355006e-01
6.371184723401959737e-02 1.598084588416255059e-01 -1.160463960762113667e-01 -5.857242128952441784e-02 2.156549009046270782e-01
7.204884600454702914e-02 1.775649794756717637e-01 -1.161816426538132135e-01 -6.466225604717409925e-02 2.296256489153642444e-01
-6.351273326092331251e-02 -1.024392144337262500e-01 -8.989715202259281057e-02 3.173362182065710135e-02 -9.830020286063537518e-03
-1.178317382844543265e-01 -2.236934152482804028e-01 -1.113598518107423996e-01 6.929103422929971945e-02 -1.005871481702031861e-01
6.842398476526012630e-02 1.659149460980078317e-01 -1.157416039690936788e-01 -6.076887048892652687e-02 2.212759234998747937e-01
6.349482647150588022e-02 1.575852512240006609e-01 -1.158059274170378239e-01 -5.795921979894078091e-02 2.145419920934854008e-01
6.430944657531587061e-02 1.629328701524935807e-01 -1.160186933744846299e-01 -5.981660311312998746e-02 2.184283916338121412e-01
5.398690676084667850e-02 1.426698036476567732e-01 -1.105003899252086641e-01 -5.151253622818686984e-02 1.957922455143491225e-01
6.806784228255861879e-02 1.700884591527239142e-01 -1.157742695760799190e-01 -6.188983291365909856e-02 2.225801913978635305e-01
4.755685045270303946e-02 8.395418947473734517e-02 -7.590984588456813065e-02 -2.769115965095219137e-02 1.379892815434526909e-01
6.452381042061204608e-02 1.754012904851323940e-01 6.449270822688452087e-03 -4.612866163861843727e-02 1.406474395126361410e-01
-1.287919603449539652e-01 -2.408977912723759551e-01 -1.108343121640440465e-01 7.956345515476191677e-02 -1.096999896592665141e-01
7.137544422098396346e-02 1.757032773480121379e-01 -1.159688766963664075e-01 -6.399607057413407574e-02 2.281101335472121572e-01
6.769008724984461323e-02 1.661214603542683910e-01 -1.160186933744846299e-01 -6.099889289644683243e-02 2.220159689219327326e-01
6.674123743807078291e-02 1.672584588970118247e-01 -1.161816426538132135e-01 -6.123089209660949328e-02 2.216425760926915289e-01
4.043797239051894615e-03 3.917503769228578014e-02 -1.156794338518699755e-01 -1.694492230889212830e-02 1.177165723027997629e-01
2.773448205998773827e-02 9.249379401122720390e-02 -1.046265259565141437e-01 -3.999939122388694590e-02 1.587346029318369989e-01
7.185043248146512351e-02 1.824916269050866902e-01 -7.327730276127765452e-02 -6.000776302348227731e-02 2.022445823344626581e-01
-8.112379515339045166e-02 -1.386190929335189836e-01 -1.112240682838474687e-01 4.462980742589642280e-02 -2.741468423355910428e-02
3.865232939822663139e-02 1.123273915504621745e-01 -1.156770540306990419e-01 -4.216731067604502503e-02 1.764804458175188440e-01
-1.158441232616251870e-01 -2.143671762619305254e-01 -8.459080158057007137e-02 7.089945202917419254e-02 -1.012910475737475030e-01
-1.091627135954936073e-01 -2.075871622847320630e-01 -5.605640077815941813e-02 7.542221212542957187e-02 -1.137050839912263772e-01
-1.310916264562198563e-01 -2.462090001097449465e-01 -1.111035983419533801e-01 8.147085077448462664e-02 -1.135292286219586194e-01
-1.021638795886079115e-01 -2.073805573738954910e-01 -9.115926061404476533e-02 5.335147942771760465e-02 -1.190457419748664342e-01
6.854462656090649919e-02 1.710536431235230304e-01 -1.162806525548033265e-01 -6.238196753985243703e-02 2.242449159795484592e-01
-8.184128581759923804e-02 -1.417015240993296787e-01 -1.175315169985265001e-01 4.523652873264710772e-02 -2.551860499208453287e-02
4.177591134895189406e-02 8.217258075142430673e-02 -1.151797374694430026e-01 -7.922596129311916535e-02 9.081265265817173304e-02
7.070774764597388684e-02 1.744220769747348576e-01 -1.160678865973565066e-01 -6.354031659135557508e-02 2.272610176124039982e-01
-1.301137946897753528e-01 -2.444918283925732461e-01 -1.104975377358927840e-01 8.094680795486512703e-02 -1.124104676063294589e-01
-1.297415669138722027e-01 -2.437044941170500301e-01 -1.099847172230722647e-01 8.063455655423872048e-02 -1.122695867602191838e-01
-1.147932709758189423e-01 -2.181021395815665731e-01 -6.942485534534187375e-02 7.716605957326777565e-02 -1.144969212567755884e-01
-1.303742780048070538e-01 -2.446290929479412180e-01 -1.104139431695395912e-01 8.101665368561941638e-02 -1.126939848335497402e-01
