-1.013177841774171861e-01 -1.877550047619640505e-01 -7.814163241399429971e-02 6.553844672408340455e-02 -9.526378308404322148e-02
-8.745610827185133773e-02 -1.638229894833773681e-01 -9.994051527571319593e-02 5.420954759768689679e-02 -5.299214927027558197e-02
-9.576781556756241293e-03 1.634160425390961124e-03 -1.116451911855683016e-01 -4.161276085068638109e-03 8.538850531101065122e-02
6.886080636411923139e-02 1.687141064014870129e-01 -1.073180503192210367e-01 -6.012170866353448717e-02 2.163826873876124046e-01
1.100339798844966396e-02 5.079046915352462832e-02 -1.146718313002950962e-01 -2.079637015116230295e-02 1.259201870510014143e-01
-7.482969374495961057e-03 -3.580062171101153212e-02 2.309937451151746202e-01 5.359455525525953778e-02 -1.373954638882791957e-01
1.165139197188258258e-01 2.530366259156267006e-01 -1.148622144756987484e-01 -5.069140422552839698e-02 1.361557093946361430e-01
-3.760687734076870875e-02 -5.351768992041123357e-02 -1.154410620695258682e-01 1.505783317395138418e-02 4.448244185206717827e-02
-5.932609229891964986e-02 -9.526703862604454787e-02 -1.035910985534308354e-01 3.018233415277103010e-02 2.863215506305702776e-03
7.797319593889671940e-02 1.853670046753116696e-01 -1.172678748530572301e-01 -6.710600385887831310e-02 2.358333129382689519e-01
7.963846036169393294e-02 1.884930741085893702e-01 -1.172678748530572301e-01 -6.824535950729720968e-02 2.386044958118141712e-01
7.757847108688142868e-02 1.879185010563415303e-01 -1.172678748530572301e-01 -6.804958419896722788e-02 2.373964846036535070e-01
8.823468825855650122e-02 1.887571745817579749e-01 -1.172678748530572301e-01 -6.840048305786174121e-02 2.425490449971899887e-01
-1.339533500601580163e-01 -2.520039673335987551e-01 -1.183059677314844960e-01 8.328147344379556449e-02 -1.134359019201027080e-01
-1.020349161561087958e-01 -1.829221208512856467e-01 -8.559932398345398985e-02 6.214776164039502448e-02 -7.993552976007396726e-02
2.604224768987370778e-02 7.595713050257621446e-02 -1.175433269500176098e-01 -2.945042299921444770e-02 1.487142931000874635e-01
-5.309259439878408204e-02 -8.565153253900843755e-02 -6.668710799339470918e-02 3.143208573034356190e-02 -1.117033382092657949e-02
7.191558369683613561e-02 1.769710683476246882e-01 -1.173678748530572469e-01 -6.437979376579089363e-02 2.289898305898273312e-01
8.318797569927845192e-02 1.887136623438834815e-01 -1.172678748530572301e-01 -6.853520747823974024e-02 2.409593343399741017e-01
4.666199682250737890e-02 1.271135639304201148e-01 -1.170985028000564032e-01 -4.710542624431729442e-02 1.880795238371859579e-01
-8.410496903427840121e-02 -1.901601405090464769e-01 -7.189233443672345125e-02 7.179255660813543827e-02 -1.218693825296971872e-01
-1.155176976075262679e-01 -2.141205676572385808e-01 -1.082527897644931930e-01 7.035093287530755357e-02 -8.956545618895343785e-02
-4.814214123016499758e-02 -8.223614930090239472e-02 -1.132282215474438303e-01 3.574834200804980974e-03 -8.486409845421103229e-03
-8.050615646302607120e-02 -1.403367097881428882e-01 -9.764332862970120930e-02 4.597084855897040634e-02 -3.719981970110832620e-02
-4.462751404287092216e-02 -7.156401413457330607e-02 -1.131008191636809906e-01 2.213150304527018372e-02 2.478373394947530617e-02
7.484588344408445171e-02 1.705669216590323944e-01 -1.171138836525544014e-01 -6.226944753944287092e-02 2.262679400713371869e-01
-1.210375481561723060e-01 -2.269468671625742839e-01 -1.094089226179944668e-01 7.453210594977431602e-02 -9.885174528007859007e-02
7.673615442385985086e-02 1.838902026869106976e-01 -1.172678748530572301e-01 -6.659968367192073413e-02 2.344144093104267301e-01
1.498550110634925756e-02 1.107421627534800612e-01 5.200404773305615791e-01 4.042403581486216091e-02 -2.361069325415301734e-01
-1.184316220035624145e-01 -2.214930123990777044e-01 -1.097487496946468050e-01 7.234799662351558414e-02 -9.454296353306491929e-02
8.147016677162029208e-02 1.860749174683863083e-01 -1.172678748530572301e-01 -6.754763213124299892e-02 2.381546080293551193e-01
-6.862424617969704876e-02 -1.112520026758287151e-01 -6.656936417759680424e-02 4.248202242037714405e-02 -3.719878813573239407e-02
-6.028754867624712410e-02 -9.245137957355885339e-02 -9.692600161787366664e-02 3.020334093533736525e-02 -9.434406609568173063e-04
-1.017356380881352662e-01 -1.901850132610657385e-01 -6.795970566288296599e-02 6.772141746929968842e-02 -9.270254364074947961e-02
7.129144228232468794e-02 1.707469096595573554e-01 -1.066796395589395818e-01 -6.067338142884852459e-02 2.180944239200612866e-01
7.365995259280624929e-02 1.781052118321010402e-01 -1.166796395589395907e-01 -6.461072351596212904e-02 2.297420310460652482e-01
7.549255218903985765e-02 1.811007483333480494e-01 -1.172678748530572301e-01 -6.537728738351779312e-02 2.315944253314473067e-01
8.135799765004998740e-02 1.883370389672600898e-01 -1.172678748530572301e-01 -6.839629275105148232e-02 2.399353420625173205e-01
-1.182097141016304059e-01 -2.201542388169324682e-01 -1.099258797776061503e-01 7.209210805441508552e-02 -9.323746280532890784e-02
7.316118887275825655e-02 1.444234198898519672e-01 -1.167092627762354173e-01 -6.324215078629462361e-02 2.048811490282293479e-01
8.070048206602076224e-02 1.857402427110358134e-01 -1.172678748530572301e-01 -6.704347656223234864e-02 2.368516357919859816e-01
7.669736826314407785e-02 1.854503263599059926e-01 -1.172678748530572301e-01 -6.720418187241657126e-02 2.355669189597310587e-01
-1.044165841885034973e-01 -1.915570978000610269e-01 -1.081219224262615075e-01 6.124512365467241204e-02 -7.299214712080297207e-02
7.720747663108035175e-02 1.840836120289025268e-01 -1.172678748530572301e-01 -6.660735014051309688e-02 2.347182885515912421e-01
-1.227017854907667266e-01 -2.304182904761029049e-01 -1.097299699916734206e-01 7.569540429012816540e-02 -1.014784003346878016e-01
7.256399951890317446e-02 1.700044331654953500e-01 -1.171406021257845043e-01 -6.196792541377982300e-02 2.245693887482820006e-01
2.277044649394377798e-02 7.174535501525511338e-02 -1.156167836361886719e-01 -2.992937415840371887e-02 1.445943466158030599e-01
-5.285415516190237334e-02 -8.346768085394232206e-02 -9.485311574188884376e-02 2.690025614841264762e-02 7.215790804710141108e-03
7.933165368768634040e-02 1.855350683395821099e-01 -1.172678748530572301e-01 -6.715952467524377578e-02 2.366865425426278036e-01
-1.035561629498180786e-01 -1.993778068567788331e-01 -1.066714624583045834e-01 5.915794512604970190e-02 -8.267487796170185088e-02
-5.015788775712071157e-02 -8.506630044518677380e-02 -1.049860605493069393e-01 3.036191380241060403e-02 3.350484581934987105e-03
-6.986687316108794454e-02 -1.209334162367643045e-01 -1.048778786348703307e-01 3.852644960276009611e-02 -1.671214222484191519e-02
-1.231696778852159196e-01 -2.314451248033002062e-01 -1.096247068337786873e-01 7.606544543427562477e-02 -1.023638213350124004e-01
-1.047570210524978590e-01 -2.007556591219136211e-01 -6.673316596301032133e-02 7.096118388982894376e-02 -1.014725260704569532e-01
-1.175327068081365028e-01 -2.201400165090699190e-01 -1.098190726657877897e-01 7.195492288649914248e-02 -9.254922950390544190e-02
6.084166413849123600e-02 1.457893634404446026e-01 -1.046299448746916827e-01 -5.302545399736761922e-02 1.979379700632529215e-01
7.951452910438708277e-02 1.622982996417292878e-01 -9.564368696249250790e-02 -6.803746887256166553e-02 2.058784133090871271e-01
8.215328766914152536e-02 1.654210264734887748e-01 -1.167028107504931300e-01 -5.844887341998804275e-02 2.091345040586335691e-01
7.482284260742455562e-02 1.781718097423160840e-01 -1.172678748530572301e-01 -6.441013326956900042e-02 2.295493815687404682e-01
2.434004294923032899e-02 7.488397426952644875e-02 -9.177096374132058532e-02 -2.864091113536220215e-02 1.291345602563735706e-01
7.198357670692522026e-02 1.726204895597386602e-01 -1.172678748530572301e-01 -6.249141618209137772e-02 2.251549052540108564e-01
7.482284260742455562e-02 1.781718097423160840e-01 -1.172678748530572301e-01 -6.441013326956900042e-02 2.295493815687404682e-01
6.875345778737407265e-02 1.661340996515520974e-01 -1.171138836525544014e-01 -6.021541438082408937e-02 2.199957999097471584e-01
7.569442132957286684e-02 1.793716417495677118e-01 -1.172678748530572301e-01 -6.501128475023523756e-02 2.313552478463934969e-01
3.998715916617094634e-02 1.123949712488758468e-01 -9.635878394396626967e-02 -3.863057685322515700e-02 1.604419268624318884e-01
6.115862424857521074e-02 1.544977089434320383e-01 -1.158564175892059789e-01 -5.643520164171834941e-02 2.101373664861952428e-01
-7.841362752060462848e-02 -1.327418992382123908e-01 -7.914844673664608865e-02 4.613903711663373819e-02 -4.262671574203656666e-02
9.206543824110528795e-02 1.945330178014642586e-01 -1.173548313747963673e-01 -6.216758635395429333e-02 2.075251258959489586e-01
8.022689638912387788e-02 1.837690799740964165e-01 -1.172678748530572301e-01 -6.640043673856994844e-02 2.355875605936308126e-01
7.108980185986715772e-02 1.537075726019277166e-01 -1.169866109252816755e-01 -5.635288705565129341e-02 2.146837764312614916e-01
8.329511232005200327e-02 1.871997502488310372e-01 -1.172678748530572301e-01 -6.790593875642629562e-02 2.395851476926326717e-01
6.857656236059567201e-02 1.675965900108654094e-01 -1.062588135449257787e-01 -5.972411158421593591e-02 2.147856119223494342e-01
4.644619239252648080e-02 1.188957914892658230e-01 -1.170559338287717605e-01 -4.455208061539256414e-02 1.834887953075135802e-01
1.771957428168345894e-01 2.058183373771544922e-01 -1.152174699996458135e-01 -4.316376395831494905e-02 6.168778306532292366e-02
7.228010444183911865e-02 1.741110120563651997e-01 -1.073720415197238626e-01 -6.179354978680758059e-02 2.202599809820646459e-01
5.319490127409506885e-02 1.302483982682645092e-01 -1.071165398893777904e-01 -4.704553382130638450e-02 1.870009181309124913e-01
-8.824034271194743095e-02 -1.407403896222729212e-01 5.753275617422651256e-02 6.736707574667148701e-02 -1.360954590985542778e-01
5.769937339534032816e-02 1.494372939591405713e-01 -1.072678748530572213e-01 -5.332127099473923937e-02 1.997385375504841520e-01
5.299097218836418266e-02 1.357410544591646506e-01 -1.166640326225233948e-01 -4.990788247550022316e-02 1.952595305063035136e-01
4.214013256510013017e-02 9.698237218332345089e-02 -1.065549515372608974e-01 -4.446780738514885534e-02 1.485322542232287990e-01
7.224771261689487412e-02 1.755263214242632486e-01 -1.166796395589395907e-01 -6.358531298372774310e-02 2.271867978543400113e-01
7.224771261689487412e-02 1.755263214242632486e-01 -1.166796395589395907e-01 -6.358531298372774310e-02 2.271867978543400113e-01
2.286972338535807683e-02 7.188079144560807765e-02 -1.161377752409303299e-01 -2.805394293026686539e-02 1.440041321813521069e-01
-1.236150606910953464e-01 -2.324673371527239685e-01 -1.100301122391841024e-01 7.633610474554283765e-02 -1.028989640350996548e-01
-1.103313808005319113e-01 -2.018043951452006546e-01 -1.084463092262917261e-01 6.545985006496790604e-02 -7.936633968958969887e-02
1.592745143348662795e-01 3.152998597593160979e-02 -1.151250717955774883e-01 -2.607224153920376097e-01 -1.888403876405531923e-01
6.663055707469137112e-02 1.576909065503433738e-01 -1.169643891287622528e-01 -5.780699955824429581e-02 2.149937791202552739e-01
-8.842371719115832418e-02 -1.585051920667397418e-01 -1.074387925110784209e-01 5.118273031660514061e-02 -4.501759016821516024e-02
-5.479092298796137822e-02 -9.050739495876955476e-02 -1.087800262919237371e-01 2.827748205599576320e-02 7.911337858808207765e-03
-1.156700777396545698e-01 -2.153020106067035921e-01 -1.093926288469531383e-01 7.068273292861919355e-02 -9.004777025988035255e-02
-1.135379922667983515e-01 -2.096138286601838541e-01 -1.099419689671384259e-01 6.871197222410582728e-02 -8.503175933049975099e-02
7.698814177403182080e-02 1.769656988495084682e-01 -1.171406021257845043e-01 -6.398895191134050531e-02 2.297511785512724170e-01
-9.923013265626677570e-02 -1.817015239734968146e-01 -1.082524373590214029e-01 5.900330611952402105e-02 -6.259455994298995796e-02
1.028365301555598729e-02 -3.093013693148451843e-02 -9.908338114337042479e-02 -8.496117538959666038e-05 6.553752024847260549e-02
5.200612140169549868e-02 1.538237902615668673e-01 -8.604514295562061543e-02 -5.187661256780337626e-02 1.865608368038612908e-01
-1.216202252460754502e-01 -2.280106609279963226e-01 -1.100209856331563624e-01 7.479757536790196393e-02 -9.942357191324407983e-02
5.132413260483140172e-02 1.449594035651028401e-01 -1.051717455197232060e-01 -5.143527397735071782e-02 1.928597799045243255e-01
7.963846036169393294e-02 1.884930741085893702e-01 -1.172678748530572301e-01 -6.824535950729720968e-02 2.386044958118141712e-01
1.439277507827057059e-02 3.971319552874988390e-02 -9.755147230646046830e-02 -3.690482458765337315e-02 1.236448801666646113e-01
5.098854066837552740e-03 3.266476289803585398e-02 -1.098119920246818509e-01 -1.743745505248345956e-02 1.128560284684148873e-01
-2.532901371779387734e-02 -5.907542846703877498e-02 -1.106208047243482651e-01 1.451747784544919241e-02 4.824416449222732051e-02
-2.197991115415072125e-02 -3.098417091402570073e-02 -1.081833058742224934e-01 6.218870407101432032e-03 6.145282697227630320e-02
9.006716670266518010e-02 1.568153971677865577e-01 5.054459017627050965e-01 -3.955421421255359005e-02 -2.170641079043153787e-01
-8.950956397466620917e-02 -1.641296668518417157e-01 -1.079092691857723857e-01 5.317596807428587313e-02 -4.885000487463022484e-02
-1.168207168358821740e-01 -2.181785005466377880e-01 -1.094461992781451121e-01 7.144808341394645601e-02 -9.165728188326972836e-02
6.878028002967280508e-02 1.615450626207684537e-01 -1.172138836525544042e-01 -5.903732906880106157e-02 2.181429361874999417e-01
-2.052497936719423904e-02 -1.274940315775317801e-02 -1.089257078341101526e-01 -8.614161345624395810e-04 7.147698915952495347e-02
-2.810126420531950178e-02 -4.389540451407568378e-02 -1.142972105016933915e-01 1.216285158161371782e-02 4.452541689610142739e-02
-1.028386705046799299e-01 -1.912390378170764071e-01 -8.644943324911004423e-02 6.168281640274043964e-02 -7.980817422151774421e-02
-1.035720648055377807e-01 -2.087085271025927169e-01 -1.104531231585289264e-01 5.429856310359799931e-02 -1.004168704402097073e-01
4.792164715453711699e-02 1.323824682165987421e-01 -1.165205034384176330e-01 -4.896457322189193273e-02 1.914351534291977575e-01
7.002784817101992410e-02 1.710144566282865708e-01 -1.172180503192210704e-01 -6.216288979007167370e-02 2.240421058547790722e-01
-9.612490127065313750e-02 -1.729312753963302696e-01 -1.068789477681643951e-01 5.582667918793242368e-02 -5.706060530108543472e-02
-1.009264874485208546e-01 -1.938644532955830224e-01 -4.963019619357653123e-02 7.097127693641874790e-02 -1.053476825029685676e-01
-7.001706512356657697e-02 -1.606853280224286307e-01 -3.448429175619109610e-02 3.573378029558355734e-02 -1.151818407984085274e-01
2.917075598245255988e-02 5.800472868689363071e-02 -1.089886246518710355e-01 -1.808641184815228120e-02 1.033015678807797655e-01
-9.054947877634977882e-02 -1.618596917695151460e-01 -1.068116719835002226e-01 5.249014308845698085e-02 -4.832725033603804676e-02
-1.145052378864884618e-01 -2.142848726187007169e-01 -1.097197468944176163e-01 7.003929954067462937e-02 -8.805599563226289284e-02
-1.105763181440421877e-01 -2.036691236123833459e-01 -1.102421590045410266e-01 6.614314097423526495e-02 -8.009645107991208990e-02
7.173618530372352642e-02 1.719402957195972914e-01 -1.157294133145956999e-01 -6.237647500340366691e-02 2.245639966221519845e-01
4.549676413318679002e-02 7.953764824442213777e-02 -9.645283494696701987e-02 -3.526137049411409707e-02 1.147182708342100316e-01
-9.222111126053467167e-02 -1.847657660283557046e-01 -1.118613041157066890e-01 3.217692801324782692e-02 -4.123422003865582358e-02
8.032958281082225316e-02 1.853806763670395319e-01 -1.172678748530572301e-01 -6.680677175583316085e-02 2.361394420806910699e-01
-1.227017854907667266e-01 -2.304182904761029049e-01 -1.097299699916734206e-01 7.569540429012816540e-02 -1.014784003346878016e-01
8.265073841171131919e-02 1.898338317748496373e-01 -1.173678748530572469e-01 -6.859300804220480607e-02 2.404159629148662769e-01
-1.048798457379853249e-01 -1.917712184758716687e-01 -1.086454860125106447e-01 6.254567429295333769e-02 -7.116009935099283645e-02
7.879476698152737546e-02 1.870018460384139103e-01 -1.172678748530572301e-01 -6.767686596898389584e-02 2.371870550761761842e-01
2.329368933786512066e-02 7.116343742240466286e-02 -1.147564175892059890e-01 -2.709709259985010679e-02 1.419051252667842267e-01
-5.267878938935672412e-02 -7.460408573103391450e-02 -9.935219145269284791e-02 2.052485473232221191e-02 1.625623341904322214e-02
-1.132100857495938057e-01 -2.109929080991635175e-01 -1.090478515419132099e-01 6.891047241351722086e-02 -8.649979238081122179e-02
-1.067806998578103572e-01 -1.964912985908360277e-01 -9.713427636425675527e-02 6.546399374639270963e-02 -8.200411802617753321e-02
-1.106933850279938625e-01 -2.023701262454478400e-01 -1.092632729877589526e-01 6.623593166135427479e-02 -7.961079961185719978e-02
-1.200706261003930964e-01 -2.248919746866291647e-01 -1.094521922138956549e-01 7.381253810651335068e-02 -9.716119508558546114e-02
-1.055448611328762970e-01 -1.987614259818527851e-01 -8.054693941455338957e-02 6.033106729734243057e-02 -1.067096466310771263e-01
-3.693842920015670550e-02 -4.490038631597789015e-02 -9.259657108686183968e-02 1.132804468720861012e-02 3.326315535389556821e-02
-1.087281374386941390e-01 -2.050561822495438336e-01 -1.138467218624187594e-01 6.850720384758331172e-02 -8.528924675815251211e-02
-1.237044724374357640e-01 -2.326267846845970766e-01 -1.101353753970788357e-01 7.640579145404823025e-02 -1.029936754558187367e-01
-1.113655875979715076e-01 -2.050024758026812721e-01 -1.100559071759126123e-01 6.688643761262333398e-02 -8.102855885467705188e-02
6.148136915902130406e-02 1.495131346390798366e-01 -1.169057098584887905e-01 -5.499789304245525368e-02 2.075676457014755671e-01
-8.071768799036110886e-02 -1.706800873316442479e-01 -9.021658803341890687e-02 4.270892810161662501e-02 -7.180250624052987585e-02
-1.089286518364786654e-01 -1.910359315272106284e-01 -5.874564020346909055e-02 6.940820496537360162e-02 -1.039092685330288701e-01
-1.223578279523626494e-01 -2.299673914462565250e-01 -1.098222645313363943e-01 7.551998455882236172e-02 -1.009776574818937456e-01
6.359116153933676296e-04 -2.711533658110158035e-02 -1.078205174706380470e-01 -7.699539396305853101e-02 1.350205127315183273e-01
-1.192985278339070698e-01 -2.229588327528419511e-01 -1.097687109777828324e-01 7.312434014902129131e-02 -9.561524140599379773e-02
-1.166551965348504027e-01 -2.224479568796504381e-01 -1.104190348197666982e-01 7.217493162899933645e-02 -9.409320361537656940e-02
6.286861131907922617e-02 1.532193763304300627e-01 -1.159104087897088187e-01 -5.595117051707869382e-02 2.097226899932423394e-01
4.176418087274316737e-02 1.135353954670669241e-01 -1.172180503192210704e-01 -4.216385137482352163e-02 1.772669057704782669e-01
-1.218969782499589732e-01 -2.260723617472057967e-01 -9.320363972092972349e-02 7.654177971037358363e-02 -1.089185295964891359e-01
2.469008818477668940e-02 7.170189758877634767e-02 -1.130907893536056558e-01 -2.801580775808259691e-02 1.429622711756872722e-01
-1.205703476426779192e-01 -2.257359428733224649e-01 -1.093948053938247345e-01 7.408411745291998418e-02 -9.797431403622680612e-02
-1.209562698477879700e-01 -2.251846595237219084e-01 -9.954842237262580273e-02 7.529989694762107000e-02 -1.039842325841935922e-01
-9.761102052568165766e-02 -1.809142144794466667e-01 -9.934568983616472171e-02 5.946086845126470621e-02 -6.804010659769740843e-02
-1.159720779106659383e-01 -2.119260252158038371e-01 -9.008303545512319488e-02 7.215976091723766417e-02 -9.974052210555621467e-02
-1.238236880058868616e-01 -2.382497603014323284e-01 -1.176400853616646203e-01 7.944175151144725056e-02 -1.092613228421437099e-01
-1.252165912682424997e-01 -2.338454408304690701e-01 -1.146159526316495314e-01 7.745730044150773985e-02 -1.008803136006821421e-01
-1.149465901700641862e-01 -2.070090812349015541e-01 -7.207918597013465711e-02 7.300693434344347754e-02 -1.077121860627258260e-01
-1.051931609929395578e-01 -2.007232078474635306e-01 -9.449785215773784386e-02 5.897465187574647827e-02 -9.875357097146529595e-02
-8.427373468604902607e-02 -1.448968791543725765e-01 -9.379810773328563223e-02 4.859439623769996885e-02 -4.337820842683498546e-02
-9.690231645275082517e-02 -1.988128855857412558e-01 -1.124117025634950029e-01 4.752505536140180786e-02 -7.653203051554061109e-02
-8.776633230839860078e-02 -1.804954090035777725e-01 -1.108962588679931610e-01 4.984873477008673615e-02 -4.723485122591877805e-02
3.729941792450446048e-02 8.894625582808715625e-02 -1.120207120454709965e-01 -4.259760038854137898e-02 1.448535782468772792e-01
8.041692739316930183e-02 1.856201000039096050e-01 -1.173678748530572469e-01 -6.699673539986482351e-02 2.365069875852338077e-01
-1.083691246311637851e-01 -2.020287530790729758e-01 -1.103145443850567092e-01 6.384890805623347210e-02 -7.838489389175254396e-02
-1.059723299648475114e-01 -2.022971214450089705e-01 -1.101345698672096252e-01 5.765356193090014070e-02 -8.165829701951606012e-02
2.269763908515842407e-02 6.933775284280702111e-02 -1.136790246477233091e-01 -2.737112817159098252e-02 1.413064592697514943e-01
-1.350881066330852642e-01 -2.532157273852991275e-01 -8.725656061685992115e-02 8.816197022886974877e-02 -1.361473735387400963e-01
-1.057990685133877451e-01 -2.063877950891226110e-01 -1.104333711331695889e-01 5.629150885554769224e-02 -8.740924816244564910e-02
-2.537433402665938489e-02 -4.517311239304119125e-02 -1.024201585459677821e-01 4.578377917176480391e-03 3.924630283688978344e-02
1.807169910371691779e-01 5.148842079015415740e-02 -1.156068277618433476e-01 -2.823623796598007107e-01 -1.887144886141574052e-01
-6.590608517896108520e-02 -1.358371869319969782e-01 -1.039580242015662598e-01 3.218074511804233651e-02 -3.187029488766523339e-02
-1.214926148034341236e-01 -2.278007543026924209e-01 -1.094745566836285433e-01 7.476277184059816616e-02 -9.962908865328838626e-02
-7.312932504884991913e-02 -1.327274843122864256e-01 -1.061772900067586983e-01 4.249403323139426536e-02 -2.381332242791717180e-02
-1.180439619414540148e-01 -2.200565897510007307e-01 -1.092391432030727499e-01 7.217925024956273194e-02 -9.350709718007955973e-02
5.043817524561515775e-01 -1.243710508979846141e-01 -1.077988236419422513e-01 -5.594426398761287444e-01 -1.039647803172616125e-01
2.900787419882451187e-02 2.474753498647688787e-03 -1.132929101612794587e-01 -1.077884623812156231e-02 1.133736778067426787e-01
-1.080145368131935901e-01 -2.039077646658408460e-01 -1.179894385289286529e-01 6.703802879101626588e-02 -7.788488241038629689e-02
7.796236337432388419e-02 1.786129742906113205e-01 -1.171138836525544014e-01 -6.503150398290313827e-02 2.323735672036252864e-01
-1.172752142795231572e-01 -2.134575522653549828e-01 -7.223110212124100871e-02 7.529386123802761510e-02 -1.123574068458814829e-01
-1.189425935212931468e-01 -2.244336761245867284e-01 -1.146159526316495314e-01 7.463055488105820034e-02 -9.661322135956135204e-02
-1.029715260746883881e-01 -1.912005845932910897e-01 -1.104957264590453875e-01 6.118430248447220832e-02 -6.980956564249490848e-02
-1.127947743386059354e-01 -2.076279392636286580e-01 -9.946767188179495012e-02 6.924485091281823435e-02 -8.979184279807374269e-02
-1.110694565277981216e-01 -2.158156923003008709e-01 -9.988430780607221449e-02 6.752229234080708853e-02 -9.992445566264683554e-02
-8.957276245250990476e-02 -1.710772434195639846e-01 6.509428279209417134e-04 6.833968334881615481e-02 -1.207929500803888029e-01
-1.018776437897984943e-01 -1.929506205993765378e-01 -9.355109013619834768e-02 6.706127462738033229e-02 -9.108203778392347238e-02
-8.438390615144598927e-02 -1.686736613917506900e-01 -9.934825821060644380e-02 4.548702273098857718e-02 -7.343985255408885804e-02
-2.983567239927113410e-02 -3.791154581500064125e-02 -1.137407878862041338e-01 9.764773397388556986e-03 5.467068933125715513e-02
-1.205476924406388012e-01 -2.257475647487410253e-01 -1.094442557059591425e-01 7.408668222085006139e-02 -9.788341236681061264e-02
7.704057809212389030e-02 1.734778976488272617e-01 -1.172678748530572301e-01 -6.247564516171283389e-02 2.212321356145008078e-01
-1.144767692909117729e-01 -2.137565990332903898e-01 -1.091537065403066775e-01 6.984504032889359004e-02 -8.832793266545559130e-02
1.012775210913021903e-02 -8.157945560592690104e-03 3.566587600359693022e-01 5.999028400160580365e-02 -1.894784220172053280e-01
-9.471991068316591711e-02 -1.719438700580178114e-01 -5.911434336874174522e-02 6.471421261505103106e-02 -9.702610536821466847e-02
-1.148023879432383682e-01 -2.190849958091156957e-01 -1.093321251447417763e-01 6.574666588960975666e-02 -9.339085864916460422e-02
-1.172412035325682139e-01 -2.245595837143152251e-01 -1.098865181931510254e-01 7.349296771227555036e-02 -9.501303668652090473e-02
-1.182034126429374749e-01 -2.270353445185258057e-01 -1.106548210738738380e-01 7.003620150300604585e-02 -1.034355283800994091e-01
-1.187465346756489126e-01 -2.281180220842307649e-01 -1.100301122391841024e-01 7.046773890377136529e-02 -1.047683321820431779e-01
-8.733261312996026815e-02 -1.548353598973973289e-01 -1.104378099940636904e-01 4.980753243758657967e-02 -4.138708624832986016e-02
-1.229400973219920562e-01 -2.311086957940825803e-01 -1.101000423091141600e-01 7.585303356804082298e-02 -1.017363995784347080e-01
-1.237878875745653390e-01 -2.328936937418712161e-01 -1.103401897585639391e-01 7.644072648610285292e-02 -1.030357018976425232e-01
-1.219098867055720403e-01 -2.279314226079743877e-01 -1.101987581530341348e-01 7.484015578418538872e-02 -9.931181928117660540e-02
-1.196387611833538284e-01 -2.244013069792735737e-01 -1.101000423091141600e-01 7.335867228494974412e-02 -9.648882284376998630e-02
7.523910580479933191e-03 2.215074584887287423e-02 -9.767427633170351620e-02 -2.489237669178276033e-02 1.030810855132575504e-01
-1.157138224491498918e-01 -2.187404864517787373e-01 -1.052878887245305983e-01 7.355826539846320455e-02 -9.826621805986346381e-02
-1.205920092998392090e-01 -2.259365838050389486e-01 -1.093643908949505777e-01 7.418177544961113146e-02 -9.807673905371279421e-02
-1.241197384555584871e-01 -2.335964620067113862e-01 -1.104443564252306081e-01 7.667058130801586435e-02 -1.035400709550011733e-01
4.091784948201741823e-02 1.087824543319418080e-01 -6.165879109167607397e-02 -3.466708802679009660e-02 1.408535324878250894e-01
-1.202625593971977797e-01 -2.249380409392172098e-01 -1.094442557059591425e-01 7.380985907729828432e-02 -9.728587343572472901e-02
5.059494373613229734e-02 8.569439196786146629e-02 -1.833089045625040103e-02 -2.742667123475657151e-02 6.813627768337121582e-02
7.451000241691502213e-02 9.602464657063389253e-02 4.309846575197869845e-01 3.482907439757242096e-02 -1.464781996533129627e-01
-1.131874438678559802e-01 -2.155255749136459620e-01 -1.096401654918918583e-01 6.616475150204716160e-02 -9.504477402063410407e-02
2.935388389983089805e-02 7.388827961312757764e-02 -5.440632955249233987e-02 -2.112222530892562608e-02 1.109224083527454163e-01
-1.320295354817314359e-01 -2.497773952502010397e-01 -9.734351713859905331e-02 8.551880351950752468e-02 -1.261810668154030035e-01
-1.211764504499191902e-01 -2.267962603704860580e-01 -1.093916036871045022e-01 7.445820700577794604e-02 -9.889790369346854182e-02
-1.213547423517624402e-01 -2.273314900953676831e-01 -1.103094721336755624e-01 7.452163605389754142e-02 -9.866773517332556864e-02
-1.018861450092765214e-02 4.234316438557490792e-03 -1.171874054393162307e-01 -4.755540217654910529e-03 9.038816041297945136e-02
-1.203900432221313432e-01 -2.255232386555260093e-01 -1.097432078553785828e-01 7.393392062095036077e-02 -9.760420989073427533e-02
-1.079820410712786366e-01 -2.010145837297686588e-01 -9.011342808533470694e-02 6.405926403538514391e-02 -8.556501958981867217e-02
-1.211427511855560080e-01 -2.272325814482886452e-01 -1.096946369037087587e-01 7.459101084465605269e-02 -9.888827009539437329e-02
-9.082232633172444836e-02 -1.977857849821776370e-01 -7.708007892868248834e-02 5.248513820041159073e-02 -1.025834006848537622e-01
-1.196011116391489243e-01 -2.243228943611821624e-01 -1.090639378536548687e-01 7.365616656933840489e-02 -9.681557894877892978e-02
-1.136252867501801600e-01 -2.125071802790612641e-01 -1.088364083950257022e-01 6.942961356775552428e-02 -8.761317527768656965e-02
-1.902652148004093519e-02 -8.022566682150909789e-02 -9.444476331812252934e-02 -1.539883949710217290e-03 -4.753584883749281675e-02
-1.182206790915016625e-01 -2.270874278518591194e-01 -1.107589877405405071e-01 7.003974468666525344e-02 -1.034087667267854921e-01
-1.147287151635613539e-01 -2.169433079528187702e-01 -9.874066929730210274e-02 7.248710691704018938e-02 -9.633840345051811194e-02
-1.167458816598600235e-01 -2.181267184766443601e-01 -1.090766783811012719e-01 7.141864811916710798e-02 -9.191072351857705602e-02
-1.102172290507364427e-01 -2.093350295985897391e-01 -1.085408961508382286e-01 6.401083843683227914e-02 -9.049768203902210095e-02
-9.140716285302936950e-02 -1.723645395478581033e-01 -7.841214224989208337e-02 5.606768738200534896e-02 -6.793002478288787116e-02
-9.363720795202444547e-02 -1.740066672646018442e-01 -5.695353367566192981e-02 6.223259072737934161e-02 -8.523156008413849960e-02
-3.878214953965922196e-02 -1.192283152115782285e-01 -5.370826086751568501e-02 1.371493399227411911e-02 -4.639237164021037946e-02
-1.197029859373874433e-01 -2.227771689509736863e-01 -9.953927332899033253e-02 7.448766791214354865e-02 -1.019663931460953465e-01
-1.126646627716615112e-01 -2.150511899157869500e-01 -1.095139206089573713e-01 6.532589098024774166e-02 -9.575814790965082868e-02
4.784879856706183987e-02 1.254325829498772749e-01 -1.169866109252816755e-01 -4.632678461962891348e-02 1.868799211125393711e-01
4.784879856706183987e-02 1.254325829498772749e-01 -1.169866109252816755e-01 -4.632678461962891348e-02 1.868799211125393711e-01
-1.189235402705189348e-01 -2.225520786933460338e-01 -1.057905752782753311e-01 7.358545271251785980e-02 -9.737787918824261646e-02
-1.156810992808311872e-01 -2.113755454998169914e-01 -9.344453621486505102e-02 7.152519520628362881e-02 -9.714526722393068692e-02
-9.378307388873836914e-02 -2.017390630630176707e-01 -1.092391980233221316e-01 4.830963960673106961e-02 -9.752953267654781988e-02
-1.140307281951885576e-01 -2.117489071036827430e-01 -1.094925983545105147e-01 6.934725221884215085e-02 -8.671179968559881990e-02
-9.804997840814509702e-02 -1.842042047498274049e-01 -1.147356085273939647e-01 6.036867936799070189e-02 -6.445827290486955130e-02
-1.201205106463578143e-01 -2.250285396721841968e-01 -1.095221222838257125e-01 7.382173953366305552e-02 -9.719881301654752226e-02
-9.670690974535701978e-02 -2.067748353524270499e-01 -1.085423522478509983e-01 4.907839791535652252e-02 -9.557793164778138895e-02
-3.750770318913467655e-02 -5.319080334182747782e-02 -1.129858954296049239e-01 1.526506242114320476e-02 4.149158374762425966e-02
2.519644603337864094e-02 6.890426542900435214e-02 -1.162519302321601417e-01 -2.615424681791467601e-02 1.352730479003264874e-01
-4.999194364879437635e-02 -8.254191227342518034e-02 -1.048128971310160890e-01 2.662271091478640023e-02 1.549187676762345776e-02
-1.141901612871168564e-01 -2.127678889444538923e-01 -1.066185286442405400e-01 7.010655242190272363e-02 -8.881918141483152729e-02
-1.187858137643653528e-01 -2.222267210091472545e-01 -1.096262889504923815e-01 7.283391930520470570e-02 -9.485906458028056654e-02
-1.114658858963930993e-01 -2.114684336423038047e-01 -1.099258797776061503e-01 6.408466669197455945e-02 -9.120498511293481658e-02
-1.121840294562920365e-01 -2.065252500039696515e-01 -1.075830712167870351e-01 6.781196803251010596e-02 -8.418491169761470327e-02
-4.725780378738547727e-02 -1.145567020026375671e-01 2.063813275715112305e-02 3.905720101696058544e-02 -8.879510777393104237e-02
-9.581249641161151964e-02 -1.791144627643251330e-01 -7.367949654632802159e-02 5.106156025154404143e-02 -8.161939173871964048e-02
2.532465312087999257e-02 7.918839259459586888e-02 -1.162321441359034507e-01 -3.055763346064735084e-02 1.496504081544003384e-01
-9.251556828843790492e-02 -1.500872466725432508e-01 6.441292793361863556e-04 6.324604625685070758e-02 -1.119599047096736383e-01
7.191558369683613561e-02 1.769710683476246882e-01 -1.173678748530572469e-01 -6.437979376579089363e-02 2.289898305898273312e-01
-1.133629154344581308e-01 -2.021357353639932630e-01 -6.318344628337932423e-02 7.261027612777400109e-02 -1.095657247733861223e-01
7.639335353512294313e-02 1.577902923519171330e-01 -1.065986440838264382e-01 -6.649370251099470663e-02 2.079181714944666470e-01
-3.906726183587391071e-03 2.273245230047143961e-02 -4.585914149693892661e-03 1.570768385142428530e-03 3.869463633283393156e-02
-1.122357195790124745e-01 -2.069282176073707902e-01 -9.592583860318741606e-02 6.937257870751474542e-02 -9.147790132409462649e-02
2.861473194286942023e-01 1.140279068105109761e-01 -1.064955462118880314e-01 -3.008034259124943086e-02 -2.537094852893904129e-01
-5.101018497987362676e-02 -1.506023649523330898e-01 -9.670931194813549292e-02 2.436209719031929427e-03 -1.119560922488012783e-01
5.249004122176316456e-02 1.320270802786596420e-01 -1.163983756311640361e-01 -4.879350932928661067e-02 1.932634104239887851e-01
-6.124478678120730962e-02 -1.532266867761992168e-01 -1.019321538614877676e-01 1.875079480130045426e-02 -7.905102086990405119e-02
-4.830448588844860058e-02 -7.594392959739590387e-02 -1.082811334457322444e-01 2.273907515492031711e-02 2.168925328104325673e-02
1.660444591301976358e-01 3.247520050032026706e-02 -1.146551450075988937e-01 -2.623258859261878850e-01 -1.991215130144622647e-01
-5.970629764307178178e-02 -6.938098583580237788e-02 1.161037865594594098e-01 5.155512802154307850e-02 -1.187274364635075991e-01
4.666199682250737890e-02 1.271135639304201148e-01 -1.170985028000564032e-01 -4.710542624431729442e-02 1.880795238371859579e-01
6.539976179211337559e-02 1.636133814009169130e-01 -1.172138836525544042e-01 -5.972571963600657730e-02 2.180091307441258952e-01
1.892478663562104438e-02 1.601487778444021237e-01 5.483197470515618344e-01 3.350514615872433877e-02 -2.212698672641439934e-01
-2.121185449502930448e-02 -1.128002683646690818e-01 -1.147464002437473818e-01 -3.542331380010797781e-02 -9.944030367602584020e-02
-7.122639789974062607e-02 -1.735070904173037776e-01 -7.680637805702074383e-02 6.742916440935838029e-02 -1.185774399736149315e-01
-1.113723410969154337e-01 -2.089843774987622527e-01 -1.104815102095970669e-01 6.769233349070211125e-02 -8.241364659674071946e-02
-1.206365248563497639e-01 -2.261026779884972859e-01 -1.099917778067914104e-01 7.410392072513020956e-02 -9.783140331238301957e-02
7.286890125560578635e-02 1.696823849282537433e-01 -1.172138836525544042e-01 -6.204124043039763170e-02 2.253944903282170953e-01
-8.910432571344460706e-02 -1.651746693038156355e-01 -8.641150573472454466e-02 5.629506689122111551e-02 -6.219389673964471899e-02
7.100669059311495723e-02 1.228449723910428337e-01 -8.688380622560620825e-02 -7.129643641434366130e-02 1.599175273064235014e-01
7.637985340567550463e-02 1.816409678814831230e-01 -1.172678748530572301e-01 -6.592689047123038992e-02 2.332312616614860834e-01
7.845785035128154117e-02 1.861141837007515842e-01 -1.173678748530572469e-01 -6.733152012135325271e-02 2.364240599009823640e-01
7.803083342427930003e-02 1.659238071335669140e-01 -1.170431868313785706e-01 -6.958868691643947668e-02 2.108076766678085023e-01
7.879476698152737546e-02 1.870018460384139103e-01 -1.172678748530572301e-01 -6.767686596898389584e-02 2.371870550761761842e-01
-1.082383266807273592e-01 -1.968689670538611713e-01 -9.924253994529778911e-02 6.580522640699480730e-02 -8.209652317610821592e-02
-9.199780263841646211e-02 -1.830484675325510513e-01 -1.015878679404237928e-01 6.231282317607995946e-02 -8.094923455164983184e-02
7.455629626389710662e-02 1.780693856276926446e-01 -1.172678748530572301e-01 -6.456743798156512615e-02 2.299874623207999458e-01
6.810585952715153546e-02 1.660867966929595874e-01 -1.172138836525544042e-01 -6.061344328060284947e-02 2.205480163272226513e-01
6.357649828166153649e-02 1.608927931656227717e-01 -1.172138836525544042e-01 -5.872023257953719322e-02 2.153799328052668494e-01
5.674396054037335324e-02 1.361632717070011822e-01 -1.070958800831587066e-01 -4.807527021203264472e-02 1.829785905197434115e-01
6.987024296698324255e-02 1.669213644396180807e-01 -1.172678748530572301e-01 -6.088277962703607382e-02 2.217969542969618069e-01
5.255665329751606218e-02 8.498617035893304972e-02 -8.552801859126493711e-02 -2.806916246397037421e-02 1.363447318155561749e-01
9.682199875921790322e-02 1.561587356468055465e-01 -9.495824841627559243e-02 -8.196321862502842226e-02 1.793705703632493542e-01
-1.103270017585604862e-01 -2.046203022049204179e-01 -1.087335412558629311e-01 6.675327735489972047e-02 -8.123423541528412839e-02
7.840141884665706440e-02 1.870162721201883704e-01 -1.172678748530572301e-01 -6.773903932033960296e-02 2.371855921839719772e-01
7.228489268724501426e-02 1.719923264487215608e-01 -1.172138836525544042e-01 -6.260618424388031400e-02 2.257893134627711185e-01
7.550549823667708493e-02 1.823550430911687337e-01 -1.172138836525544042e-01 -6.612634707073100637e-02 2.332365427522896661e-01
-2.348641101632707381e-02 -2.443101896052932848e-02 -1.154520999955926386e-01 4.917938651460181110e-03 6.747829523492410164e-02
-1.994171851850531224e-02 -6.091233664503044321e-03 -1.072789661029316249e-01 -3.810393725473561893e-03 7.651051936849634361e-02
8.105957442028985382e-02 1.804618009785099730e-01 -6.726787485305724124e-02 -6.853609993445596016e-02 1.975837950010659316e-01
-1.034881598046069884e-01 -1.893685596172866858e-01 -1.099204682424782392e-01 6.167867617269928715e-02 -6.879128082728704074e-02
8.383361582211527885e-02 -2.347936449618425597e-02 -8.165811165501099533e-02 -1.581188976197255569e-01 -1.476479349762650495e-01
-1.096753848381908092e-01 -2.035643800504375323e-01 -9.986550875245447934e-02 6.361749468680238939e-02 -8.188719734666388694e-02
-1.061461678840128486e-01 -2.002639132920693565e-01 -7.075332398330440309e-02 7.046741787965973836e-02 -9.935622420598376470e-02
-1.216110167162103295e-01 -2.282997170154241751e-01 -1.097523344614063090e-01 7.495232936939383306e-02 -9.969456318132330352e-02
-1.209135147363970264e-01 -2.274950187551338099e-01 -1.094431592147310645e-01 7.470092571191973285e-02 -9.904579889375239588e-02
-1.051467403952438956e-01 -2.095632438715080426e-01 -1.105714949621247334e-01 5.525874491572980995e-02 -1.008026800318111704e-01
7.826005067972971463e-02 1.872855202369341221e-01 -1.172678748530572301e-01 -6.780959225970550897e-02 2.372120720629095625e-01
-8.481883310370376405e-02 -1.512039504010299906e-01 -1.057309597809143187e-01 5.040850769055442437e-02 -4.224664123231261503e-02
3.604406149428197870e-02 5.774908716779181272e-02 -1.131142815268672691e-01 -6.663290023380231963e-02 5.999909484716968444e-02
-9.688680612867117681e-02 -1.895807171640089828e-01 -5.534847266515716124e-02 6.361460443696329015e-02 -1.048380924188364455e-01
7.173618530372352642e-02 1.719402957195972914e-01 -1.157294133145956999e-01 -6.237647500340366691e-02 2.245639966221519845e-01
-1.229400973219920562e-01 -2.311086957940825803e-01 -1.101000423091141600e-01 7.585303356804082298e-02 -1.017363995784347080e-01
-1.197846350965480616e-01 -2.242944796795895979e-01 -1.060393027522065768e-01 7.413317114669290553e-02 -9.864116368367802090e-02
-1.136810513984882892e-01 -2.109301756274208905e-01 -1.050300052698540793e-01 6.950545754594343595e-02 -8.883866441855690910e-02
-1.196944395188461602e-01 -2.247896309137413784e-01 -1.099040667282701611e-01 7.373197003906831193e-02 -9.654524962078372963e-02
