-1.025887352676623510e-01 -1.962349784789365614e-01 -6.732750889469274469e-02 6.704784598040605670e-02 -1.133570261051118494e-01
-5.390543583065454669e-02 -8.501103010259121462e-02 -1.021938276115704064e-01 2.728755124601414672e-02 1.051491887604294462e-02
7.024126251510076635e-02 1.691311895576020907e-01 -5.963206516052754064e-02 -6.352586081724843903e-02 1.832656121925351766e-01
4.081487852991044080e-03 3.899315929547712833e-02 -1.083961380406036484e-01 -1.581051633461241085e-02 1.128689733308819304e-01
-2.316775789083912185e-02 -6.678084601509808038e-02 2.097233635996422207e-01 6.148234017458382994e-02 -1.501376825686197014e-01
9.406594853350036534e-02 2.512434430296916488e-01 -4.082149930386066994e-03 -4.279053908366226011e-02 1.207764041257460425e-01
-2.951712561850377420e-02 -3.370643914526089135e-02 -1.080255177303178354e-01 9.462598748648440999e-03 5.421178901628203456e-02
-6.929928055188498692e-02 -1.122839594226490850e-01 -8.753458256708357421e-02 3.867601506542275164e-02 -2.173761457518513102e-02
6.537735145555256810e-02 1.704104921538650563e-01 -1.124935425100620223e-01 -6.115237880667152848e-02 2.202544233957170472e-01
6.746954012348535534e-02 1.740269441494760871e-01 -1.122756122185889771e-01 -6.224954988831975233e-02 2.228836523664126934e-01
7.145211301053665254e-02 1.758958395530229868e-01 -1.129435278997129172e-01 -6.312512690683153016e-02 2.265470298477274547e-01
-1.191422437401139373e-01 -2.217406257344195775e-01 -1.105859729853851114e-01 7.296742281448820311e-02 -9.378099464506030325e-02
1.928094428689807252e-02 6.652134934546038991e-02 -1.088669596517949922e-01 -2.495238772509320371e-02 1.358282643819778424e-01
-1.480279272616071007e-02 -2.751225311968183429e-04 -7.945096061130138554e-02 7.857786458135666841e-04 6.408174421346368721e-02
6.626061332576291263e-02 1.591508264306372156e-01 -6.539872750072414642e-02 -6.060144395737847300e-02 1.774119790602194657e-01
6.692790279312461899e-02 1.708294093776355493e-01 -1.134385774046634127e-01 -6.137156037988907020e-02 2.216259060068981046e-01
4.395578088097398806e-02 1.223098871888326500e-01 -1.106380012481462116e-01 -4.097034708966848515e-02 1.647850883710352266e-01
4.881259331196038942e-02 1.398590273913996040e-01 -1.124964388486836275e-01 -5.068415746789346754e-02 1.950042022034008948e-01
-1.124006488457538477e-01 -2.050714598223683516e-01 -1.027637276265555288e-01 6.844828216919572605e-02 -8.624689910101651646e-02
6.396522421015431170e-02 1.614646238800720168e-01 -1.114166032535521822e-01 -5.802688081205420456e-02 2.137732959726966753e-01
-1.078526497301142834e-01 -1.954036997760563998e-01 -1.120416170949701112e-01 6.375188271911998161e-02 -7.253052889453132090e-02
-3.087764845247467638e-02 -3.857714668548126169e-02 -1.104103918692214276e-01 1.090199317730555957e-02 5.232746907557358357e-02
5.978211740063450741e-02 1.462161530153545108e-01 -1.083486897652243125e-01 -5.257606639571409113e-02 2.012458452076154591e-01
-1.282633120239076441e-01 -2.411788700952272047e-01 -1.119534465531970280e-01 7.937544421556980145e-02 -1.088188142920910040e-01
6.290785538989270009e-02 1.639736986599782398e-01 -1.111727877930808878e-01 -5.880611088515354246e-02 2.144824507551738590e-01
-5.167000786931545686e-04 1.021326481369823902e-01 5.942854607571192993e-01 5.567000785244008432e-02 -3.037774947250197477e-01
-1.287419023661084128e-01 -2.422315016741745652e-01 -1.119534465531970280e-01 7.974020408764274925e-02 -1.096599893345770321e-01
6.796887223036153503e-02 1.686792403759895531e-01 -1.125489219441231231e-01 -6.037662915579647405e-02 2.189221075919550730e-01
-8.022132097036892284e-02 -1.376947919822403277e-01 -2.759003961636195823e-02 5.754269948931151069e-02 -8.927866380070266505e-02
-4.581705338127479987e-02 -6.320809119911459384e-02 -1.024608071114324337e-01 2.007487172379450457e-02 2.501654972839387897e-02
-9.333513145266672528e-02 -1.866566694534244064e-01 -5.260459909555523922e-02 5.965249356182447671e-02 -1.091413549773849329e-01
5.239895285766084376e-02 1.417437162515461369e-01 -1.108899662066462621e-01 -5.118950621387163835e-02 1.968890339408585766e-01
6.505415674719394747e-02 1.661592658396216227e-01 -1.118393738469380394e-01 -5.954228739691319605e-02 2.168373502750494397e-01
6.921255470389997555e-02 1.771580845017605710e-01 -1.132312960385086914e-01 -6.347379026865225538e-02 2.261023970084816703e-01
-1.276087931843977175e-01 -2.400185286939819918e-01 -1.119534465531970280e-01 7.896770424930515953e-02 -1.078159904897759286e-01
-1.280192907316302364e-01 -2.407592694347227003e-01 -1.119534465531970280e-01 7.922767118232541816e-02 -1.084518082448944765e-01
4.856126117067918746e-02 1.239070178837588521e-01 -1.126020077002358177e-01 -4.541886598090108529e-02 1.862990857274824941e-01
6.334868522845581162e-02 1.616178871586658461e-01 -1.093879015641324864e-01 -5.769040198391260643e-02 2.115640804868429981e-01
6.243248440592773230e-02 1.621518750856264790e-01 -1.118393738469380394e-01 -5.815538854394580737e-02 2.133198350349624350e-01
6.720818001387907081e-02 1.737545802306263709e-01 -1.131671634435839485e-01 -6.236851016674473114e-02 2.233802044006122367e-01
-9.581107111582902458e-02 -1.743373084640295612e-01 -1.039572211982057320e-01 5.804405112925710430e-02 -6.281622183989102326e-02
-1.287419023661084128e-01 -2.422315016741745652e-01 -1.119534465531970280e-01 7.974020408764274925e-02 -1.096599893345770321e-01
5.220113020701058759e-02 1.420031176134778084e-01 -1.114814280173159061e-01 -5.138779538428343840e-02 1.973978652175417403e-01
3.431324369897349735e-02 9.401035691357412238e-02 -1.056104690197745555e-01 -3.535334561682203225e-02 1.595265395385855878e-01
-6.077593328346853063e-02 -8.809697771463494143e-02 -9.921697809888962993e-02 2.852564799626254241e-02 4.258939321098539899e-03
3.100130190168304267e-01 1.211688206910739585e-01 -9.650179847177467463e-02 -8.559930566113385653e-03 -2.861877555763971404e-01
-1.195387584401697290e-01 -2.258747092532563394e-01 -9.382343488732604320e-02 7.657439956257558467e-02 -1.067320969416148124e-01
-4.060571229364023232e-02 -5.630608397015571254e-02 -1.015885294261896776e-01 1.825423964909470356e-02 3.158524171242241274e-02
6.047286405824464639e-02 1.597755827215025515e-01 -1.136293989133530385e-01 -5.757348157345217043e-02 2.122976965707081831e-01
-1.287419023661084128e-01 -2.422315016741745652e-01 -1.119534465531970280e-01 7.974020408764274925e-02 -1.096599893345770321e-01
-1.223519804717397297e-01 -2.297142057860522002e-01 -1.014424301683640034e-01 7.665122783089692304e-02 -1.054781374164018570e-01
-1.113283545824693271e-01 -2.097701183900292921e-01 -1.066517987965419634e-01 6.349126160537443830e-02 -8.093679714289558902e-02
6.448872425857932189e-02 1.629281035118898824e-01 -1.126650790589686785e-01 -5.869247007732701638e-02 2.158371652475248037e-01
5.020776457657195879e-02 1.403389824758441429e-01 -5.614940323363369623e-02 -4.327619426627660193e-02 1.609907339335242549e-01
7.829333526348619676e-02 1.212144765880553698e-01 -7.662741773221008745e-02 -7.941101079827465881e-02 1.517140864693052593e-01
5.917902814276752854e-02 1.437816754933198826e-01 -5.311327216363422032e-02 -4.075352785081401419e-02 1.560321625780217158e-01
5.890939326362465422e-02 1.551952537017197431e-01 -1.119805552494448631e-01 -5.569234514929134738e-02 2.076515243782300624e-01
3.213101863856460128e-02 9.792788672044236420e-02 -6.653297861662982315e-02 -3.066024501457981569e-02 1.349895086896404084e-01
5.581722525086217634e-02 1.485689483298854308e-01 -1.109739025374632260e-01 -5.316252012557794171e-02 2.012013733589494424e-01
5.994752091342431255e-02 1.566964943965088175e-01 -1.119805552494448631e-01 -5.623110082593132941e-02 2.090650994286681330e-01
-1.127875809835794663e-02 4.461958626336845479e-03 -9.757448240204259771e-02 -6.042292818236323637e-03 8.140661703360704826e-02
5.991865958262536374e-02 1.572343503104584317e-01 -1.129176108171666970e-01 -5.632072021332550082e-02 2.076461852918534134e-01
6.426555275815641621e-02 1.652111937767932470e-01 -1.126650790589686785e-01 -5.937064852869496090e-02 2.167683884063197342e-01
4.427406495329153091e-02 1.204365746980965157e-01 -9.875021177548676254e-02 -4.130597099130441097e-02 1.646585511545905767e-01
4.902144508110652110e-02 1.383348686496961855e-01 -1.127689047769417086e-01 -5.013033773704260454e-02 1.941827394019193798e-01
-8.160120409167291589e-02 -1.419400755263348080e-01 -1.005970619166096924e-01 4.205641787801420173e-02 -4.294426695031999114e-02
5.623104160391992346e-02 1.459716139913806998e-01 -1.092886952149261376e-01 -5.217405261355345658e-02 1.987616752773440354e-01
6.509589005148096186e-02 1.631415631972192581e-01 -1.074967909416505163e-01 -5.808396430250342690e-02 2.129053269614378796e-01
6.428090880793430051e-02 1.672603677043656978e-01 -1.009644544597475407e-01 -5.844493775689170445e-02 2.104526185120427773e-01
4.236762863263549006e-02 1.220613161500303245e-01 -1.087906995527233439e-01 -4.401024496919438145e-02 1.789237240296744080e-01
6.758178005812776057e-02 1.771524698300508405e-01 2.198206101648744748e-02 -4.545535725575902686e-02 1.429902580502312448e-01
5.897698864329539714e-02 1.565347617255277435e-01 -1.033195515892089966e-01 -5.500127333040186195e-02 2.032376792767694451e-01
5.334280042308151004e-02 1.442611782004336873e-01 -1.068396337369171556e-01 -5.140270593183420000e-02 1.958515682745554931e-01
-9.773910741054887830e-02 -1.553778994568658089e-01 1.989513978961751639e-02 6.843817932012284666e-02 -1.272347041484211683e-01
3.313660437688539795e-02 1.029576072693794697e-01 -1.043982642084115425e-01 -3.677956261815097661e-02 1.603620484291424786e-01
5.230754753622454678e-02 1.434452671830206139e-01 -1.055642221272383718e-01 -5.084582119314683124e-02 1.938210244607801447e-01
4.405222678229789302e-02 1.162351544055428842e-01 -1.093130819432664158e-01 -5.218400420811614149e-02 1.714408383985874529e-01
6.115094383083236051e-02 1.576763208194885690e-01 -1.119042441035461022e-01 -5.671149533757278982e-02 2.105969929004707364e-01
6.095359410676508272e-02 1.572217753649431393e-01 -1.119042441035461022e-01 -5.658655049270601423e-02 2.103346287785523572e-01
4.481424011637163973e-02 1.224611135982623389e-01 -9.760396035948332161e-02 -4.290507515005445582e-02 1.742794500687025461e-01
-1.237241500358223084e-01 -2.375763292603814136e-01 -1.119534465531970280e-01 7.376539910718518667e-02 -1.112788908088217094e-01
-9.550948533799015483e-02 -1.628477322150985729e-01 -1.043533714787234085e-01 5.377129788383511189e-02 -5.287506449302392664e-02
1.915252598700825926e-01 5.523218012806359323e-02 -1.138852905022469525e-01 -2.993979089740051447e-01 -2.103311179633942929e-01
5.417339181901130452e-02 1.448095261801774503e-01 -1.100465372872318215e-01 -5.194311442740526252e-02 1.982305098908463403e-01
-6.559366332604978089e-02 -1.154876651772592244e-01 -9.353408113082256614e-02 3.817313372235679736e-02 -2.380458641645343681e-02
-9.673173055887455962e-02 -1.732072708631967606e-01 -1.086000749446387192e-01 5.677008706975583685e-02 -5.715990089387441853e-02
-1.015221815618598394e-01 -1.861800955361415377e-01 -9.570320822796372917e-02 6.315651912655179112e-02 -7.457814364347715996e-02
6.178922191466826308e-02 1.607423110820752898e-01 -1.121888885827782012e-01 -5.759731563834800949e-02 2.122336295150893115e-01
4.018264137408021630e-02 1.171148818478096043e-01 -1.071229975719025507e-01 -4.213104968076507306e-02 1.741739263133972315e-01
-9.348850251813789480e-02 -1.650259821599307786e-01 -1.072893144561810619e-01 5.411195054138916161e-02 -5.237915386331311318e-02
5.870702542513706046e-02 1.694811642889690606e-01 -8.757015628496814252e-02 -5.734095288167857796e-02 2.010157829141914487e-01
-1.202464750358658435e-01 -2.232508110617899555e-01 -1.117585888989126447e-01 7.319474932987252158e-02 -9.469013036877593770e-02
5.472511590069800702e-02 1.586374906846719779e-01 -9.738733315571644622e-02 -5.484308317413619238e-02 1.986417663094487973e-01
6.537821600603542505e-02 1.704780597214325955e-01 -1.124935425100620223e-01 -6.114294541540031547e-02 2.201949166930930735e-01
2.922173977333946543e-03 4.591734544814417285e-02 -7.085231378488703047e-02 -2.742855972577685000e-02 1.054557797132900931e-01
-1.929071138140854569e-02 -1.317575842968370797e-02 -1.076007391682454323e-01 -5.224292490703524861e-04 7.372181003848608805e-02
-1.743278048816400416e-02 -5.553934203365400862e-02 -1.152329264437827600e-01 1.046877241872108504e-02 6.013611445659138022e-02
-1.847905524071998679e-02 -2.516122040635017376e-02 -1.076499767439625388e-01 5.206155720077845078e-03 6.701115865453942388e-02
5.913324708852621403e-02 1.674429823506735637e-01 5.095818454232720063e-01 -1.468600879572125664e-02 -1.948485476039955033e-01
3.094113033754817763e-02 9.617468732653530750e-02 -9.339762127372946976e-02 -3.341113548796999233e-02 1.498788092572199693e-01
-5.403685630903414666e-02 -1.268882471551610602e-01 -1.122689414278452841e-01 2.099871618478910129e-02 -1.991024371920395442e-02
-7.812594506660316962e-02 -1.354762224545370819e-01 -9.787044499548123999e-02 4.510976480280248779e-02 -3.195711940409071139e-02
-1.130357413954761470e-01 -2.083399651957462406e-01 -1.115660700947926354e-01 6.884171825201232386e-02 -8.277616667669698836e-02
-1.263238722984923457e-01 -2.370082081713175137e-01 -1.120354137663117783e-01 7.798435435378486824e-02 -1.056109655504294670e-01
6.340026112799970748e-02 1.575777112881230901e-01 -1.138048892313247851e-01 -5.702524024033021888e-02 2.123103239748005966e-01
-3.742157856248378572e-02 -4.241364335548413605e-02 -9.634906390938040299e-02 1.214310712644188321e-02 4.024996334126143549e-02
-3.393427379848504288e-02 -4.171475880771403910e-02 -1.079999142071979557e-01 1.204608100026595061e-02 4.631056381320980408e-02
-1.152908802066784089e-01 -2.183720319130111887e-01 -1.073692701011246253e-01 6.593341828945195604e-02 -9.748906641168385290e-02
-1.012560040847129278e-01 -2.138469164323385519e-01 -1.121723434744851255e-01 4.806269997659264048e-02 -1.134920671783953700e-01
4.314271134811441255e-02 1.250788492876921676e-01 -1.123897380503242893e-01 -4.558373557785157237e-02 1.836078300846936129e-01
-1.151190754620780576e-01 -2.157640513664739468e-01 -1.009585592006220639e-01 7.202579852055032705e-02 -9.423782804617196474e-02
-9.425684042960937037e-02 -2.037256760209056050e-01 -8.289538586733925796e-02 4.841198407153808614e-02 -1.215823901050770012e-01
-7.104287063390253565e-02 -1.687276557111877517e-01 -8.697052217003219121e-02 2.508202081026337030e-02 -1.048827603857412499e-01
2.927112924215962905e-02 8.939605902224995182e-02 -4.543983872322206879e-02 -1.857787023358938375e-02 7.415689013956391906e-02
-1.175797939345831350e-01 -2.181902011300850819e-01 -1.101396764430294523e-01 7.181004370629856526e-02 -9.132969428381898513e-02
-1.223503665214062536e-01 -2.293979446980172199e-01 -1.124392504765207856e-01 7.520214070235994863e-02 -9.877283514606367831e-02
-1.168773528351952362e-01 -2.159797477514481812e-01 -1.117585888989126447e-01 7.067234864962089469e-02 -8.884205051506088857e-02
6.242023306719131359e-02 1.609967871561985842e-01 -1.113145624372256504e-01 -5.773120297479182594e-02 2.123977411414259830e-01
3.862787607093556841e-02 8.129734683208195145e-02 -1.114100935805961562e-01 -3.931807462950495657e-02 1.375572363749042459e-01
-7.345250121699389845e-02 -1.979170016951879718e-01 -1.122557307321010583e-01 1.366035507098199014e-02 -5.846678275783928624e-02
6.999632039595871102e-02 1.774703336400522691e-01 -6.694384847942712324e-02 -5.453846806690866578e-02 1.900419939653494317e-01
9.688784075674841678e-02 1.935689065037100587e-01 2.608888936025387517e-01 -1.356301810677651432e-02 4.741200990254823555e-03
-1.264082228959106935e-01 -2.376563747982299857e-01 -1.123522939547816485e-01 7.808923992767850819e-02 -1.056065934036937853e-01
6.501600389171452443e-02 1.687787255882840232e-01 -1.124935425100620223e-01 -6.044824913507931829e-02 2.187072857850964613e-01
-1.201416324722579809e-01 -2.216195772473149583e-01 -1.037142436659237860e-01 7.408509053703593583e-02 -9.838880744908680420e-02
6.123457608138067887e-02 1.630998465027411470e-01 -1.122852091767286842e-01 -5.851502946298393903e-02 2.136937079053485566e-01
-1.212214857094273679e-01 -2.259276971565667980e-01 -1.095791790706141244e-01 7.458146056486997244e-02 -9.786697717808202912e-02
3.766740133655231693e-02 1.052264605749810289e-01 -1.100830787786759024e-01 -3.819967713380720276e-02 1.657150823241912707e-01
-5.511931994395113249e-02 -8.501529363108124848e-02 -9.639465533206124925e-02 2.536609133080775652e-02 9.732286431024941148e-03
-1.227937999532777713e-01 -2.288205088961914047e-01 -1.099691493328471686e-01 7.550480740377185640e-02 -1.000641330938158019e-01
-1.211106855265454280e-01 -2.256831370260891367e-01 -1.112304697563662320e-01 7.416384326527611370e-02 -9.701179900305904880e-02
-1.112686826623472819e-01 -2.066356334117540883e-01 -8.891053502584352064e-02 7.043743079267944518e-02 -9.435983393820054910e-02
-1.259146971866992037e-01 -2.361759361013893721e-01 -1.119534465531970280e-01 7.763852226411027679e-02 -1.047768507309347757e-01
-1.015944078025437722e-02 1.280350828837699406e-02 -9.029098588446148044e-02 -6.329646083785011451e-03 8.197120764084650513e-02
-1.287419023661084128e-01 -2.422315016741745652e-01 -1.119534465531970280e-01 7.974020408764274925e-02 -1.096599893345770321e-01
-1.174956060246535317e-01 -2.155249575692241015e-01 -1.122195938211822397e-01 7.057169631113219266e-02 -8.867598592252919076e-02
4.658835524145313323e-02 1.274095343658712687e-01 -1.074232447252429640e-01 -4.575778265061596073e-02 1.833722267179555554e-01
-8.574033804859949870e-02 -1.769029755500813872e-01 -4.192406934478469516e-02 5.311197383409239914e-02 -1.131560173077706538e-01
-1.040830260014707909e-01 -1.827843072990865125e-01 -7.447780605445605828e-02 6.476706117904017235e-02 -8.674206363174558065e-02
-1.282633120239076441e-01 -2.411788700952272047e-01 -1.119534465531970280e-01 7.937544421556980145e-02 -1.088188142920910040e-01
4.980420998796934728e-02 5.387259636764761550e-02 -1.162262376433718242e-01 -1.500441764955190715e-01 2.519253985182587918e-01
-1.258180803755394039e-01 -2.354179449913845479e-01 -1.114655372648575560e-01 7.750927428785077400e-02 -1.046577901977561176e-01
-1.225934500864400145e-01 -2.348370726383840201e-01 -1.120404030749361513e-01 7.701552001636144396e-02 -1.020164649260222323e-01
3.661754132091239733e-02 1.067929225790560099e-01 -1.081389528696823227e-01 -3.884036467509768831e-02 1.678125511620713883e-01
2.786412095410689335e-02 9.224397601750963793e-02 -1.068195494356605768e-01 -3.333459186133205798e-02 1.533338544434846018e-01
-1.265813968428706748e-01 -2.392461808641357379e-01 -1.099336512873172189e-01 7.767015080931626014e-02 -1.101775697581781899e-01
-1.275407003894294677e-01 -2.397066378557753397e-01 -1.119534465531970280e-01 7.886291131025245649e-02 -1.076106332024084344e-01
1.521077462592982169e-02 6.300467519671620886e-02 -1.043706645534818317e-01 -2.357515141688957747e-02 1.301991795065428892e-01
-1.231426352012758019e-01 -2.289922040632203226e-01 -1.051412247487975571e-01 7.623496775981143669e-02 -1.037770850921404808e-01
-1.276087931843977175e-01 -2.400185286939819918e-01 -1.119534465531970280e-01 7.896770424930515953e-02 -1.078159904897759286e-01
-1.228275562160549839e-01 -2.318407345354799587e-01 -1.111900432897937607e-01 7.618978985361016254e-02 -1.011176505180810398e-01
-9.857138978800009110e-02 -1.786865007080271350e-01 -8.736034634109277053e-02 6.089994876149269765e-02 -7.386677380827738615e-02
-1.230877742830624177e-01 -2.271898868209931699e-01 -1.021616728392106266e-01 7.601090046132634448e-02 -1.043467837714122382e-01
-1.042884504602520912e-01 -1.825064621875316373e-01 -4.550270621998107889e-02 6.928643654808047669e-02 -1.044759375203428153e-01
-8.487801524010916976e-02 -1.486752091726642466e-01 -1.136897817806232502e-01 4.814649928869157991e-02 -3.286499435877186098e-02
-1.125112658771580953e-01 -2.020369465126521380e-01 -8.555151409431077658e-02 6.981763742470252498e-02 -9.486890841425937859e-02
-1.146059189700326247e-01 -2.155540031970165915e-01 -1.129013958279518892e-01 6.617378850950680902e-02 -9.358587047985926499e-02
-9.547852279096245842e-02 -1.683241452659002824e-01 -6.710192460604423592e-02 6.072657860545382924e-02 -7.960194854417512733e-02
-8.968681864113507707e-02 -1.820662455744082309e-01 -1.149657054357099140e-01 4.326339794742994904e-02 -4.908575589448599397e-02
-9.013592409149547013e-02 -1.772062116718265967e-01 -1.125347951235007860e-01 3.887049086918790974e-02 -4.832002213995822970e-02
-3.113034664431128806e-03 1.611022684800646199e-02 -1.126681818845798322e-01 -1.789298355658929668e-02 9.043272720269346365e-02
6.523693365648913778e-02 1.676157041577520379e-01 -1.081867251786244599e-01 -5.949407072896965853e-02 2.155782957731789684e-01
-9.192874381055098076e-02 -1.711793715865599919e-01 -1.106125941896006493e-01 5.675601971678109758e-02 -6.028325053050954951e-02
-1.226351349924096890e-01 -2.323753634737020513e-01 -1.127075927279581613e-01 7.358264949344435479e-02 -9.837054036170368720e-02
-1.033510293092066018e-01 -2.029369188884656006e-01 -9.683496182564446664e-02 5.407913327602839604e-02 -9.274036415057554383e-02
-1.273607542228751277e-01 -2.394509671959167696e-01 -1.119534465531970280e-01 7.877147770194893595e-02 -1.073684011045220599e-01
-1.274875051950436766e-01 -2.306485696954202469e-01 -6.809828258323294414e-02 8.290662711860861955e-02 -1.296503798105301253e-01
-1.086516750344935917e-01 -2.163634061304608724e-01 -1.123261075256991037e-01 5.747418626552738830e-02 -1.048567701125168311e-01
-5.582362875604089669e-02 -1.283736329702374612e-01 -1.063135461242957769e-01 2.271752163285424564e-02 -2.742511235909928652e-02
1.774822640153080056e-01 4.910669674232898130e-02 -1.138458980704324108e-01 -2.746994834098096527e-01 -1.958376953856600655e-01
-8.647499380832886218e-02 -1.555616276632068584e-01 -1.156926818230096243e-01 4.302201737297818573e-02 -3.112423319477659184e-02
-9.729755749721982760e-02 -1.859134892373149606e-01 -1.036852009095811794e-01 5.305323468462719294e-02 -8.080348662173501839e-02
-1.115001352746191887e-01 -2.031341391757995607e-01 -1.099172633933507004e-01 6.668418706546157260e-02 -8.003677779590091801e-02
6.066088856035433130e-01 -1.589008548573220547e-01 -1.662128988697089693e-02 -6.650284723540844656e-01 -2.094782016258011081e-01
2.080252085131461745e-02 2.921117648406677814e-02 -8.708821213865500233e-02 -2.503116186449510713e-02 1.017251236458955183e-01
-1.100611456930572912e-01 -2.038702424780857170e-01 -1.052349366560384331e-01 6.901962243828990706e-02 -8.764176553385692736e-02
6.510331674346579722e-02 1.591467580322808439e-01 -1.127562861371064068e-01 -5.754811190408225252e-02 2.137046600359819026e-01
-1.057748438786453304e-01 -1.828696778981540316e-01 -7.067430356086593091e-02 6.538300165695480615e-02 -9.031329434436433101e-02
-7.785790302628262105e-02 -1.350702847203407719e-01 -1.022281819932195357e-01 4.497923890623985177e-02 -2.883836205882393811e-02
-1.029820325021782723e-01 -1.937510883208795609e-01 -1.072988656810178187e-01 5.610348654811328495e-02 -6.553615321329463173e-02
-1.258735565289926805e-01 -2.348314924220377409e-01 -1.022831249695631828e-01 7.851839066745892881e-02 -1.100373292554541471e-01
-1.180837044348538867e-01 -2.210390101347852465e-01 -8.217206127181173048e-02 7.218399771450767499e-02 -1.176410176895309329e-01
-9.563841270994977162e-02 -1.781729822188274914e-01 -6.948227625192515688e-02 6.718159908194615282e-02 -1.096985369860350723e-01
-1.089446810500444007e-01 -2.242261244169203860e-01 -1.126644273800865848e-01 5.598964505712178408e-02 -1.161314422546468744e-01
-8.391582845638634325e-02 -1.482441807447492932e-01 -9.716502084449568644e-02 4.659532254754927827e-02 -4.068778981772823433e-02
-8.332972058500420776e-03 1.084593632058286627e-02 -1.060980614786730392e-01 -6.000194960175040532e-03 8.975198910545707787e-02
-1.275407003894294677e-01 -2.397066378557753397e-01 -1.119534465531970280e-01 7.886291131025245649e-02 -1.076106332024084344e-01
5.438243855716935748e-02 1.410943939048754925e-01 -1.134309551004373667e-01 -5.148717751446234281e-02 1.995619231587656139e-01
-1.244617343019253919e-01 -2.338023010472506102e-01 -1.122793012540517221e-01 7.675503099003919139e-02 -1.024563819522734537e-01
-8.583581802173841091e-02 -1.646216343633436219e-01 -1.459104806622557593e-02 5.834049226444654179e-02 -1.194612946155847871e-01
-1.176899792864034289e-01 -2.250423793615913270e-01 -1.073709039075321225e-01 6.887178963540002696e-02 -1.060152610739686224e-01
-1.287419023661084128e-01 -2.422315016741745652e-01 -1.119534465531970280e-01 7.974020408764274925e-02 -1.096599893345770321e-01
-1.271222775837835550e-01 -2.386168230699846904e-01 -1.122823385588071210e-01 7.844380567345299315e-02 -1.065817725707524782e-01
-1.289072604836977443e-01 -2.425763292603814736e-01 -1.119534465531970280e-01 7.986007658721044900e-02 -1.099406533725507812e-01
-4.628687122875123350e-02 -6.825616726890754160e-02 -8.225975633062064529e-02 2.408177624598368399e-02 1.204458843951416308e-02
2.115043795014457176e-02 1.128656790544626809e-01 2.137055888104512635e-01 2.913388635287079281e-03 -3.583260961431987413e-02
-1.273272161296625515e-01 -2.391400524314095388e-01 -1.119534465531970280e-01 7.866854272852491503e-02 -1.071841296536736599e-01
-1.287419023661084128e-01 -2.422315016741745652e-01 -1.119534465531970280e-01 7.974020408764274925e-02 -1.096599893345770321e-01
-1.252668361270221076e-01 -2.349377248456014644e-01 -1.125919222322459834e-01 7.711867633697594426e-02 -1.033419104055597892e-01
-1.277377136768950705e-01 -2.398807931721503028e-01 -1.119534465531970280e-01 7.892850966154517367e-02 -1.078199474087922077e-01
-1.276087931843977175e-01 -2.400185286939819918e-01 -1.119534465531970280e-01 7.896770424930515953e-02 -1.078159904897759286e-01
-4.944448919434317469e-03 2.819191800957894511e-02 -9.429615129096360904e-02 -2.460957335939878074e-02 1.060639524662551070e-01
-1.159873833719357455e-01 -2.122725980842024018e-01 -1.007804359758251722e-01 7.167439368417000134e-02 -9.312998836197064478e-02
-1.116138022210025060e-01 -2.190615064536114709e-01 -1.123111382479323045e-01 6.044302483582672525e-02 -9.898557619288481102e-02
-1.098566577068854355e-01 -2.131211743711172169e-01 -1.118778895470616958e-01 6.033124134559859908e-02 -9.746207379715111918e-02
-1.254321681128631738e-01 -2.336301962337298255e-01 -1.067155273526228521e-01 7.769147140793374040e-02 -1.062974271768818563e-01
-1.270589435401618117e-01 -2.401637418477940433e-01 -1.097856143853648547e-01 7.798421529266336139e-02 -1.110832210743318699e-01
2.881708720738219640e-02 8.059008054327396198e-02 -5.408385645369537253e-02 -3.314382658452434682e-02 1.093893453536730065e-01
-1.275407003894294677e-01 -2.397066378557753952e-01 -1.119534465531970280e-01 7.886291131025245649e-02 -1.076106332024084344e-01
9.294455156901210852e-03 3.608080045622634457e-02 -8.478989645243119322e-02 -1.418447934616272332e-02 9.731945675044707811e-02
6.914687970264418726e-02 9.751557700215857105e-02 3.951589263161604526e-01 2.957505638148315644e-02 -1.230633533249583106e-01
-1.181647293833798101e-01 -2.319541119138144036e-01 -1.125451357316492734e-01 6.741913187615264369e-02 -1.116640714655645489e-01
2.392989196503505014e-02 7.007270144738381168e-02 -3.642613205898120182e-02 -1.705131065531653375e-02 9.740843221940999330e-02
-1.342762265240524111e-01 -2.586821795749981723e-01 -1.141900257024989901e-01 8.669043403523575553e-02 -1.257460172091967310e-01
-1.139903240968592191e-01 -2.088078515484072251e-01 -1.080867656120273052e-01 6.808412277135382495e-02 -8.612382333294715808e-02
-1.269276792045905822e-01 -2.383892887178443443e-01 -1.119534465531970280e-01 7.840579397100229386e-02 -1.065495398722981907e-01
1.323819765884099234e-02 6.070434142471274608e-02 -1.099043508298735150e-01 -2.282530067379376706e-02 1.292150238251023875e-01
-1.201233577565726657e-01 -2.224943159013212379e-01 -1.118248140644755584e-01 7.293340590624980413e-02 -9.417601373232556417e-02
-1.282633120239076441e-01 -2.411788700952272047e-01 -1.119534465531970280e-01 7.937544421556980145e-02 -1.088188142920910040e-01
-6.744021305365058283e-02 -1.662546876502060955e-01 -6.154864490625479301e-02 2.542341914681803955e-02 -1.198606666256126080e-01
-1.287419023661084128e-01 -2.422315016741745652e-01 -1.119534465531970280e-01 7.974020408764274925e-02 -1.096599893345770321e-01
-1.241951216678285896e-01 -2.324340566544760567e-01 -1.115895197032175379e-01 7.652618290151454172e-02 -1.018095314332753826e-01
-2.096800939427666960e-02 -6.036588748445911173e-02 -8.845111063330918233e-02 5.373486073738497314e-03 -1.501901942278752698e-02
-1.260341732675026027e-01 -2.359318503429394531e-01 -1.119917976915202895e-01 7.761485650946352288e-02 -1.047324451869324768e-01
-1.080524690131055010e-01 -2.110466251867923193e-01 -1.096658542707178302e-01 6.605879232312494853e-02 -9.848755270153718155e-02
-1.230314466775654370e-01 -2.298824481085872118e-01 -1.117535995902882717e-01 7.555043217829826574e-02 -1.000571702279647451e-01
-1.023509556548286570e-01 -2.119783970277631102e-01 -9.581478346062233253e-02 5.401617929902008397e-02 -1.160246846005632132e-01
-1.119163057640617936e-01 -2.117477744325581002e-01 -1.087549892900800674e-01 5.935256380189239678e-02 -7.746019659862046769e-02
-1.175424135214897386e-01 -2.172280262426660447e-01 -9.135385916224086911e-02 7.397835848972324213e-02 -1.022826597593560483e-01
-7.591331222175765059e-02 -1.552072519194191980e-01 -3.844314638130001682e-02 4.287176483501994179e-02 -8.489464400757608387e-02
-1.280192907316302364e-01 -2.407592694347227003e-01 -1.119534465531970280e-01 7.922767118232541816e-02 -1.084518082448944765e-01
3.592313175883758702e-02 1.102386220768850067e-01 -1.118470757158637197e-01 -4.024645512918910428e-02 1.703708778267915558e-01
3.592313175883758702e-02 1.102386220768850067e-01 -1.118470757158637197e-01 -4.024645512918910428e-02 1.703708778267915558e-01
-1.219319567280625766e-01 -2.278259664403076146e-01 -1.125919222322459834e-01 7.464977696094193815e-02 -9.759840147304756075e-02
-1.133615536685353975e-01 -2.143315043960455912e-01 -1.112427137208170796e-01 6.258671788884984100e-02 -8.007344497489807256e-02
-8.166672643452597968e-02 -1.774684359023999403e-01 -9.958056224699692038e-02 3.173745705405988521e-02 -9.945939508346612890e-02
-1.275407003894294677e-01 -2.397066378557753397e-01 -1.119534465531970280e-01 7.886291131025245649e-02 -1.076106332024084344e-01
-1.215123407308112691e-01 -2.262720873468458682e-01 -1.102364269197123881e-01 7.464620344122048501e-02 -9.798973063329186051e-02
-1.119569433258239682e-01 -2.057637311572480254e-01 -1.115660700947926354e-01 6.802186432644879988e-02 -8.097528857634038457e-02
-1.269276792045905822e-01 -2.383892887178443443e-01 -1.119534465531970280e-01 7.840579397100229386e-02 -1.065495398722981907e-01
-9.916080713272791558e-02 -2.019553965691644748e-01 -1.019184921660300919e-01 5.318943076835414008e-02 -9.107082883809000662e-02
-1.315649333603824064e-02 -1.633543510823320943e-02 -9.380513076600220657e-02 -4.797221569654851886e-03 5.724904081052231697e-02
2.532008224267090143e-02 8.849255980683698453e-02 -1.050225269180918020e-01 -3.202763642469255712e-02 1.496948108917605103e-01
-3.790403877385910975e-02 -5.050674019888982264e-02 -1.031501716269295904e-01 1.607461760192098812e-02 3.703735354306478961e-02
-1.137008882140722044e-01 -2.106355242311564457e-01 -9.988294243629543268e-02 7.059148758385527800e-02 -9.139902356474806366e-02
-1.129435671777522104e-01 -2.130091640499513772e-01 -1.129495282118291311e-01 6.874294016581648792e-02 -8.371499620906974748e-02
-1.269276792045905822e-01 -2.383892887178443443e-01 -1.119534465531970280e-01 7.840579397100229386e-02 -1.065495398722981907e-01
-1.106556806588262221e-01 -2.219350603987753356e-01 -1.123032002477783037e-01 5.959654688639169640e-02 -1.091000382615935765e-01
-9.491060333412568162e-02 -1.670960492701123734e-01 -8.822556672228742958e-02 5.759132322247564884e-02 -6.611361492298112319e-02
-7.415834418245366433e-02 -1.449421482857728150e-01 -4.777472561101267501e-03 5.604067532522012673e-02 -9.794548817543309582e-02
-1.057886757383815629e-01 -2.106358192431429521e-01 -9.768769677507478655e-02 5.512614076577405930e-02 -1.073168189167767739e-01
3.313065175010682095e-02 1.110033648923637317e-01 -7.473780396020207606e-02 -3.566638262339739962e-02 1.477158419399911271e-01
-1.275407003894294677e-01 -2.397066378557753397e-01 -1.119534465531970280e-01 7.886291131025245649e-02 -1.076106332024084344e-01
-7.870114882740851525e-02 -1.459291508149154759e-01 2.384404937179521178e-03 4.888096792764605458e-02 -1.170058458917913186e-01
6.589366542165150942e-02 1.591508264306372156e-01 -5.539872750072420693e-02 -5.922006389908662793e-02 1.709953730878960576e-01
-1.220958480748677577e-01 -2.236130113609388625e-01 -9.229772726097931757e-02 7.616604372874240247e-02 -1.079957847447249458e-01
6.014125947635509672e-02 1.512635413269467488e-01 -1.135784314396171280e-01 -5.364120066380465013e-02 1.974719158252524476e-01
-2.242600427623946124e-02 -1.619034106914949561e-02 -1.256948101171748156e-02 1.272167558948913112e-02 9.290199688544664713e-03
-1.214087142599154928e-01 -2.271830280962701676e-01 -1.030120812614105097e-01 7.443298621018308581e-02 -1.050437691868754686e-01
2.385323536388495869e-01 7.533884712598751254e-02 -9.838344658514809604e-02 -2.442458896429374957e-03 -2.425876321291957904e-01
-7.212767599435204735e-02 -1.852786659957527948e-01 -1.019612938891735765e-01 2.045155989159553461e-02 -1.289566136939518104e-01
3.335267434397871933e-02 9.852923765392579414e-02 -1.083870941468208365e-01 -3.597990555826999226e-02 1.600180172576905757e-01
-8.753387235656844012e-02 -1.992036909855098847e-01 -1.008271229067568830e-01 4.111875911710187459e-02 -1.232444888602301086e-01
-1.287419023661084128e-01 -2.422315016741745652e-01 -1.119534465531970280e-01 7.974020408764274925e-02 -1.096599893345770321e-01
-2.234050077976777043e-02 -2.004387065649504418e-02 -9.412593785676315328e-02 6.180666084409472058e-03 5.768846704417206206e-02
1.984585246096381705e-01 6.549007488963658197e-02 -1.047437748457181461e-01 -3.058739956322165665e-01 -2.132516255066788657e-01
-3.789840528421594551e-02 -2.002768306236144685e-02 1.993046180403459933e-01 4.577616662750438881e-02 -1.357601902498543345e-01
4.395578088097398806e-02 1.223098871888326500e-01 -1.106380012481462116e-01 -4.097034708966848515e-02 1.647850883710352266e-01
5.538036433383337898e-02 1.541609167213686127e-01 -1.112338117064255866e-01 -5.295758082845547499e-02 1.982241954420843888e-01
-9.981205569660187016e-03 9.412341672697874251e-02 5.335331615282661311e-01 5.509754151027812519e-02 -2.720897636987953949e-01
-1.997218783159239452e-02 -1.334673066466071645e-01 -1.030533829299979665e-01 -3.941639309177009942e-02 -1.404732350297191179e-01
-4.308203274512967945e-02 -1.574855255601380621e-01 -1.058635949788650915e-01 6.217099791813647525e-02 -1.199863366263458214e-01
-1.173439466980862184e-01 -2.218091716996467011e-01 -1.136574241986498118e-01 6.729247071342996100e-02 -8.693418212358058894e-02
-1.268678362558290085e-01 -2.380300599999067845e-01 -1.120404030749361513e-01 7.827405402902576359e-02 -1.062701802617452146e-01
6.406914649828410191e-02 1.283162500296172737e-01 -1.790226203110631409e-03 -6.157888991861404371e-02 1.091096101325600698e-01
5.533448900455695263e-02 1.541957349757261675e-01 -7.011189890717745010e-02 -4.975668147964622257e-02 1.798486643960486298e-01
6.528561893677077566e-02 1.675189070839541994e-01 -1.125767952305858355e-01 -5.997842946104621487e-02 2.180268453641292514e-01
6.614079909908097965e-02 1.322002010594120758e-01 -1.022496928677504163e-01 -6.650507418092636847e-02 1.798956406277689990e-01
-9.202972026637257219e-02 -1.680277889945583913e-01 -1.103520021529927897e-01 5.431431652413833133e-02 -4.964544902027187567e-02
-1.186654097926828078e-01 -2.262868726129296515e-01 -1.125919222322459834e-01 7.397575333546306531e-02 -9.481866102803632179e-02
4.950083306080522993e-02 1.380458860493429252e-01 -1.123555937782610981e-01 -5.016070841094133481e-02 1.945108036936191998e-01
5.577782434293968028e-02 1.518324595440247171e-01 -1.135477662602918103e-01 -5.492923534301515087e-02 2.057712406216301582e-01
5.296778708194015139e-02 1.415640566884216467e-01 -1.112444119737037579e-01 -5.119078030334585361e-02 1.972733216548074320e-01
5.659662791976176333e-02 1.501674457834043797e-01 -1.123212116392198756e-01 -5.416498952063765471e-02 2.043257371063657568e-01
2.577021712073586726e-02 4.791786398699944549e-02 -1.023151657226196026e-01 -1.862048000119500765e-02 1.244533135050800432e-01
6.060616475030472516e-02 1.631470909764867194e-01 2.859074506642832192e-02 -4.914735018878822748e-02 1.198164009581239586e-01
6.017411687813040144e-02 1.592836605569435682e-01 -1.111749511972346255e-01 -5.707439407811629173e-02 2.101453628746677293e-01
5.803746387617532421e-02 1.526232245215133343e-01 -1.136498070766183421e-01 -5.536162968831229159e-02 2.077424717168352142e-01
5.979324112533099256e-02 1.578368676303406049e-01 -1.116418515312160992e-01 -5.681675923108642223e-02 2.101620804751416494e-01
1.161279616573333492e-02 5.536274575659282104e-02 -1.079488432605723858e-01 -2.141408801625225775e-02 1.265792603001582028e-01
2.014980276905033521e-02 7.763017080226958244e-02 -1.038987881347242931e-01 -3.550392555737852396e-02 1.357976721436552348e-01
7.180549601362186396e-02 1.755839518705525626e-01 -3.677989325367377743e-02 -6.237335003126377730e-02 1.727591973536704018e-01
-1.038547148047641172e-01 -1.883174760882837806e-01 -1.100400995087859740e-01 6.166261563450263494e-02 -6.755430666585132693e-02
3.518434463302184956e-02 1.076727622653439465e-01 -1.033971113129916741e-01 -3.832351327476984926e-02 1.639414006715645689e-01
1.195662050141249044e-01 -7.624966910202798931e-03 -1.065191861061821066e-01 -2.125912489453449794e-01 -1.840556946506718972e-01
-1.221196527703307527e-01 -2.262679886001709717e-01 -1.073322178497049528e-01 7.486820845413000303e-02 -1.001482468273998117e-01
-1.104196663805050438e-01 -2.088570983873874742e-01 -6.868659666779219908e-02 7.394281944416324082e-02 -1.074734496131361794e-01
-1.278528144766751251e-01 -2.404381293544864961e-01 -1.119534465531970280e-01 7.911547728254955669e-02 -1.081829965369724561e-01
-1.283314048188758938e-01 -2.414907609334338567e-01 -1.119534465531970280e-01 7.948023715462250449e-02 -1.090241715794584704e-01
-1.158054216672280146e-01 -2.285151894828481578e-01 -1.109609665694983593e-01 6.644117685728090361e-02 -1.121367634282755682e-01
6.639742910595733405e-02 1.723760866116019752e-01 -1.126629156548149546e-01 -6.183127427724800784e-02 2.219110617953679587e-01
-4.596901514797945704e-02 -6.334634581438484957e-02 -1.055326179709364792e-01 2.019092128900328020e-02 2.881597989266191859e-02
7.597787221599761054e-02 1.054653914025864281e-01 -1.107560069179983897e-01 -1.011326937446789531e-01 6.585603514086828258e-02
-1.046261405514489901e-01 -2.079954614307588656e-01 -1.125905332623121369e-01 5.483391794721259593e-02 -9.802724783882334203e-02
-1.240520524158703203e-01 -2.326646087753088676e-01 -1.123522939547816485e-01 7.635562507523177556e-02 -1.015660339019149871e-01
-1.268821638806743868e-01 -2.383983356169694090e-01 -1.119534465531970280e-01 7.840671782987598815e-02 -1.065272260620360040e-01
-1.217203875917907824e-01 -2.284466255059360573e-01 -1.022678458051839157e-01 7.625209241833758034e-02 -1.041183069713931125e-01
-1.271246924920561572e-01 -2.385634440342192519e-01 -1.119534465531970280e-01 7.847139232229499717e-02 -1.067588540786819501e-01
