-1.143248482980048636e-01 -2.134227206179387104e-01 -1.128441688837818618e-01 7.057891544872763046e-02 -8.687908704361602119e-02
-7.624267708242792041e-02 -1.333526905001166107e-01 -1.025127127468014182e-01 4.443255905922326165e-02 -2.886014108390157901e-02
9.633556146736148990e-03 4.577351696548938309e-02 -8.330556347735292022e-02 -1.417623687705938870e-02 1.002418579163562862e-01
6.592605055442168904e-02 1.660610709170331489e-01 5.362223389871759172e-03 -5.320576144586115774e-02 1.363466889986578445e-01
1.132161491124616254e-03 3.899737136637562718e-02 -9.861131842327605646e-02 -1.343623963172456415e-02 9.942721504627809181e-02
3.565298782973652658e-02 2.180387432642968970e-02 3.888763435076484920e-01 5.400350241399183571e-02 -1.779716189795134129e-01
1.097988228581640024e-01 2.404591376143190296e-01 -6.748031571181449528e-02 -4.296614187958942843e-02 1.088922574760259054e-01
-2.769657218386030809e-02 -2.931679645050961139e-02 -9.817653581458039846e-02 1.010804603102434182e-02 4.627112177695823919e-02
-6.244988642295035142e-02 -1.005758459885780776e-01 -9.701694321388108777e-02 3.340159282676932045e-02 -7.694290570353616229e-03
6.503453998337863085e-02 1.687486410212683530e-01 -1.047870579966157095e-01 -5.894068709725966415e-02 2.102082447615669925e-01
5.832387740138365861e-02 1.566988697428167987e-01 -1.140286847908741075e-01 -5.587472825724672243e-02 2.051900266056758682e-01
6.235989086552276572e-02 1.654802291175697659e-01 -1.146643586101126766e-01 -5.907284348235294913e-02 2.128145423970311534e-01
-1.278066593432989895e-01 -2.340887447340798122e-01 -7.714441068949262625e-02 8.280732222583364610e-02 -1.265438256334520117e-01
-1.154291352048130992e-01 -2.187140979315146949e-01 -1.028959258990373021e-01 6.927097709495376454e-02 -1.021915975419973865e-01
2.343763154998878065e-02 8.039741878249476170e-02 -1.045227716219174624e-01 -2.862911355422261342e-02 1.397037468460484988e-01
-6.334390634223384386e-03 1.289268861833303692e-02 -7.181484469841276086e-02 -2.368031970048587939e-03 7.038101497184114097e-02
6.474236080171510976e-02 1.727201848002985762e-01 -4.009976925716341595e-02 -5.187851807386996417e-02 1.740410191285505781e-01
6.868248875094365435e-02 1.746830790036525138e-01 -1.153913997333104180e-01 -6.227225917593862126e-02 2.215178897040733230e-01
5.227034267961060132e-02 1.448805984240799372e-01 -1.136514115005573394e-01 -5.188681256148033882e-02 1.954162038638923571e-01
-9.593597588834007484e-02 -1.934926228502585610e-01 -7.830444217847146171e-02 7.081867970233732268e-02 -1.090184122410608053e-01
5.089822426633246188e-02 1.411358600159739740e-01 -1.139588447109140951e-01 -5.076791550509791862e-02 1.931612968783238404e-01
-1.247356485761505623e-01 -2.351315803722745790e-01 -1.138024489911749204e-01 7.758649447748047767e-02 -1.023503773974867165e-01
-5.541002155480637126e-02 -9.880686469742605560e-02 -1.158373455244227218e-01 1.140553287376194248e-02 -1.809648305838999077e-02
5.948868161281246902e-02 1.573800238096629001e-01 -1.148846770442347870e-01 -5.658795465335686448e-02 2.080779006291374467e-01
-1.090656057943683171e-01 -1.958866146068354852e-01 -9.301523934930468196e-02 6.709819557275072122e-02 -8.505852197576169171e-02
-2.081767851085870522e-02 -2.730551184903300815e-02 -1.022399013344824914e-01 9.393861058995593011e-03 4.800454846836498674e-02
-1.249911406980685341e-01 -2.332775665571510670e-01 -1.040634710788223838e-01 7.840572551927847689e-02 -1.071150162378381593e-01
-1.869690006547758410e-02 6.622450172826729875e-02 5.227723661505224717e-01 6.275835867184449690e-02 -2.795079768863282244e-01
-1.284631714360896237e-01 -2.427116241849493483e-01 -1.136816592079442356e-01 8.032641036966449433e-02 -1.082054671169142834e-01
5.778574840187759853e-02 1.563698058481305664e-01 -1.042806397771540022e-01 -5.451349196435339994e-02 1.984649060145246280e-01
-7.000006469122899144e-02 -1.269240797955606403e-01 -7.229047212463361738e-02 4.731472665294832181e-02 -4.933496229283293455e-02
-5.051411176178313700e-02 -6.950981683562221236e-02 -1.052150569100338273e-01 2.218070843058563696e-02 2.034869640178538913e-02
-1.088117486719470534e-01 -2.021164078482855786e-01 -8.534312599921743681e-02 6.956700942585285208e-02 -9.303791885938987594e-02
5.009807112812142416e-02 1.414707446298157090e-01 -1.149723963424803957e-01 -5.117961819848744487e-02 1.948509627137373912e-01
4.933942241017767738e-02 1.384959543109118285e-01 -1.147223963424803955e-01 -5.002095425387857730e-02 1.921698752480658912e-01
6.409966763561611436e-02 1.664187793806671534e-01 -1.145496248415355245e-01 -5.965954515808351288e-02 2.148835950728081867e-01
6.526377025183467684e-02 1.724244172201389869e-01 -1.152723521142627883e-01 -6.158894691495232776e-02 2.189155278011829797e-01
-1.277383499954179435e-01 -2.413172254908868275e-01 -1.139142173474791131e-01 7.980742849247804416e-02 -1.068929592209936358e-01
-1.298982229143890721e-01 -2.457111009940129431e-01 -1.139142173474791131e-01 8.133722670515720898e-02 -1.105007026689651534e-01
5.469755887282329310e-02 1.249616496341944827e-01 -1.153520974945564520e-01 -4.585114436163495455e-02 1.872675340752182893e-01
5.929134791260851078e-02 1.585452166853832945e-01 -1.153872946429984336e-01 -5.709464204375984397e-02 2.085222780171085977e-01
6.267251133967072230e-02 1.677518733102314197e-01 -1.154056854475961347e-01 -6.010940765162918475e-02 2.154918130242977348e-01
-1.088854089319127721e-01 -1.961046765798099833e-01 -1.116691154274900011e-01 6.453783824873915442e-02 -7.304342261829724348e-02
6.497834155563009251e-02 1.717291889969455865e-01 -1.152723521142627883e-01 -6.134902337759223778e-02 2.183779001918604579e-01
-8.416493422180121309e-02 -1.542266464516622304e-01 -1.114318626531786705e-01 5.131376046340248298e-02 -4.754837489979230752e-02
-1.301334622284575360e-01 -2.461744817645787342e-01 -1.138309129392875152e-01 8.151053895422820383e-02 -1.109386636626215339e-01
6.052576370581054521e-02 1.578236117604718824e-01 -1.141809973905551223e-01 -5.648493473456948910e-02 2.073252305218774294e-01
3.369892593541169712e-02 9.712406389574793075e-02 -1.139610602165172931e-01 -3.636599961203693110e-02 1.619449512498113697e-01
-3.760677442023985240e-02 -4.432153605029769822e-02 -9.546620669862015962e-02 1.373141925727259724e-02 3.877892657698948919e-02
6.450161348821199792e-02 1.695435177235183055e-01 -1.152723521142627883e-01 -6.056725207531647726e-02 2.163712422760815379e-01
2.908342647599539421e-01 1.343896581329617756e-01 -8.382369109993847989e-02 -6.151193752378839030e-03 -2.298716549344725080e-01
-1.164869299831757521e-01 -2.165140717626953815e-01 -9.089734399587706681e-02 7.434818779132357225e-02 -1.013538976545416692e-01
-3.114774089855916472e-02 -4.640956893820757934e-02 -1.012843874352839235e-01 1.629639987298320269e-02 2.886175525145089071e-02
5.566082176868825115e-02 1.506497880041241799e-01 -1.146289214372568088e-01 -5.418730043369066052e-02 2.015400019839678758e-01
-1.029188751855112660e-01 -1.870951398566682577e-01 -1.119205142494366645e-01 6.143993832314517678e-02 -6.482274598546307331e-02
-1.240648309405520539e-01 -2.362096941378164228e-01 -1.148418644188469173e-01 7.773881559272284580e-02 -1.016222093658692149e-01
5.948183083642012703e-02 1.586777259735734358e-01 -1.149203913299490787e-01 -5.683985034673516568e-02 2.076624280672505485e-01
8.245559656453105291e-02 1.339136939168471541e-01 -6.577789018199939330e-02 -7.178061785693032326e-02 1.495010918198148575e-01
7.349650543059658980e-02 1.634772109377311822e-01 -7.564597420563456964e-02 -6.411619433213475161e-02 1.888592786526595846e-01
5.440946671216725927e-02 1.265495430215966555e-01 -9.377195401846823153e-02 -3.935806691119464462e-02 1.546542344085773124e-01
2.350567746824051493e-02 8.010956173784636314e-02 -9.577778997680408413e-02 -2.859887617428318388e-02 1.306294600636146719e-01
5.645104203795160702e-02 1.503755636761241465e-01 -1.137728608311961848e-01 -5.396666515155687516e-02 2.011774157023674681e-01
6.070635867065975189e-02 1.598011247650432953e-01 -1.141809973905551223e-01 -5.711872312171824284e-02 2.083582493355469467e-01
-2.042442014863326410e-02 -3.493201228879422304e-02 -1.148801217712559775e-01 9.755675353315694520e-03 4.561383441915434905e-02
6.132309191601179044e-02 1.415002910302567141e-01 -1.137943147963841745e-01 -6.088507578269858334e-02 1.921437339843957703e-01
6.445655284964091347e-02 1.700674876058030638e-01 -1.154056854475961347e-01 -6.091148998151704741e-02 2.176745257427521452e-01
4.297234961872778425e-02 1.210854352829051628e-01 -1.139993176218734583e-01 -4.414404384834239026e-02 1.791458181806670491e-01
4.635196523182366635e-02 1.301061567610561631e-01 -1.132024264914523876e-01 -4.689156063147813247e-02 1.837245456030183743e-01
-1.018138465158464206e-01 -1.807578584165926427e-01 -9.160165582746283841e-02 6.222807455250628506e-02 -7.464741724346965479e-02
9.196982496847026789e-02 1.813378914530718033e-01 -5.033802683454109694e-02 -4.423807924742038933e-02 1.278684612639881535e-01
5.828994351538199781e-02 1.563086305016140320e-01 -1.155063422620460495e-01 -5.642503182635932868e-02 2.071902160605184062e-01
5.204635794799425397e-02 1.379505845273196751e-01 -1.147858453676361135e-01 -5.025964751607892023e-02 1.939884996489037172e-01
6.187378781433361397e-02 1.599799331755497322e-01 -1.150370579966157325e-01 -5.747779436983169177e-02 2.100546246990520893e-01
6.023948989568900236e-02 1.612779925923147617e-01 -9.450134371090140872e-02 -5.496808931333310722e-02 1.973766784202559965e-01
1.373910993189790264e-01 1.891818192538136101e-01 -8.789411519062940992e-02 -3.950020440183547865e-02 7.407566140356855455e-02
7.383035925448268311e-02 1.721689740188129814e-01 -7.977428032496652888e-03 -5.749445055311774855e-02 1.532237297387102903e-01
5.349619700674357325e-02 1.461465073996516817e-01 -1.041469546284533865e-01 -5.092510760979392093e-02 1.908741495108336184e-01
5.353636394043700952e-02 1.459399943691691015e-01 -1.042786847908741127e-01 -5.100031008925159925e-02 1.913395346380187823e-01
5.318471898401522235e-02 1.480797940908119559e-01 -8.451157161107840377e-02 -4.915848734375552476e-02 1.806443090860944956e-01
5.851069881804539519e-02 1.593779333630112038e-01 -1.152527728262369017e-01 -5.733296832011057498e-02 2.089971631414803965e-01
4.702342714161583670e-02 1.156413069276630290e-01 -7.524390037373049345e-02 -4.724638979571157971e-02 1.495846745435114034e-01
5.149678093734755269e-02 1.414126636093408218e-01 -1.142786164381741770e-01 -5.092910087453618451e-02 1.943154869903071236e-01
1.347603572773214409e-01 9.697113434559839762e-04 -1.158543134134881469e-01 -2.290443489363450658e-01 -1.903371785655305903e-01
-1.220723855539208036e-01 -2.295339464210894298e-01 -1.127466721676940314e-01 7.601357014334567119e-02 -9.878028306533878644e-02
-4.487708039546645100e-02 -8.583776846579950492e-02 -8.798031049806208370e-02 3.130609535637559476e-02 -7.980261538667562590e-03
-1.020375811361537294e-01 -1.888611095864700939e-01 -1.139924466667423114e-01 6.197791738222176161e-02 -6.626987835336207999e-02
-1.064968211707467277e-01 -1.932776882803161900e-01 -9.136225149056752259e-02 6.641431553086130091e-02 -8.468665444680475995e-02
6.259339569082768284e-02 1.636284099749389098e-01 -1.141809973905551223e-01 -5.836670379640165884e-02 2.112499077361843225e-01
5.627676589283672759e-02 1.557468345098306506e-01 -1.050594514938919116e-01 -5.459430007185302192e-02 1.993711089975921391e-01
-8.564025367815342182e-02 -1.552776111804617387e-01 -1.130149413859543595e-01 5.008538988859931318e-02 -3.722217595851149557e-02
3.898528959866107146e-02 -2.162254734628399344e-02 -1.123932369255435104e-01 -7.250919726599636128e-04 1.049838128877819271e-01
4.713563058579721410e-02 1.477485422430760698e-01 -6.962557027967948564e-02 -4.739571452856619627e-02 1.702357884271168964e-01
-1.199869953889313445e-01 -2.284997921327241721e-01 -1.124721280010848590e-01 7.537944727920563304e-02 -9.650655745129435581e-02
4.805249663513408431e-02 1.493589285969274261e-01 -7.937557027967948042e-02 -4.898515889491784903e-02 1.762435230935818220e-01
6.220682400110412458e-02 1.638073556032030587e-01 -1.147870579966157323e-01 -5.849006862454367295e-02 2.113475453672578885e-01
-2.474262816731367942e-02 -2.027220390989719484e-02 -1.138212529551990149e-01 2.277992572757556178e-03 6.878386041133548179e-02
-3.877935257870120112e-04 3.416471577718796504e-02 -1.112694651033579313e-01 -1.518285214421124726e-02 1.124536100737739547e-01
-1.928231254688317006e-02 -6.768726107704849115e-02 -1.156639866438591985e-01 1.812568890833826663e-02 5.065893587351881500e-02
-2.820854449402736622e-02 -5.509267526134839499e-02 -1.137352887443194294e-01 1.528684997703616023e-02 4.839532324500106508e-02
1.049245359940965683e-01 1.573835697771577002e-01 5.213712990393764013e-01 -6.068842234382730572e-02 -2.202417132549839007e-01
2.986977333598439879e-02 9.674120312298628566e-02 -8.382412474740660868e-02 -3.146473522977193127e-02 1.387630676190748369e-01
-6.558706302080213879e-02 -1.112609856890063864e-01 -1.115771217002117233e-01 3.591127969095443684e-02 -6.825042616416530580e-03
-9.759623356091441659e-02 -1.791443544011343536e-01 -1.141883952410118613e-01 5.848730167942356450e-02 -5.696016020109107014e-02
-1.267663999031084787e-01 -2.391241906937456307e-01 -1.155279447589365183e-01 7.910657226615784576e-02 -1.057827347192028949e-01
-1.270547207540642931e-01 -2.396634784275412378e-01 -1.132440266650485278e-01 7.932602221785849117e-02 -1.060246525769116821e-01
5.318116471641125276e-02 1.423123091097916182e-01 -1.120574245131282787e-01 -5.105625073412663195e-02 1.941113369093871444e-01
-1.877101422337741632e-02 -5.861596395385304525e-03 -9.259600766100339886e-02 1.339233684380847569e-03 6.683075466874088821e-02
-1.201010011511483011e-01 -2.292503731391393185e-01 -9.077236354216833281e-02 7.855442819352499717e-02 -1.102362046419467917e-01
-8.583391091064211664e-02 -2.008340732832857023e-01 -1.129056521719772749e-01 3.103091958516828591e-02 -1.176503451401007400e-01
3.652195907686876797e-02 1.134942414106069053e-01 -1.155042736476896426e-01 -4.146242601478575263e-02 1.718824014772030728e-01
5.689817715814786403e-02 1.550692910786148626e-01 -1.139441388285611367e-01 -5.563227286897823309e-02 2.047248238992991354e-01
-1.143490127870376433e-01 -2.096409297107192371e-01 -1.090074929998894604e-01 6.966222474327932179e-02 -8.514566264044777510e-02
-8.810620963822221596e-02 -1.766052223185283765e-01 -2.659669963307595419e-02 6.253455456342145447e-02 -1.126369282775308150e-01
-6.821153156259116002e-02 -1.605740291410882037e-01 -3.524712424074880057e-02 3.473777626234252069e-02 -1.216759518589989736e-01
3.752651475031797135e-02 7.905489565494538962e-02 -8.515024380114029345e-02 -1.783204547710890570e-02 8.601732635918894754e-02
-1.214863369822674899e-01 -2.282315608633847526e-01 -1.127466721676940314e-01 7.556213756501486967e-02 -9.774282284537402776e-02
-1.103759200598299212e-01 -2.127509324055783801e-01 -1.144708795616341673e-01 6.906500398275471075e-02 -8.202152602376634738e-02
3.187957140386288302e-02 8.847050015969878944e-02 -1.103966521251558419e-01 -3.159140241577569619e-02 1.440568972964905992e-01
-1.134969441061100398e-01 -2.164901417250942872e-01 -8.486394735386150467e-02 7.166282671666514281e-02 -1.085569364341129189e-01
-1.243914094094228096e-01 -2.375182711153662751e-01 -9.500970036957405440e-02 8.102293018471186381e-02 -1.143332531581039840e-01
6.927478142362739066e-02 1.703931159409622365e-01 -9.213753843405265986e-02 -5.624316945315867289e-02 1.989577711705753094e-01
9.644863106362278060e-02 1.795311155653498136e-01 2.059020798424076593e-01 -1.729166988348700487e-02 1.928485373092357624e-02
-1.269829689369755821e-01 -2.394307193826035740e-01 -1.134202711184469359e-01 7.922409461120183405e-02 -1.057514570522116865e-01
6.155107535564759147e-02 1.631313710743703960e-01 -1.150370579966157325e-01 -5.832753505573722019e-02 2.113793913818675374e-01
-1.167676047059205968e-01 -2.368268070205762077e-01 -1.139141725819557971e-01 6.830024361043898762e-02 -1.053173276214214721e-01
5.933493861250348222e-02 1.584647615834240131e-01 -1.140286847908741075e-01 -5.646162559924011726e-02 2.066209314857775092e-01
-1.149823605366812745e-01 -2.159424089176071870e-01 -8.490725537525742328e-02 7.080260046427466758e-02 -1.119290648901670598e-01
2.840868536688402265e-02 8.971537150139322070e-02 -1.137087763582141503e-01 -3.318942232265766068e-02 1.523016245578390493e-01
-4.528255622456234253e-02 -7.504770215034467506e-02 -1.096554482719779011e-01 1.589273579734061526e-02 1.659804269943082958e-02
-1.245537935051511114e-01 -2.369274675277424358e-01 -1.140821696913938144e-01 7.820266489984872837e-02 -1.025686325260497939e-01
-1.112494857754268707e-01 -2.110150715185660775e-01 -7.318117545514919720e-02 7.469468214562850761e-02 -1.058389399833350591e-01
-1.208139246440601555e-01 -2.228017565953844814e-01 -1.120554760568552022e-01 7.376094594106087643e-02 -9.397472384989352667e-02
-1.278045375625506686e-01 -2.413725128690091259e-01 -1.142023599677112894e-01 7.978810044775407062e-02 -1.067839023198261933e-01
-1.256432081335961404e-01 -2.341313811259597699e-01 -1.028696549039820468e-01 7.899248396750009615e-02 -1.096610825493726238e-01
-6.940421399142932685e-03 1.769282617517667355e-02 -1.142960448745756474e-01 -1.002236203796780939e-02 9.532184718493313946e-02
-8.632455638037880852e-02 -1.510406197113485227e-01 -1.069164150009706132e-01 5.031632487112598640e-02 -4.272149093473336795e-02
-1.308381745195205670e-01 -2.476351559218820941e-01 -1.139432724898493121e-01 8.200405371643738894e-02 -1.120611756719180202e-01
-1.096134113293475293e-01 -1.965285981747453836e-01 -1.128435885481343104e-01 6.453275500631698580e-02 -7.309765726908516725e-02
4.767920157273668191e-02 1.352338735646390344e-01 -1.045083258902762269e-01 -4.732128087491260793e-02 1.819302744488147106e-01
-8.618276673574400137e-02 -1.662609346820717038e-01 -1.068623083881668767e-02 6.743880851157271761e-02 -1.053045671455803967e-01
-1.187965915987345272e-01 -2.222779385931564211e-01 -1.136488859764039072e-01 7.317653610912089324e-02 -9.224509863339211413e-02
-1.297567082838324837e-01 -2.452274856812228232e-01 -1.134304519770288067e-01 8.123902257569315388e-02 -1.104607786663065333e-01
-1.211324979633220805e-01 -2.353823381899165235e-01 -1.140369167339821826e-01 7.761815112424852448e-02 -1.005254496454174307e-01
3.929010229606541560e-02 1.152889098641037002e-01 -1.151186671920180343e-01 -4.217574724332770475e-02 1.740239743329673183e-01
3.318137570426915595e-02 1.015266514080923332e-01 -9.432747216189443784e-02 -3.490823530432120292e-02 1.518393864558915396e-01
-1.289466348466061785e-01 -2.431853032383337332e-01 -1.140147010612778955e-01 8.045851667013863284e-02 -1.085401458939334318e-01
-1.074486995580863774e-01 -2.047201014424871734e-01 -1.127409351209039123e-01 6.662574759727861451e-02 -7.682643793340784844e-02
1.256807813924012626e-02 5.453064532969903455e-02 -1.130481626536544437e-01 -2.132287018879054988e-02 1.260719581772213327e-01
-1.200464153718206195e-01 -2.273000921264928809e-01 -1.137165518420760330e-01 7.498149183164455611e-02 -9.533578106255698181e-02
-1.261327430434919239e-01 -2.373603302980864804e-01 -1.139808840141457863e-01 7.843440958337594138e-02 -1.038036203043587180e-01
-1.262716001829651824e-01 -2.385633811008491256e-01 -1.123036234005429373e-01 7.894591340916602695e-02 -1.057307898391297296e-01
-1.116149770680951170e-01 -2.028713207710805266e-01 -1.097297660225839827e-01 6.715969594185466907e-02 -7.972069357597644235e-02
-1.266609671136778581e-01 -2.380937833876805854e-01 -1.139142173474791131e-01 7.870754018391613871e-02 -1.045479815238349736e-01
-1.193585650154870836e-01 -2.257304688371091494e-01 -1.150852753803573436e-01 7.506118731099875596e-02 -9.658690973809971880e-02
-9.658900264328669494e-02 -1.751418708219934783e-01 -1.168223161173980867e-01 5.708314725160040792e-02 -5.311694616978229755e-02
-1.224089323587991690e-01 -2.289195944510373781e-01 -1.135691616463862658e-01 7.560062033970867124e-02 -9.764107036130691142e-02
-1.168578493386954881e-01 -2.140518105867476595e-01 -1.009327741174871063e-01 7.211845640998140738e-02 -9.419223540804874673e-02
-8.843940886397241852e-02 -1.526459575003840108e-01 -5.512628043255972388e-02 5.734435427940440255e-02 -7.387561184402741121e-02
-1.093502477078377166e-01 -2.146043897350209673e-01 -1.040575220726704525e-01 7.268107994597351740e-02 -9.661092815633232078e-02
-1.227518015177935101e-01 -2.315274058609252950e-01 -1.034673481701994802e-01 7.747019549986268461e-02 -1.056682620515723980e-01
-6.203774359114965636e-03 2.605775925878091315e-02 -1.121787447517947345e-01 -1.097372613942635203e-02 9.693437783858589729e-02
6.087131549119048635e-02 1.582292856092087918e-01 -1.031809973905550848e-01 -5.520172586087003508e-02 2.011644317317364816e-01
-9.979239323137713280e-02 -1.863688960469710998e-01 -1.143624103390802060e-01 6.086639943737803815e-02 -6.391794121421635888e-02
-1.243047829133435422e-01 -2.367518427191272201e-01 -1.141065187585060259e-01 7.813035986235726538e-02 -1.023117617512819821e-01
-1.200545946346770337e-01 -2.260522749023412825e-01 -9.376720772076127530e-02 7.722570212741756979e-02 -1.065035559223939943e-01
1.509360506418963924e-02 6.056249618388141742e-02 -1.139043113842206773e-01 -2.347341834730049329e-02 1.310529548307481917e-01
-1.267785620840936323e-01 -2.393182794718190509e-01 -9.425045749505581161e-02 8.177956497554651760e-02 -1.173607961579143794e-01
-1.312026583712371519e-01 -2.464723458426008595e-01 -9.556321410829601848e-02 8.461455305384751879e-02 -1.241775938856249234e-01
-1.218373584447095120e-01 -2.287559311830651143e-01 -1.143598797091388009e-01 7.432320276428366901e-02 -9.823105917237653917e-02
-5.917814672780398466e-02 -1.101901796687185381e-01 -1.000466193408508231e-01 3.900025368117780028e-02 -2.748894386690043518e-02
-8.409817231778067559e-02 -1.697053639574477857e-01 -1.158176393780981500e-01 5.420985273278075556e-02 -4.266404199523241014e-02
-1.303427568554857974e-01 -2.465298712389275282e-01 -1.134304519770288067e-01 8.169045515402395541e-02 -1.114982388862712920e-01
-1.121518374082643710e-01 -2.089402876231936101e-01 -1.121532879651400555e-01 6.898941492116796026e-02 -8.275106425296759050e-02
-1.037476386435222803e-01 -2.011329154795115648e-01 -1.150160499046187779e-01 6.536930487855451000e-02 -7.074739481577496658e-02
5.952660951996516792e-01 -1.732743470390954721e-01 -7.142716024004944209e-03 -6.492307211066371542e-01 -2.231742313470596595e-01
1.074587930232701397e-02 3.032107031832613486e-02 -1.130700389461769262e-01 -1.347040615921980475e-02 1.112610526483634593e-01
-1.179063712546088299e-01 -2.164511575068630567e-01 -1.182381337694120710e-01 7.124676678718064315e-02 -8.682582543476760617e-02
5.420954888734119681e-02 1.467527793250790746e-01 -1.121781910015418326e-01 -5.247871626760011732e-02 1.969200406155091343e-01
-1.178271807108522556e-01 -2.134563336688320434e-01 -8.897546990045133997e-02 7.369859414789736718e-02 -1.018870166442190361e-01
-9.781131353440440657e-02 -1.767331594879975043e-01 -1.168223161173980867e-01 5.762365987846666815e-02 -5.458230555224809211e-02
-1.228095809921764536e-01 -2.285640769452871868e-01 -1.141188842721405361e-01 7.549849119737253589e-02 -9.731341682409570815e-02
-1.171649189917875894e-01 -2.147227139740072732e-01 -1.142059318966739817e-01 7.062024493007007520e-02 -8.636420482261533693e-02
-1.077013507977872264e-01 -1.897603503807659686e-01 5.177568614186264795e-03 7.820833676181122851e-02 -1.413752719543837078e-01
-1.009939964943016993e-01 -1.928072120084344532e-01 -7.584511562116347250e-02 7.049539088209363924e-02 -1.083968556803080047e-01
-1.152958058264242219e-01 -2.326756823155964049e-01 -1.140108400574168790e-01 6.372488795893652136e-02 -1.160600322770575371e-01
-9.404279693645753446e-02 -1.751937036593954056e-01 -1.145825078159959654e-01 5.788779560552191616e-02 -6.145911091970598927e-02
-9.178498006191009723e-03 1.112791154373939106e-02 -1.024328515954105179e-01 -5.003071566454075914e-03 8.445339560514070198e-02
5.697992607934447562e-02 1.559009890370474383e-01 -1.155350869014291904e-01 -5.609107285296120737e-02 2.062902848434819414e-01
-1.262768102649050594e-01 -2.376058771931369717e-01 -1.141556979585249404e-01 7.849760631608070083e-02 -1.039119192512536621e-01
-1.083590655729902569e-02 -5.432037331399501567e-02 2.526808172679334552e-01 6.248599727335678311e-02 -1.629037889218334367e-01
-1.308381745195205670e-01 -2.476351559218820941e-01 -1.139432724898493121e-01 8.200405371643738894e-02 -1.120611756719180202e-01
-1.303603386686259524e-01 -2.467558771134159556e-01 -1.140634710788223927e-01 8.167859124235822554e-02 -1.112368225067753846e-01
-1.272952918028683322e-01 -2.396414725093869713e-01 -1.141402149358924784e-01 7.924266745242443399e-02 -1.055567387504719873e-01
-1.308381745195205670e-01 -2.476351559218820941e-01 -1.139432724898493121e-01 8.200405371643738894e-02 -1.120611756719180202e-01
-4.449084223359285606e-02 -6.559373179583151414e-02 -1.136520206300351277e-01 1.981773757836536795e-02 2.976432698726349385e-02
3.164945477025077336e-02 1.491890267195475073e-01 3.897991615585274516e-01 1.317651361675445561e-02 -1.214069541812702185e-01
-1.301437318294813295e-01 -2.460167168524717285e-01 -1.141171855333275725e-01 8.142109519695366060e-02 -1.106851965725616505e-01
-1.308381745195205670e-01 -2.476351559218820941e-01 -1.139432724898493121e-01 8.200405371643738894e-02 -1.120611756719180202e-01
-1.272710692455328030e-01 -2.399194850829789727e-01 -1.141173936278724182e-01 7.933519556232680736e-02 -1.057028307286146940e-01
-1.304790023880356420e-01 -2.469141657130146106e-01 -1.141758306293842035e-01 8.172067342623659525e-02 -1.113218742961071400e-01
-1.290584620079417988e-01 -2.442876825700396048e-01 -1.139142173474791131e-01 8.083540074309392143e-02 -1.092485801992321703e-01
-2.835561894606522526e-02 -2.946207413494894567e-02 -1.146663086562918765e-01 5.288375319565551645e-03 6.255910754840068866e-02
-1.270716566634922939e-01 -2.370571352963163070e-01 -1.064517030707177458e-01 7.965863071982125232e-02 -1.102513055866401331e-01
-1.172708101486223120e-01 -2.242591592549455226e-01 -8.430541504082383897e-02 7.780761379498207786e-02 -1.097486452508359550e-01
-1.155629234368021480e-01 -2.256864830237334252e-01 -1.146186835171903451e-01 6.563781962496705036e-02 -1.050361302174812883e-01
-1.310650509596889834e-01 -2.482165512707193156e-01 -1.141758306293842035e-01 8.217210600456739678e-02 -1.123593345160718709e-01
-1.308381745195205670e-01 -2.476351559218820941e-01 -1.139432724898493121e-01 8.200405371643738894e-02 -1.120611756719180202e-01
3.358655582805310236e-02 1.029680558450608019e-01 -3.611852232314742561e-02 -2.835509708344611038e-02 1.180358917445495925e-01
-1.250494144436138377e-01 -2.346637878806418498e-01 -1.130912488566001711e-01 7.762918397195010811e-02 -1.022880075341327522e-01
2.567474397627267022e-02 4.923250282124704003e-02 -9.662716117689933160e-02 -2.214540090971135397e-02 9.875822371505983688e-02
7.498199903325337978e-02 1.008713719875248827e-01 4.297841161205856464e-01 3.343666862656963917e-02 -1.410817417053755463e-01
-1.243489715369212462e-01 -2.467699648902199061e-01 -9.847988077496269699e-02 8.610222027586543481e-02 -1.362131781120320406e-01
-1.285037893135572429e-01 -2.432480051394602938e-01 -1.141106105114862990e-01 8.033239227570594665e-02 -1.084324348816543271e-01
2.063068310154923465e-02 5.600196627932864379e-02 -1.137858586717098580e-01 -3.157841030349216316e-02 1.243528922741222592e-01
-1.250091053998882429e-01 -2.357835799184478109e-01 -1.146546676836245338e-01 7.769790918510822986e-02 -1.020233483476892938e-01
-1.297742900969726110e-01 -2.454534915557112507e-01 -1.140634710788223927e-01 8.122715866402741014e-02 -1.101993622868106537e-01
-1.297742900969726110e-01 -2.454534915557112507e-01 -1.140634710788223927e-01 8.122715866402741014e-02 -1.101993622868106537e-01
-6.053787267656683679e-02 -1.661322553602928298e-01 -6.984255348315593359e-02 2.103926908481761754e-02 -1.159658616680909887e-01
-1.275968037057132742e-01 -2.409216057847425319e-01 -1.134013968346586076e-01 7.973974891447649371e-02 -1.069145589219967357e-01
-1.270721837656669240e-01 -2.384041746695342578e-01 -1.038413022964196214e-01 8.020173836397537226e-02 -1.112022414159414135e-01
-3.668652136078867643e-02 -6.553756641121555315e-02 -1.054621365544915618e-01 2.175113031357682816e-02 1.990365986800411713e-02
-1.272952918028683322e-01 -2.396414725093869713e-01 -1.141402149358924784e-01 7.924266745242443399e-02 -1.055567387504719873e-01
-1.288042816235216437e-01 -2.437759414806116853e-01 -1.141068412911890179e-01 8.053717773203612762e-02 -1.090498578875127023e-01
-1.231641975432143099e-01 -2.337131899831086101e-01 -1.136447128197150408e-01 7.714810038262376324e-02 -1.003112382508358769e-01
-1.233550609026580619e-01 -2.329911699542926151e-01 -1.025468978133537712e-01 7.831428921216007644e-02 -1.070079717329650432e-01
-1.186632464020892508e-01 -2.240632661912504708e-01 -9.189232007091532872e-02 7.682185358960277877e-02 -1.058600999990603753e-01
-1.112708148378044604e-01 -2.103791051393051892e-01 -8.149232007091533614e-02 7.342301882468324492e-02 -1.005711645006974325e-01
-7.685159883678838177e-02 -1.526006113554150556e-01 -8.207605126460487677e-02 4.287737184772406895e-02 -5.684954336997223578e-02
-1.251000938736475110e-01 -2.369402862226150930e-01 -1.102381113936336532e-01 7.863840852360844125e-02 -1.054358393744184719e-01
-1.285894924053485044e-01 -2.429549765177767273e-01 -1.131688386951237163e-01 8.048052568763502945e-02 -1.087253475101526839e-01
4.590164520025688533e-02 1.280135206096640610e-01 -1.133527841048534712e-01 -4.623860965853791860e-02 1.828700533182678889e-01
4.590164520025688533e-02 1.280135206096640610e-01 -1.133527841048534712e-01 -4.623860965853791860e-02 1.828700533182678889e-01
-1.084371209124073837e-01 -2.018612652755977233e-01 -1.028192161484694361e-01 6.759162992356379518e-02 -8.127725498207090393e-02
-1.250974299168602644e-01 -2.328655667544325403e-01 -1.148052008795097667e-01 7.683794837031091007e-02 -1.002074320692399323e-01
-1.242512719526540771e-01 -2.328984168982251579e-01 -1.039982509609244654e-01 7.814569866440038148e-02 -1.066986687364552266e-01
-1.212502700322623944e-01 -2.324081092971294338e-01 -1.122951399465564881e-01 7.669232682699213266e-02 -9.948937046984057675e-02
-1.302784441937456239e-01 -2.470688290239258234e-01 -1.142598642428295785e-01 8.163836166222791790e-02 -1.114172607892759820e-01
-9.643928127079634538e-02 -1.824905240975670528e-01 -1.138427618100895378e-01 5.976765769894785973e-02 -6.004709935424287770e-02
-1.246457605727976925e-01 -2.369893084148164686e-01 -1.138578107170348241e-01 7.826593520958306793e-02 -1.028700135934667859e-01
-1.228894927752973570e-01 -2.306125356820906691e-01 -1.141924746734664237e-01 7.636589924836507948e-02 -1.000409804687596160e-01
-1.289876833310292792e-01 -2.443057693089177862e-01 -1.141475046922677816e-01 8.069341432168793127e-02 -1.092572885600147786e-01
-1.253089765422651380e-01 -2.369276480728393086e-01 -1.141209503474275577e-01 7.812458362612777207e-02 -1.031829959178466316e-01
1.956529530309555204e-03 2.975165073774825586e-02 -9.397951323779360489e-02 -1.045357625778976438e-02 9.571345693875163430e-02
-3.894873056717286508e-02 -5.521799579215840720e-02 -1.114754352370496554e-01 1.689386828203627913e-02 3.713486448044948235e-02
-1.172634916295507979e-01 -2.236371620815673922e-01 -1.121876536271535496e-01 7.378236134684311442e-02 -9.322188010803925118e-02
-1.273252648699517431e-01 -2.399758450027493495e-01 -1.145670538813701733e-01 7.928987552521908622e-02 -1.054927672801437982e-01
-1.274214318702839022e-01 -2.414086886775865248e-01 -1.141475046922677816e-01 7.967841608863447667e-02 -1.067939202404351168e-01
-1.259762342556592640e-01 -2.374003307261556561e-01 -1.129419951252568916e-01 7.858381326039391712e-02 -1.043773192227181457e-01
-9.583511327726693119e-02 -1.715093780603441642e-01 -1.019745517073690211e-01 5.753203197775695610e-02 -6.041342668589351483e-02
-5.862277077473162373e-02 -1.214437403390378339e-01 3.931311308177623531e-02 5.219906313272840159e-02 -1.058994331764477048e-01
-1.298014566991920193e-01 -2.457958387761146890e-01 -1.143721907826409090e-01 8.132366303923947715e-02 -1.101662180584061790e-01
3.898771634498846006e-02 1.193101493675539360e-01 -7.349223198574084126e-02 -3.784985697980566832e-02 1.508128149236682980e-01
-1.302519445502400286e-01 -2.464398236017102672e-01 -1.142373841223006670e-01 8.154706530120531260e-02 -1.108983036273837736e-01
-9.007443268847936668e-02 -1.638770207533376821e-01 -4.711178615001380271e-02 6.337862935228733008e-02 -9.606566794100217244e-02
6.541768801595147786e-02 1.737402997428273144e-01 -4.009976925716341595e-02 -5.220228911112961834e-02 1.747983468194028722e-01
-1.190164313420122022e-01 -2.164492763489541394e-01 -8.637069427484926620e-02 7.506538477231117223e-02 -1.056339742280016647e-01
5.375255334699625964e-02 1.391060398954642174e-01 -9.457495650688912958e-02 -4.765812849005449103e-02 1.816324142155897325e-01
-4.978147992943441486e-03 2.481377377617319246e-02 -3.526629696658667434e-02 -2.631340418885243573e-03 5.602139562633064174e-02
-1.153461557557516753e-01 -2.158631240224896664e-01 -9.307131670211737928e-02 7.378103989391990303e-02 -9.870149320670607018e-02
2.451763848418106739e-01 9.807143311314364675e-02 -8.460307996283766840e-02 1.579423541579693877e-02 -2.179132131737391287e-01
-1.063401651530517938e-01 -2.093074999925026158e-01 -8.685549039816516104e-02 7.319867924593138897e-02 -1.036654319617439091e-01
4.186687495080329557e-02 1.206862494985284362e-01 -1.134524264914523878e-01 -4.378505390934825381e-02 1.767759121460394933e-01
-8.584609693936869068e-02 -1.828744338049929918e-01 -1.155112453023544455e-01 5.440804530540284401e-02 -5.780822552841342887e-02
-1.303603386686259524e-01 -2.467558771134159556e-01 -1.140634710788223927e-01 8.167859124235822554e-02 -1.112368225067753846e-01
-4.384151319182048173e-02 -6.313073300633911811e-02 -9.190843416301655577e-02 2.179006230719556653e-02 1.987636749200530004e-02
-5.808104272705753857e-02 -6.112755422380593273e-02 1.493976762155569127e-01 5.456037784455565476e-02 -1.361876732150352487e-01
5.227034267961060132e-02 1.448805984240799372e-01 -1.136514115005573394e-01 -5.188681256148033882e-02 1.954162038638923571e-01
5.922419239844858851e-02 1.523417746895955049e-01 -1.127829582951476034e-01 -5.302628131292201619e-02 1.939564273678786310e-01
5.589385089885610947e-02 1.513390172531360323e-01 -1.141941388285611370e-01 -5.436460534582884807e-02 2.017780807273215071e-01
2.806055599595368155e-04 1.063727334241788558e-01 4.342134622031421642e-01 3.698092378521834755e-02 -1.954558803657308885e-01
-8.308554356022364307e-02 -1.628268397145792856e-01 -1.152435675325670095e-01 3.368938386420129022e-02 -6.863524511240226555e-02
-1.432657205262717962e-02 -1.071184734122388738e-01 -8.594881774346618819e-02 5.112103670546104539e-02 -1.125919931379877198e-01
-1.211962162555950129e-01 -2.283220703541948837e-01 -1.148647886931298545e-01 7.517175352319573067e-02 -9.544549947089399355e-02
5.870667925938052867e-02 1.539741681786525873e-01 -1.146289214372568088e-01 -5.541737223350463870e-02 2.051180550108916145e-01
-9.761113752435571222e-02 -1.865050295800077806e-01 -5.534093637190649895e-02 6.762814608151529461e-02 -9.712785628041309405e-02
5.909036762576798385e-02 1.690290904018814933e-01 -5.423361221638975382e-02 -5.234197725192417383e-02 1.775689101420859228e-01
5.948106072828952817e-02 1.579368406871165531e-01 -1.139079183024605535e-01 -5.640454469929609416e-02 2.066618139103510166e-01
5.794585077761382763e-02 1.346451910494939341e-01 -1.157238269776548756e-01 -4.627895506263356162e-02 1.697838669030434788e-01
5.933493861250348222e-02 1.584647615834240131e-01 -1.140286847908741075e-01 -5.646162559924011726e-02 2.066209314857775092e-01
-7.104041306522826393e-02 -1.274700906785724563e-01 -6.973912505295914999e-02 4.784116800077135856e-02 -5.230007452094924403e-02
-8.902760605805863647e-02 -1.630006317381518799e-01 -1.124900089629336797e-01 5.307439272704364552e-02 -4.646081245481042260e-02
-1.128597309369432644e-01 -2.189234064909839350e-01 -1.149133376633130893e-01 7.177943918109945531e-02 -8.630523042851356852e-02
6.239188797692238331e-02 1.497562525938987699e-01 -1.131773456230996816e-01 -5.325714204974517363e-02 1.995708520409597841e-01
5.521852368461975524e-02 1.503189023106072664e-01 -1.141941388285611370e-01 -5.404083430856918002e-02 2.010207530364692130e-01
5.397812504700445768e-02 1.465233131316493465e-01 -1.147659338948010949e-01 -5.263814023544033383e-02 1.979398623593939255e-01
4.445756766789091263e-02 7.739103094426444396e-02 -1.086730788802413722e-01 -2.804185083880211468e-02 1.417038069014241730e-01
6.714503861679631258e-02 1.471590967924319981e-01 -4.760239452566146501e-02 -6.373631421287397070e-02 1.525021094660184429e-01
-1.211757420194452955e-01 -2.257525829337050094e-01 -1.143149906640206076e-01 7.444093656656539104e-02 -9.442017688886708560e-02
6.132602481644293391e-02 1.633582020324070572e-01 -1.147870579966157323e-01 -5.838657498368682308e-02 2.112583270863434282e-01
5.895828280215477391e-02 1.537749868249112528e-01 -1.143936273196097392e-01 -5.532029722557588181e-02 2.049131706130766506e-01
1.233366337597842713e-02 7.298828040328800282e-02 -1.093783694599606421e-01 -2.795657894437508437e-02 1.370461351869064759e-01
5.925880806794719957e-02 1.722269224396673348e-01 -1.926848327369905245e-02 -4.843307075995244293e-02 1.571466671802631832e-01
-1.112480260789938113e-01 -2.078017357256009279e-01 -1.140916009706658407e-01 6.824391888989181365e-02 -7.964561571122524830e-02
5.412915354608716090e-02 1.420026826257223540e-01 -1.136477597331018857e-01 -5.076046031540118464e-02 1.942504729777398409e-01
1.081648492109185677e-01 5.347212210855246950e-03 -6.054465945819943046e-02 -1.739786319478448806e-01 -1.595197687600410918e-01
-1.229070104274491149e-01 -2.317034886372923430e-01 -1.030817736781222405e-01 7.797112899036034994e-02 -1.054666667970691335e-01
-1.035291633023825014e-01 -2.020941584934587976e-01 -3.346931807538142123e-02 7.678757171109988622e-02 -1.207661644020891073e-01
-1.292302798678554021e-01 -2.447216673468181614e-01 -1.141106105114862990e-01 8.084556454669609982e-02 -1.096436807315010059e-01
-1.301334622284575360e-01 -2.461744817645787342e-01 -1.138309129392875152e-01 8.151053895422820383e-02 -1.109386636626215339e-01
-1.200800199245942029e-01 -2.310350632504757640e-01 -1.000007517584544509e-01 7.894597081610878198e-02 -1.145932064789762367e-01
-5.934213811714361686e-02 -9.013702102566398255e-02 -7.474096531992854842e-02 3.376367870097803092e-02 -1.334282229590127468e-02
-2.390161162124992272e-03 1.570985421838687335e-02 -9.956105269221775245e-02 -2.098554464915835735e-02 6.218246983883103651e-02
-9.983007169542279513e-02 -1.965991702806156316e-01 -8.524908677545131597e-02 6.786212145063058587e-02 -8.393584932230285789e-02
5.502974214020499300e-02 1.505881629946258793e-01 -1.148846770442347870e-01 -5.405532670062861145e-02 2.012295256474212757e-01
-1.275668709362743347e-01 -2.407926640202593949e-01 -1.142666473592157117e-01 7.961276507088026200e-02 -1.062489320734024689e-01
-1.271753363874967291e-01 -2.388044426305443169e-01 -1.128031062363679948e-01 7.911397802217991215e-02 -1.059184107714785522e-01
-1.105098315884621984e-01 -2.116023071079312368e-01 -6.302029151949996300e-02 7.621984619387238424e-02 -1.119017431674518420e-01
